version: 1
n_points: 55
{
142.849 406.770
129.164 394.138
122.849 384.138
114.428 379.928
105.480 386.770
101.796 399.401
100.743 412.559
97.586 427.296
98.638 445.191
100.743 458.349
98.638 470.980
98.638 484.138
98.158 498.875
99.897 514.092
105.549 530.614
112.940 544.962
125.984 558.005
141.636 564.527
154.245 562.353
166.418 563.658
145.984 452.353
144.245 434.962
143.375 420.614
133.375 412.353
124.245 404.962
119.027 401.918
105.984 404.962
105.984 414.962
105.549 426.266
105.549 440.179
104.245 454.092
100.766 467.136
99.897 480.614
99.462 492.788
110.766 507.571
146.853 461.049
142.071 468.440
140.766 481.049
142.940 492.353
142.505 502.353
137.288 499.745
135.114 486.701
121.636 486.701
112.071 490.614
114.679 481.049
120.332 468.875
124.245 461.918
131.201 455.832
136.853 451.918
141.201 440.614
107.288 447.571
109.897 438.440
112.071 431.049
115.114 425.397
117.723 414.962
}
