version: 1
n_points: 55
{
855.831 191.169
848.794 178.577
836.942 172.651
823.238 171.169
808.053 177.466
796.571 186.354
788.794 196.725
785.460 211.169
782.497 227.466
782.497 241.540
783.238 251.169
785.460 263.021
790.646 273.021
794.720 282.651
798.794 290.799
804.720 297.095
811.386 303.021
820.646 309.688
832.868 308.577
839.164 305.243
844.720 223.021
846.942 207.095
846.571 196.354
838.053 186.354
823.608 184.873
813.238 186.354
802.868 195.984
796.942 206.354
793.608 212.651
791.016 220.799
789.164 229.688
790.275 239.688
792.127 251.169
795.460 258.577
797.312 267.836
848.423 232.651
843.608 240.058
835.090 250.429
837.683 259.317
836.201 269.317
826.942 262.280
822.497 252.280
809.905 251.540
805.831 244.132
810.275 235.614
818.423 229.688
824.349 222.651
828.053 216.725
836.571 214.873
843.238 215.614
793.608 227.466
798.053 219.317
805.090 211.169
811.016 203.021
816.942 194.132
}
