version: 1
n_points: 55
{
391.250 536.667
371.250 523.167
353.750 513.667
337.750 511.167
319.250 518.667
306.750 533.167
299.750 552.667
295.750 573.167
299.250 597.167
305.750 621.167
311.750 644.667
322.250 662.167
333.750 679.667
345.750 691.667
370.750 709.667
387.750 723.167
404.750 737.667
422.750 744.167
442.250 743.667
466.750 735.667
388.545 615.712
387.636 598.439
382.636 581.621
376.727 567.076
366.273 554.348
354.455 543.439
339.909 542.530
325.364 547.530
316.727 562.985
316.727 586.167
315.818 608.439
320.364 635.258
332.182 650.712
348.091 667.076
370.818 677.530
410.818 621.621
408.545 633.439
409.000 651.621
424.909 662.985
434.909 677.985
414.455 674.348
405.818 663.439
386.727 658.894
369.000 657.530
359.000 642.076
358.091 625.258
357.182 611.621
359.909 600.258
370.364 591.167
382.182 589.803
324.455 627.985
322.182 605.258
325.364 582.076
330.364 565.258
339.000 550.258
}
