version: 1
n_points: 55
{
414.935 324.471
410.467 315.960
401.956 311.492
390.679 309.577
381.318 311.705
374.935 319.577
373.445 330.854
374.084 341.280
375.573 350.216
378.126 359.577
381.318 365.960
386.211 373.833
389.616 378.301
395.148 382.769
401.743 387.024
406.637 390.216
412.382 392.131
418.126 392.131
422.169 390.003
425.360 387.024
408.977 339.152
411.743 333.407
410.892 326.811
406.637 321.705
399.828 318.939
392.169 317.875
384.509 319.365
378.977 322.769
378.339 328.088
378.977 335.535
379.190 342.982
380.254 350.216
381.956 357.237
385.148 363.620
390.467 369.577
414.084 345.109
414.297 351.067
414.935 357.237
418.977 361.918
420.892 369.577
415.360 368.939
408.977 363.407
400.679 363.833
393.871 362.131
390.467 354.897
392.807 346.173
395.573 340.854
398.339 337.663
402.807 334.684
408.126 332.343
381.105 347.237
381.318 340.854
383.658 334.471
386.211 329.365
387.275 322.343
}
