version: 1
n_points: 55
{
227.281 59.795
226.555 54.074
225.555 49.788
223.270 46.931
218.270 46.502
213.841 49.788
211.412 54.217
209.127 58.360
207.698 61.502
205.555 64.788
204.698 67.931
203.555 70.645
202.841 74.217
202.698 78.360
202.984 81.788
203.555 84.931
204.841 86.788
206.412 88.788
208.127 90.645
210.555 91.502
220.698 67.931
222.555 64.502
223.841 61.074
223.698 57.502
222.984 54.360
220.270 51.502
217.698 50.217
214.984 52.502
213.127 55.645
211.270 59.502
209.412 61.931
208.127 65.931
205.984 68.931
205.984 72.502
205.841 76.360
222.412 71.217
219.984 74.074
219.127 75.645
220.127 77.645
218.127 79.931
216.412 77.645
215.698 73.788
213.412 71.788
211.841 69.502
211.412 66.074
211.841 64.074
213.841 62.931
215.841 62.788
218.270 63.217
220.555 63.931
212.698 59.074
214.555 57.788
216.984 56.217
219.270 54.788
221.127 54.074
}
