version: 1
n_points: 55
{
257.706 287.204
249.471 277.498
240.353 269.263
232.706 265.734
225.059 268.675
218.589 277.204
215.647 286.322
214.177 297.498
214.177 308.675
214.765 316.028
214.471 324.263
214.177 331.910
213.883 340.145
213.000 349.557
214.765 360.440
222.118 374.851
232.412 385.734
240.059 393.675
250.647 397.498
260.941 391.910
253.294 318.675
249.765 307.498
248.883 298.087
243.294 288.969
235.059 282.793
229.765 280.440
222.706 283.381
221.236 291.910
221.236 301.322
221.236 309.851
222.706 317.204
221.530 326.322
220.059 337.793
221.236 350.440
230.059 361.910
254.765 322.498
251.236 331.322
251.530 343.087
255.647 351.616
257.118 361.910
250.353 359.851
245.059 356.910
239.471 356.616
234.765 351.910
230.941 345.734
230.647 338.675
232.118 328.969
235.941 323.381
242.706 319.263
250.647 315.440
225.353 313.969
229.471 307.204
231.824 297.204
233.294 290.734
235.059 286.910
}
