version: 1
n_points: 55
{
293.222 997.306
254.222 963.306
214.222 940.306
185.222 942.306
157.222 960.306
148.222 989.306
143.222 1017.306
132.222 1053.306
124.222 1095.306
133.222 1129.306
147.222 1171.306
153.222 1214.306
164.222 1269.306
177.222 1319.306
197.222 1359.306
214.222 1400.306
233.222 1431.306
248.222 1443.306
273.222 1452.306
302.222 1431.306
292.222 1132.306
275.222 1076.306
265.222 1049.306
235.222 1023.306
205.222 997.306
171.222 992.306
159.222 1022.306
150.222 1059.306
147.222 1102.306
157.222 1138.306
169.222 1168.306
170.222 1208.306
177.222 1250.306
196.222 1283.306
214.222 1321.306
286.222 1188.306
270.222 1227.306
264.222 1266.306
283.222 1299.306
284.222 1315.306
267.222 1303.306
260.222 1271.306
241.222 1260.306
231.222 1243.306
236.222 1209.306
244.222 1181.306
248.222 1155.306
259.222 1139.306
273.222 1136.306
288.222 1134.306
175.222 1169.306
178.222 1131.306
188.222 1089.306
194.222 1053.306
201.222 1021.306
}
