version: 1
n_points: 55
{
440.984 452.924
430.639 441.200
419.605 430.855
403.053 426.717
388.915 430.855
379.950 443.269
376.157 458.441
376.501 473.614
376.846 490.165
378.226 505.338
382.364 519.131
387.191 533.269
395.812 547.751
403.743 558.096
417.191 569.820
431.329 577.751
442.019 583.614
455.122 587.751
470.639 587.751
483.053 584.303
440.295 500.510
435.122 485.338
430.639 468.441
422.708 453.614
414.088 444.648
402.019 444.993
393.053 451.545
389.605 463.269
389.260 475.338
388.570 487.062
388.226 501.200
390.639 515.682
395.467 529.476
403.398 539.476
412.019 543.958
447.191 502.924
449.950 518.786
453.398 527.751
460.984 531.545
462.019 543.269
450.639 541.545
444.088 534.648
430.984 535.338
419.950 535.682
408.570 528.786
402.019 514.993
404.088 496.372
414.059 492.269
424.726 488.269
431.392 483.935
391.199 495.701
393.901 483.539
396.063 471.917
399.307 460.296
402.009 451.647
}
