version: 1
n_points: 55
{
408.000 314.000
395.000 304.000
383.000 297.000
368.000 294.000
357.000 300.000
353.000 313.000
354.000 324.000
356.000 332.000
360.000 341.000
364.000 350.000
370.000 360.000
373.000 369.000
377.000 380.000
383.000 389.000
389.000 397.000
394.000 402.000
402.000 406.000
412.000 407.000
417.000 402.000
419.000 396.000
401.000 334.000
394.000 324.000
390.000 316.000
381.000 309.000
374.000 305.000
365.000 305.000
359.000 312.000
359.000 325.000
362.000 333.000
366.000 343.000
370.000 353.000
375.000 360.000
379.000 367.000
384.000 373.000
391.000 381.000
409.000 334.000
403.000 340.000
404.000 355.000
411.000 362.000
409.000 371.000
402.000 371.000
398.000 364.000
391.000 363.000
389.000 358.000
384.000 350.000
384.000 342.000
385.000 337.000
388.000 334.000
392.000 332.000
395.000 329.000
373.000 352.000
372.000 344.000
371.000 332.000
370.000 322.000
369.000 311.000
}
