version: 1
n_points: 55
{
665.947 361.895
652.263 341.368
631.211 329.263
605.421 332.947
587.000 341.895
574.895 358.737
565.947 377.158
562.789 397.158
563.842 414.526
565.421 431.368
571.737 450.316
579.632 464.000
589.632 481.368
598.579 493.474
608.579 502.947
623.842 510.842
633.316 521.895
645.421 530.842
675.421 530.842
681.737 519.789
637.000 417.158
649.632 397.684
647.000 379.789
648.579 361.368
633.316 351.368
611.211 352.421
597.526 361.895
585.947 377.684
580.684 396.632
581.737 417.158
585.947 436.105
591.211 454.000
603.316 472.421
619.105 482.947
633.842 494.000
665.947 429.789
665.947 446.105
668.053 456.105
675.947 460.842
676.474 472.421
670.158 476.632
662.263 470.316
648.053 457.158
630.684 456.105
614.895 455.579
610.158 444.526
609.632 427.158
614.368 415.579
625.947 402.421
643.316 395.053
595.421 449.263
592.789 427.684
594.895 402.947
598.053 385.579
605.947 365.579
}
