version: 1
n_points: 55
{
504.167 730.667
486.833 726.667
470.167 714.000
454.833 705.333
434.167 710.667
416.833 728.000
414.833 762.667
412.905 798.857
410.762 837.429
407.190 876.714
405.048 919.571
407.905 958.857
417.905 1001.000
431.476 1026.714
445.048 1051.714
460.048 1077.429
471.476 1086.000
486.476 1088.143
498.619 1081.714
508.619 1066.000
497.190 838.857
485.762 813.143
470.762 778.143
451.476 756.714
432.905 743.143
428.619 757.429
427.190 782.429
423.619 821.714
412.905 848.143
410.762 871.000
410.048 895.286
412.190 919.571
418.619 941.714
429.333 967.429
444.333 981.000
497.905 853.143
485.048 869.571
477.190 903.143
487.190 923.857
487.190 938.143
466.476 947.429
455.048 936.000
441.476 926.000
432.190 914.571
430.048 891.714
437.190 873.143
451.476 864.571
462.905 860.286
474.333 855.286
493.619 850.286
432.905 816.714
437.905 803.857
443.619 788.857
447.905 777.429
451.476 765.286
}
