version: 1
n_points: 55
{
243.740 369.333
229.052 354.958
217.177 345.896
203.427 344.958
194.677 356.208
194.365 369.958
201.240 381.208
206.865 393.708
210.927 405.271
215.302 417.146
219.052 430.271
222.490 441.833
227.490 454.646
235.615 465.271
239.990 473.708
246.552 479.646
251.552 488.396
257.802 497.458
266.552 499.646
274.990 497.146
249.025 406.025
239.907 393.672
231.377 380.142
220.495 372.495
209.613 367.495
199.319 368.966
200.495 376.025
205.789 382.789
210.789 393.672
213.436 404.554
214.613 413.672
216.966 422.495
221.083 435.436
227.260 443.083
236.966 444.554
256.069 411.753
252.260 423.181
250.355 433.896
258.212 441.991
264.165 451.753
257.736 451.039
249.165 438.658
238.212 434.848
227.022 432.943
220.831 423.419
220.117 413.181
220.355 404.848
225.117 400.324
232.260 398.658
237.260 396.039
214.641 401.515
214.641 394.372
215.593 386.039
216.307 380.562
217.260 374.610
}
