version: 1
n_points: 55
{
312.006 217.759
308.745 212.324
302.658 208.629
296.354 206.455
290.484 209.716
285.919 214.933
282.875 222.324
281.571 230.585
280.267 238.194
280.049 246.455
280.267 253.411
282.223 261.672
285.484 269.063
290.484 274.716
294.124 279.266
300.967 284.880
306.230 288.739
311.668 293.652
316.405 298.038
319.914 300.845
307.956 251.323
309.320 246.778
309.471 241.172
308.259 232.687
306.138 226.323
300.835 220.565
292.956 219.050
289.471 223.596
286.290 232.687
284.017 239.959
283.411 247.081
283.259 254.202
284.926 259.959
289.774 266.778
297.350 273.141
315.987 251.626
312.350 261.020
311.744 268.899
316.441 272.535
317.805 276.626
312.350 272.838
309.168 266.778
302.956 263.899
297.956 261.778
294.926 259.353
290.683 254.202
291.138 248.141
293.714 243.141
299.320 240.717
307.502 239.505
285.077 243.899
286.896 237.384
289.774 230.262
293.562 224.808
297.350 222.535
}
