version: 1
n_points: 55
{
674.000 402.000
656.000 394.000
638.000 385.000
617.000 392.000
607.000 407.000
606.000 426.000
611.000 439.000
618.000 448.000
626.000 456.000
636.000 466.000
644.000 476.000
653.000 484.000
664.000 490.000
675.000 496.000
683.000 504.000
694.000 514.000
704.000 517.000
713.000 510.000
720.000 502.000
719.000 490.000
672.664 430.825
664.950 418.254
653.807 402.254
639.236 397.968
622.950 399.396
613.521 408.254
610.950 418.539
612.379 428.254
618.664 436.825
627.236 445.968
636.950 454.825
640.093 461.396
648.950 470.825
660.664 475.682
676.950 481.396
678.950 420.539
679.236 433.111
686.379 449.111
695.236 455.111
701.236 463.968
690.664 463.968
685.521 461.111
672.950 461.396
668.379 464.254
660.950 457.968
656.950 448.539
657.521 439.111
657.807 432.254
660.664 427.111
663.807 421.111
636.664 449.968
631.236 438.825
629.521 425.682
631.807 413.111
635.236 404.539
}
