version: 1
n_points: 55
{
285.700 289.933
270.033 289.600
255.033 289.933
244.033 296.267
237.367 304.267
234.033 317.267
233.033 333.267
232.700 347.933
232.700 358.267
236.367 370.933
243.033 379.600
250.367 390.267
256.700 400.267
263.700 412.600
271.367 424.267
280.367 436.933
295.700 444.933
310.367 449.933
324.033 443.267
333.700 437.600
302.700 338.600
293.033 327.267
282.367 313.600
269.700 304.933
253.033 304.933
241.700 316.600
240.700 333.600
240.367 350.267
241.700 363.933
251.700 376.267
261.700 387.600
265.700 397.933
270.367 406.600
279.700 411.933
286.367 419.267
302.033 340.933
299.033 344.933
300.367 367.600
309.700 380.933
315.700 393.267
308.367 395.933
300.033 390.267
289.367 394.933
284.700 390.600
285.700 382.600
287.700 368.600
290.033 360.267
293.033 349.600
295.367 343.933
297.033 334.267
261.367 384.267
259.033 367.933
259.033 350.267
258.700 332.933
259.033 313.267
}
