version: 1
n_points: 55
{
456.846 558.000
434.274 553.481
413.024 552.856
394.274 554.106
374.274 569.731
363.024 590.356
354.274 615.356
346.774 642.231
345.524 665.356
354.899 689.731
368.649 714.106
378.649 738.481
388.649 762.856
403.649 790.356
416.774 822.231
426.774 849.731
445.524 874.731
468.024 878.481
489.274 867.231
498.649 849.106
477.399 672.231
467.399 645.356
458.649 623.481
446.774 597.856
428.024 584.106
401.774 582.231
383.024 604.731
369.274 629.106
364.274 654.731
370.524 685.356
389.274 712.856
399.899 740.981
408.649 764.731
424.274 787.231
436.149 795.981
477.399 686.606
474.274 699.731
474.274 715.981
484.899 725.981
490.524 743.481
489.274 759.731
474.899 762.856
461.774 756.606
441.774 760.356
429.899 750.981
421.149 730.356
417.399 709.106
423.649 688.481
437.399 673.481
458.024 662.856
389.899 696.606
392.399 668.481
396.149 645.981
402.399 619.731
414.274 597.231
}
