version: 1
n_points: 55
{
304.994 266.643
292.494 260.810
278.744 254.976
267.494 258.310
259.994 269.560
256.661 282.060
254.994 297.476
258.744 311.643
262.077 321.643
266.244 331.643
269.994 342.476
273.327 353.726
277.077 362.893
282.077 374.560
289.577 384.143
298.327 392.476
307.494 397.476
317.077 399.976
328.744 398.726
339.577 389.976
318.327 315.393
311.661 302.893
303.327 289.143
294.161 277.893
282.494 271.226
269.994 272.476
264.994 284.976
263.327 299.560
267.494 311.643
273.327 324.560
277.494 334.976
281.661 346.643
287.911 355.810
292.077 362.060
297.911 366.643
324.462 318.958
320.017 328.587
320.758 336.735
326.313 340.439
326.684 353.032
314.462 356.735
303.351 356.365
298.536 345.624
292.239 338.217
294.832 328.587
297.795 321.921
302.980 314.884
304.832 308.958
306.684 305.995
310.758 305.995
276.684 325.254
277.425 311.921
276.684 300.439
276.684 285.995
280.388 275.995
}
