version: 1
n_points: 55
{
706.825 778.481
686.825 760.623
661.825 747.766
636.825 744.195
621.004 757.039
611.530 780.197
609.951 801.250
613.635 824.408
619.951 848.618
625.214 874.934
629.951 903.882
635.741 927.039
642.583 959.145
649.951 980.724
661.039 1003.004
671.039 1020.338
687.706 1035.671
703.706 1039.004
721.039 1033.671
734.372 1027.671
707.706 854.338
705.039 834.338
698.372 805.671
683.039 791.671
661.706 781.671
644.372 774.338
627.706 776.338
621.706 792.338
622.372 811.004
627.039 832.338
629.706 857.671
631.706 880.338
637.706 903.671
648.372 925.004
656.372 942.338
713.706 901.004
707.039 917.671
703.039 934.338
709.039 947.004
711.706 961.004
702.372 950.338
695.706 931.004
677.706 925.004
665.039 915.004
657.706 896.338
655.039 883.004
655.706 865.004
665.706 853.671
676.372 842.338
693.039 829.671
631.706 849.004
631.039 830.338
631.706 814.338
632.372 798.338
633.039 779.671
}
