version: 1
n_points: 55
{
304.583 769.444
277.986 745.903
245.764 724.792
217.986 714.236
204.653 718.125
191.319 733.125
181.319 756.458
178.542 789.236
179.653 815.347
186.319 846.458
192.986 874.792
202.431 903.681
217.431 932.014
235.208 954.792
255.208 977.014
273.542 990.903
295.208 1002.569
319.097 1014.792
344.097 1019.236
372.610 1023.844
297.316 845.609
289.081 824.432
280.846 799.726
270.846 778.550
256.728 761.491
240.846 750.315
219.081 753.256
203.787 760.903
200.257 777.373
199.081 795.609
201.434 817.373
204.963 843.844
210.257 869.726
218.493 895.020
232.610 920.315
308.493 852.079
302.022 875.020
313.787 914.432
325.551 923.256
332.610 940.315
316.728 935.609
309.081 923.256
290.257 916.197
264.963 905.609
254.375 889.138
249.669 873.256
251.434 852.667
257.316 835.609
272.022 821.491
282.022 816.197
209.081 829.138
211.434 809.726
213.199 788.550
214.375 771.491
217.316 760.903
}
