version: 1
n_points: 55
{
375.500 1222.000
349.500 1168.000
307.500 1129.000
273.500 1107.000
248.500 1108.000
219.500 1126.000
196.500 1153.000
181.500 1201.000
182.500 1245.000
196.500 1281.000
217.500 1330.000
222.500 1386.000
223.500 1451.000
229.500 1514.000
238.500 1569.000
259.500 1619.000
295.500 1656.000
335.500 1677.000
387.500 1673.000
429.500 1640.000
357.500 1347.000
334.500 1279.000
308.500 1215.000
275.500 1161.000
242.500 1143.000
219.500 1161.000
205.500 1210.000
205.500 1254.000
228.500 1291.000
247.500 1326.000
248.500 1355.000
244.500 1395.000
245.500 1435.000
259.500 1462.000
276.500 1482.000
397.500 1381.000
372.500 1417.000
356.500 1462.000
365.500 1495.000
369.500 1523.000
356.500 1485.000
342.500 1468.000
302.500 1463.000
284.500 1426.000
289.500 1395.000
304.500 1361.000
320.500 1339.000
329.500 1327.000
334.500 1323.000
345.500 1321.000
258.500 1306.000
265.500 1287.000
251.500 1248.000
252.500 1221.000
259.500 1197.000
}
