version: 1
n_points: 55
{
341.144 310.386
331.884 300.757
317.810 293.349
307.810 291.127
299.662 295.942
295.588 305.201
293.366 319.275
292.625 333.349
295.218 341.868
300.773 352.238
303.736 365.942
306.699 379.646
313.736 391.497
320.403 400.757
326.699 410.757
332.625 420.757
341.144 427.053
351.884 428.164
358.181 425.571
364.106 424.831
348.181 343.349
342.255 333.720
337.440 322.238
326.699 315.201
317.440 309.275
303.366 306.312
299.292 312.238
298.181 324.460
297.440 336.683
301.514 345.571
304.847 355.571
305.958 362.979
309.662 373.349
315.218 381.868
324.847 388.164
355.958 348.905
350.773 356.312
349.292 367.053
353.736 378.534
352.995 386.683
344.106 387.053
337.440 379.646
327.810 377.794
319.662 373.720
313.366 365.571
312.625 355.571
315.588 347.053
323.366 342.608
331.144 338.534
339.292 334.831
306.329 348.164
307.069 340.016
307.810 333.720
306.329 322.238
307.810 313.720
}
