version: 1
n_points: 55
{
279.558 433.791
263.789 422.253
246.481 411.483
230.327 408.406
216.096 414.560
208.019 429.176
204.558 443.791
205.712 458.406
212.250 474.176
214.173 490.329
214.173 506.483
216.096 524.945
223.019 543.406
231.866 560.714
244.173 577.253
256.866 588.791
272.635 594.945
288.019 596.483
298.789 595.714
307.635 591.483
270.327 486.483
268.404 466.483
264.173 449.945
256.481 436.483
242.635 428.022
225.327 433.791
214.558 441.868
215.327 459.176
221.481 472.637
219.942 482.253
221.096 493.791
223.789 506.483
223.789 518.406
227.250 526.868
234.173 532.253
288.019 501.483
282.635 518.022
278.019 527.253
282.635 539.945
282.635 549.560
278.404 538.791
274.173 528.406
262.250 523.406
247.250 523.406
238.019 514.945
234.942 499.945
234.173 486.483
237.635 476.099
249.558 468.022
262.635 466.099
222.635 476.868
224.942 469.176
224.942 459.945
224.558 450.329
223.789 442.637
}
