version: 1
n_points: 55
{
272.350 375.775
257.950 366.575
241.550 360.175
225.950 362.575
213.550 373.375
209.150 389.375
208.750 407.775
209.550 422.575
210.750 436.175
215.550 447.375
221.150 461.375
227.150 474.175
232.750 484.975
240.350 500.575
249.550 511.375
259.150 522.175
268.750 526.975
277.950 532.575
290.750 534.575
301.550 529.775
279.950 427.375
273.150 410.175
266.350 396.575
257.950 384.575
245.950 380.575
233.950 380.575
222.750 387.775
219.150 396.975
217.150 412.175
218.750 427.375
223.150 443.375
228.350 455.775
233.950 470.175
243.550 483.375
253.550 488.575
282.750 434.175
281.150 447.375
283.150 456.575
288.350 463.375
292.750 474.575
281.950 474.575
273.950 471.375
262.350 473.775
249.950 469.775
241.150 460.175
243.950 449.375
251.150 438.175
256.350 429.375
263.150 422.575
272.750 420.975
232.750 454.175
233.950 435.775
235.550 418.975
239.150 400.975
243.150 389.375
}
