version: 1
n_points: 55
{
330.000 426.000
316.000 408.000
303.000 394.000
282.000 386.000
267.000 390.000
261.000 404.000
256.000 419.000
260.000 434.000
266.000 449.000
271.000 468.000
279.000 485.000
288.000 504.000
299.000 518.000
309.000 529.000
320.000 540.000
329.000 549.000
340.000 556.000
352.000 557.000
364.000 552.000
372.000 541.000
329.000 454.000
321.000 439.000
313.000 423.000
305.000 409.000
298.000 403.000
287.000 402.000
276.000 406.000
270.000 409.000
269.000 419.000
273.000 433.000
276.000 446.000
278.000 462.000
282.000 474.000
291.000 491.000
302.000 503.000
341.000 452.000
338.000 460.000
340.000 478.000
351.000 489.000
357.000 503.000
341.000 499.000
332.000 492.000
320.000 493.000
311.000 488.000
304.000 477.000
302.000 468.000
304.000 458.000
306.000 451.000
310.000 443.000
317.000 439.000
278.000 440.000
277.000 429.000
277.000 420.000
277.000 415.000
277.000 410.000
}
