version: 1
n_points: 55
{
535.000 628.000
511.000 618.000
485.000 610.000
454.000 606.000
432.000 621.000
414.000 648.000
407.000 677.000
408.000 709.000
417.000 741.000
429.000 768.000
442.000 791.000
459.000 816.000
479.000 842.000
499.000 861.000
518.000 876.000
538.000 887.000
561.000 896.000
579.000 898.000
592.000 896.000
605.000 894.000
547.000 719.000
543.000 699.000
534.000 671.000
516.000 654.000
496.000 639.000
472.000 636.000
448.000 644.000
429.000 661.000
427.000 684.000
428.000 712.000
437.000 740.000
449.000 761.000
462.000 789.000
480.000 810.000
506.000 822.000
567.000 714.000
560.000 736.000
559.000 769.000
573.000 779.000
581.000 800.000
564.000 802.000
549.000 790.000
525.000 794.000
507.000 790.000
501.000 765.000
504.000 744.000
511.000 732.000
516.000 719.000
519.000 709.000
534.000 700.000
469.000 785.000
454.000 754.000
454.000 733.000
455.000 693.000
468.000 657.000
}
