version: 1
n_points: 55
{
447.000 522.000
431.000 489.000
409.000 459.000
379.000 444.000
357.000 455.000
348.000 484.000
344.000 510.000
343.000 538.000
343.000 576.000
343.000 608.000
348.000 636.000
357.000 661.000
364.000 680.000
376.000 702.000
389.000 724.000
405.000 736.000
423.000 746.000
437.000 748.000
455.000 745.000
470.000 736.000
441.706 593.134
436.412 576.076
424.647 556.076
415.235 516.076
404.647 500.782
379.941 485.487
355.235 486.664
354.059 520.193
354.647 540.193
359.353 560.193
353.471 583.723
351.118 610.193
356.412 636.664
365.235 656.076
387.588 676.664
447.588 597.252
442.294 610.782
436.412 631.370
449.353 650.782
455.235 674.899
437.588 671.958
428.176 660.193
400.529 649.605
393.471 630.193
397.588 605.487
399.353 586.076
403.471 573.723
408.765 567.252
414.647 564.899
422.294 560.782
379.353 655.487
361.118 627.252
360.529 593.134
367.588 564.311
387.000 512.546
}
