version: 1
n_points: 55
{
224.868 373.241
210.997 362.919
196.803 350.338
183.255 343.241
170.997 344.854
164.868 352.919
161.319 362.596
160.352 375.177
163.577 389.370
167.448 402.596
173.577 416.144
179.384 428.080
183.577 440.661
189.384 453.241
197.448 463.886
203.900 470.983
211.319 481.628
221.642 488.725
233.255 489.693
242.932 485.822
220.674 401.951
212.610 389.693
204.868 378.080
194.223 369.370
184.545 361.306
176.481 359.693
170.352 360.015
166.481 367.435
166.481 377.112
169.384 389.693
174.545 401.951
179.706 413.241
181.642 426.144
192.287 439.693
201.642 448.080
228.416 406.790
224.868 416.467
225.513 430.338
231.319 439.370
233.255 448.080
227.126 447.112
219.706 440.983
212.932 434.209
201.964 433.886
192.932 428.080
188.416 419.370
190.997 406.790
197.771 401.951
205.835 395.822
210.029 392.596
180.352 408.080
181.319 399.048
180.029 391.951
174.868 381.628
171.964 371.951
}
