version: 1
n_points: 55
{
434.667 524.286
414.190 515.714
390.381 513.810
368.000 520.476
356.571 534.762
352.286 554.762
355.619 578.095
361.810 593.333
369.429 609.524
376.571 625.714
392.286 642.857
409.905 655.714
425.143 664.286
438.952 666.190
452.762 673.333
468.952 674.286
480.381 672.857
489.429 664.762
491.333 653.333
490.381 641.905
441.810 575.238
432.762 559.048
423.714 546.190
409.429 537.143
394.190 534.286
377.524 540.476
363.714 556.667
365.143 573.333
370.857 589.524
375.143 600.476
381.333 610.952
390.381 620.476
401.810 632.381
410.857 639.524
416.095 641.905
451.810 576.667
449.905 587.143
455.143 602.381
469.905 611.429
471.810 625.714
456.095 624.762
440.381 621.905
424.190 621.429
408.952 622.381
399.429 610.476
403.238 593.333
408.000 584.286
414.190 578.095
422.762 571.905
432.762 567.619
389.429 607.619
384.667 592.857
385.143 574.286
391.333 560.000
398.952 548.571
}
