version: 1
n_points: 55
{
305.308 137.500
294.951 131.071
286.737 121.786
272.094 117.857
263.701 120.786
256.844 127.929
253.130 135.643
250.558 145.643
251.416 156.214
253.701 167.643
255.130 175.929
256.558 187.929
260.844 200.214
266.273 209.929
271.701 215.929
279.987 220.786
287.416 224.214
294.558 224.786
300.558 221.357
303.701 213.357
294.558 162.500
291.130 147.643
287.701 138.214
279.701 129.643
269.987 127.071
262.273 131.071
258.273 139.071
256.273 147.929
257.701 157.071
259.416 165.071
260.558 171.357
261.987 177.929
264.558 186.500
270.273 191.643
275.130 197.357
298.844 165.929
297.416 173.071
295.416 177.643
299.701 183.929
299.701 190.214
292.273 193.071
284.558 191.929
278.558 191.071
274.273 185.357
270.844 178.786
270.558 170.786
272.273 163.929
277.987 160.500
285.130 157.929
292.558 156.786
262.558 166.214
264.273 156.786
266.844 149.643
269.416 142.500
270.844 134.786
}
