version: 1
n_points: 55
{
840.834 517.893
826.717 491.422
805.540 469.658
784.952 459.070
769.070 467.305
756.128 484.952
750.834 509.658
750.246 533.775
755.540 560.834
763.187 590.834
770.246 617.305
784.364 641.422
796.128 662.011
811.422 678.481
822.011 689.070
835.540 706.717
843.187 723.187
859.658 729.070
876.128 724.364
886.717 712.011
837.305 571.422
827.305 550.834
819.658 529.658
810.246 505.540
796.128 489.658
782.599 479.658
768.481 494.364
764.952 516.128
764.364 539.070
768.481 560.834
773.187 583.775
777.305 605.540
787.305 625.540
798.481 640.246
809.070 654.364
840.834 589.658
837.893 608.481
842.599 624.952
852.011 632.599
854.952 644.364
844.364 642.599
834.952 627.305
820.246 624.364
806.717 627.305
799.070 615.540
792.599 600.246
793.775 583.187
797.305 570.246
810.246 558.481
822.011 549.658
779.070 567.305
780.246 550.834
783.187 530.246
784.364 513.187
782.599 497.305
}
