version: 1
n_points: 55
{
249.298 429.719
225.088 404.982
201.930 382.877
176.140 376.035
152.456 388.667
140.877 411.298
135.614 436.561
135.088 460.772
136.667 480.246
139.298 504.982
143.509 526.035
148.246 547.088
156.667 572.877
165.614 595.509
185.088 613.930
198.772 628.667
211.930 642.351
229.298 654.982
247.719 658.667
270.877 660.246
242.982 513.930
237.193 483.930
225.614 450.246
214.035 432.351
199.298 416.035
185.614 401.825
167.193 407.088
153.509 420.246
151.930 441.825
152.982 471.298
157.193 498.140
153.509 516.561
154.035 534.456
161.930 553.404
179.298 568.140
250.877 512.877
241.404 531.825
241.404 545.509
248.246 554.456
251.930 574.456
236.140 571.825
223.509 550.246
211.930 548.140
194.561 551.298
179.825 541.298
170.351 528.140
178.246 509.719
190.877 492.877
207.719 481.298
229.298 474.456
159.298 489.193
165.088 470.246
172.456 446.561
180.877 429.719
190.351 418.667
}
