version: 1
n_points: 55
{
201.308 126.018
192.736 111.256
184.641 98.399
175.117 93.637
162.260 97.923
154.641 108.399
150.355 116.495
147.498 127.923
142.736 141.733
138.927 152.685
133.689 166.971
134.165 184.590
136.546 201.256
140.355 216.495
150.832 234.114
158.927 244.590
168.451 252.685
176.070 258.875
186.070 258.875
191.308 251.256
197.022 170.304
195.593 153.637
195.117 136.495
190.355 125.066
182.260 113.637
173.212 104.114
162.260 113.161
158.451 126.018
153.689 139.828
146.546 154.114
140.832 166.971
139.879 181.256
146.070 201.256
152.260 216.971
159.403 232.685
196.546 179.352
191.784 189.828
192.736 202.685
197.022 210.780
194.641 221.256
179.879 215.066
171.784 202.209
157.022 198.399
150.355 191.733
152.736 177.447
157.498 166.495
164.165 158.399
173.212 155.542
184.641 159.352
194.641 158.399
157.974 152.209
165.593 139.828
170.832 132.685
174.641 125.542
177.022 120.780
}
