version: 1
n_points: 55
{
215.258 427.953
204.488 418.722
189.104 411.415
176.796 410.645
166.796 416.415
162.181 427.568
160.258 441.799
160.642 459.492
161.027 476.415
162.950 488.338
164.873 502.184
168.719 519.876
175.258 535.261
185.258 550.261
192.565 562.953
202.565 574.492
214.873 587.953
229.873 596.799
242.950 595.261
255.642 589.876
217.565 476.030
210.642 459.492
203.719 446.415
193.719 438.722
182.565 432.184
176.412 431.030
169.104 437.953
168.719 454.876
169.104 471.799
168.719 481.415
167.181 491.799
169.104 505.261
170.642 516.799
177.565 526.415
189.104 537.953
224.873 492.568
222.950 506.415
219.873 518.338
225.642 530.645
231.412 543.338
221.412 537.568
213.335 524.107
199.104 520.645
188.719 517.953
179.873 507.568
180.258 494.492
184.873 485.261
192.181 478.722
204.104 478.338
214.488 480.261
172.794 460.525
174.981 451.775
177.481 448.025
179.356 442.713
179.981 437.400
}
