version: 1
n_points: 55
{
886.930 128.232
885.165 125.644
881.636 125.527
878.812 126.938
877.048 128.585
876.106 131.056
875.871 133.762
875.871 136.232
876.106 138.703
876.695 140.232
877.754 141.879
878.812 143.879
879.754 145.644
880.459 147.409
881.165 148.821
881.871 150.350
882.812 151.291
884.577 151.644
885.754 151.644
887.636 151.644
885.165 135.879
884.812 133.056
884.342 129.644
883.636 127.762
882.106 128.468
880.342 129.644
879.989 131.527
878.812 133.291
878.224 135.056
878.224 136.938
878.342 138.350
878.577 139.527
879.165 140.703
880.342 141.291
880.812 142.821
887.283 135.527
886.342 137.056
886.342 139.762
887.871 140.703
888.459 143.879
887.283 143.762
886.930 141.879
885.283 141.879
882.695 141.174
880.695 139.527
880.695 137.409
881.636 136.115
882.930 136.115
884.106 135.527
885.048 134.938
879.727 136.684
880.301 135.420
880.761 134.385
881.451 132.431
881.451 130.362
}
