version: 1
n_points: 55
{
373.461 369.979
360.427 363.289
345.721 357.407
330.427 359.760
321.898 371.818
319.839 389.171
320.427 402.112
322.780 414.171
327.486 426.230
333.662 440.642
340.133 455.348
344.839 467.701
356.898 480.348
366.015 488.289
371.015 497.701
377.192 502.995
386.309 509.171
394.839 510.054
406.015 505.642
414.251 501.230
386.309 417.407
380.427 407.701
376.015 398.877
371.015 390.936
360.427 382.112
350.721 375.348
338.956 375.642
329.839 378.583
327.780 387.995
328.662 398.877
331.015 410.642
335.721 421.524
336.898 434.465
342.780 446.818
351.015 455.348
398.662 422.112
394.251 428.583
393.074 442.407
398.662 448.877
401.309 458.289
393.956 458.583
378.368 446.524
371.309 445.642
364.839 448.877
353.368 444.171
346.898 432.995
348.662 423.583
353.368 415.936
364.251 410.642
375.427 405.642
336.309 417.407
337.780 409.760
336.898 399.465
337.192 389.171
341.015 382.407
}
