version: 1
n_points: 55
{
439.769 494.154
412.846 470.308
385.923 455.692
369.000 453.385
346.692 458.000
322.077 473.385
301.308 498.000
287.462 529.538
276.692 562.615
272.846 596.462
272.077 626.462
269.769 663.385
275.154 694.923
281.308 723.385
292.846 760.308
312.077 794.154
342.846 827.231
377.462 852.615
419.769 861.077
455.923 826.462
424.385 658.769
437.462 626.462
435.154 570.308
424.385 533.385
403.615 501.077
383.615 488.000
345.923 496.462
330.538 515.692
312.077 549.538
298.231 584.923
285.154 618.769
282.077 650.308
284.385 676.462
302.077 718.000
323.615 768.000
439.000 673.385
434.385 701.846
429.000 732.615
441.308 752.615
442.077 780.308
412.077 771.846
393.615 734.923
367.462 721.846
347.462 709.538
335.923 683.385
335.154 658.000
359.769 649.538
376.692 625.692
396.692 608.769
433.615 603.385
302.077 591.846
309.000 574.154
317.462 554.154
327.462 528.769
351.308 504.154
}
