version: 1
n_points: 55
{
658.158 268.005
654.158 253.339
645.824 242.005
634.491 232.005
620.158 227.339
608.491 234.005
601.491 246.005
601.491 260.005
602.824 273.672
606.158 289.339
612.158 303.005
617.158 313.672
623.824 326.005
630.491 337.005
639.824 347.672
645.939 354.422
652.189 360.985
659.064 366.610
665.626 369.110
672.814 372.235
657.501 290.985
650.939 279.735
646.564 264.735
639.689 256.297
632.501 246.922
623.751 245.047
611.251 245.985
609.376 255.360
610.626 268.797
610.626 279.735
612.501 292.547
618.439 305.985
621.564 314.422
626.876 319.735
633.126 325.672
662.814 301.922
661.876 317.547
663.126 327.547
667.814 330.360
668.751 337.547
663.126 332.547
656.876 321.610
648.126 316.922
636.876 317.235
626.564 309.110
621.876 299.422
620.626 285.985
628.126 280.672
636.251 279.110
645.939 277.235
615.626 296.297
613.751 285.047
615.939 271.610
619.064 260.672
623.126 251.610
}
