version: 1
n_points: 55
{
410.439 212.904
402.439 206.904
395.939 202.404
386.689 203.404
380.439 212.404
378.320 217.956
378.087 226.328
379.250 234.468
380.413 242.607
382.506 250.979
385.297 258.421
388.552 265.863
391.576 272.375
395.529 280.282
399.948 286.096
403.901 293.305
409.483 300.747
417.157 305.165
427.855 305.165
435.064 298.886
412.506 246.096
410.413 236.328
406.692 224.933
400.413 216.793
393.436 211.910
385.994 214.700
381.576 222.375
382.041 230.514
383.436 238.189
386.227 242.840
386.925 250.979
389.250 257.956
392.506 264.235
394.832 268.189
399.250 271.445
421.576 249.119
421.343 255.398
419.483 261.212
422.041 266.096
425.064 272.607
420.413 272.607
414.366 267.491
404.599 266.328
399.018 263.538
395.994 257.956
395.297 252.142
395.994 247.026
399.250 243.770
402.739 240.514
407.622 238.189
388.087 247.258
387.622 238.654
386.925 230.979
387.157 224.235
389.715 217.724
}
