version: 1
n_points: 55
{
432.273 818.182
403.182 790.000
373.182 767.273
343.182 760.909
314.091 774.545
295.909 804.545
285.909 842.727
281.364 881.818
278.636 918.182
281.364 968.182
285.000 996.364
294.091 1027.273
304.091 1048.182
324.091 1081.818
338.636 1110.909
367.727 1150.000
410.455 1175.455
453.182 1185.455
480.455 1178.182
501.364 1156.364
458.636 962.727
435.000 919.091
403.182 860.909
376.818 835.455
348.636 816.364
315.000 815.455
310.455 838.182
310.455 866.364
308.636 896.364
305.000 927.273
305.909 962.727
311.364 987.273
314.091 1012.727
322.273 1034.545
338.636 1057.273
459.545 990.000
444.091 1024.545
451.364 1053.636
473.182 1074.545
476.818 1093.636
453.182 1085.455
435.000 1066.364
409.545 1042.727
386.818 1020.909
375.000 991.818
385.909 967.273
405.909 955.455
407.727 939.091
411.364 927.273
427.727 920.000
310.455 940.909
317.727 909.091
330.455 885.455
333.182 859.091
340.455 840.909
}
