version: 1
n_points: 55
{
256.542 481.611
240.708 468.694
225.708 454.111
208.208 452.861
197.792 464.111
193.208 484.111
194.458 503.278
199.042 520.778
205.292 539.528
214.042 559.111
219.042 569.944
223.208 588.694
228.625 606.611
235.708 625.361
241.542 638.694
246.958 651.611
252.792 664.944
270.708 678.694
290.708 680.361
303.625 671.611
263.208 548.278
258.625 527.861
250.708 498.278
239.042 484.528
223.208 470.778
210.292 468.694
201.958 478.278
201.958 493.694
201.542 509.111
205.292 524.111
211.958 540.778
218.625 549.528
219.042 567.444
222.375 581.611
232.792 598.694
267.792 554.111
262.375 567.028
267.792 590.361
279.458 612.444
266.542 606.194
259.875 593.694
243.208 588.278
234.458 576.611
231.958 565.361
229.458 553.278
228.208 543.694
232.792 536.611
238.208 533.278
247.792 534.944
257.792 533.694
216.542 535.778
217.792 522.861
217.792 509.944
216.125 493.694
219.875 479.944
}
