version: 1
n_points: 55
{
737.667 207.750
726.417 203.167
715.583 198.583
706.833 193.583
698.917 201.917
696.833 214.000
698.500 223.583
701.000 232.750
703.500 244.000
706.417 250.250
708.500 257.750
710.583 265.667
714.750 272.750
720.167 278.583
726.833 284.000
732.250 289.833
737.667 294.833
747.667 297.750
757.667 295.667
762.250 289.417
735.167 236.917
732.667 225.250
728.500 217.333
720.167 211.917
712.250 206.500
705.167 209.000
701.000 214.000
703.917 221.500
705.583 231.083
708.083 241.500
709.750 250.667
710.167 259.000
712.667 264.417
716.833 268.167
722.250 270.250
740.167 238.167
738.500 247.333
739.750 256.083
747.250 258.583
750.167 265.250
744.333 265.667
737.250 260.250
726.417 260.250
718.500 259.833
714.750 251.500
715.583 244.833
717.250 238.583
721.417 234.833
725.167 232.750
731.417 230.250
708.083 236.083
708.500 230.250
708.083 221.500
709.333 214.833
714.333 211.500
}
