version: 1
n_points: 55
{
205.000 385.850
184.600 371.850
157.800 361.050
138.600 364.650
127.800 379.850
123.400 400.250
123.800 419.050
131.000 436.250
137.400 447.450
145.800 464.650
152.600 477.850
160.200 490.650
168.200 502.250
178.200 511.850
188.200 519.850
197.400 528.250
207.400 533.050
221.800 535.850
233.400 533.050
237.000 520.650
208.200 446.650
199.800 429.050
189.800 408.250
180.600 397.050
167.800 386.650
151.800 379.450
139.400 379.450
132.600 393.050
130.600 411.050
135.000 421.850
141.000 436.650
149.000 449.850
155.400 466.250
163.400 482.650
179.400 497.450
211.800 441.050
211.400 453.450
215.400 463.450
222.600 471.450
220.200 479.050
212.600 481.450
210.600 476.250
199.400 475.050
191.000 476.650
179.800 468.250
175.400 457.050
172.200 445.450
175.000 436.250
184.200 431.450
195.000 427.450
174.600 487.450
162.200 464.650
157.400 443.050
157.800 413.850
159.800 395.850
}
