version: 1
n_points: 55
{
593.338 114.021
578.938 97.621
566.938 84.421
553.738 81.621
540.938 88.421
535.738 101.221
533.738 121.221
531.338 140.021
527.338 158.821
528.138 179.221
531.338 196.021
534.938 210.421
542.938 226.421
549.338 238.021
556.538 246.021
561.738 253.221
568.138 258.421
575.338 261.221
583.738 258.821
590.138 256.821
582.138 160.421
582.538 146.021
581.338 126.021
569.338 110.821
559.338 102.421
550.138 99.621
540.538 102.821
538.538 114.021
536.938 129.221
535.338 144.421
533.738 161.621
533.338 178.421
538.138 196.421
542.938 208.421
545.738 221.621
587.738 167.621
581.738 174.021
581.338 190.421
585.738 203.621
588.938 215.621
581.738 210.421
575.738 204.821
566.138 201.621
553.338 196.021
544.938 189.221
542.938 176.021
550.138 162.821
559.338 153.621
568.938 146.021
577.338 143.621
537.338 156.021
542.538 144.021
546.538 132.421
548.938 123.221
551.338 113.621
}
