version: 1
n_points: 55
{
189.917 386.333
166.917 374.833
147.917 367.333
125.417 370.833
112.917 385.333
107.917 407.833
107.917 427.333
112.917 445.833
119.417 463.333
127.917 481.833
132.917 500.333
137.917 520.333
142.917 535.333
149.917 551.333
159.417 571.333
165.417 585.333
172.417 603.333
193.917 621.333
216.417 620.833
229.417 601.833
194.917 481.333
190.917 453.333
188.417 431.833
183.417 412.833
172.417 399.833
149.917 385.333
130.417 387.833
120.917 404.833
114.917 422.333
118.417 436.333
121.917 456.833
127.917 472.833
134.917 490.333
140.917 512.833
152.917 538.333
196.917 492.833
200.417 511.333
206.917 527.333
218.417 548.833
208.894 543.424
200.712 544.333
191.621 531.152
174.348 521.606
161.167 514.333
161.167 498.424
163.894 478.424
170.258 467.061
176.621 460.697
180.712 457.970
187.076 456.606
139.348 494.788
136.167 464.788
136.621 442.970
139.348 417.061
147.985 396.606
}
