version: 1
n_points: 55
{
232.500 447.889
214.722 439.556
199.167 436.222
186.944 436.222
174.167 444.000
169.167 460.111
164.722 477.333
160.833 499.000
163.056 525.667
171.389 549.000
183.611 572.333
192.500 591.222
203.611 612.889
215.278 632.889
234.722 651.222
246.944 669.000
263.056 685.667
281.389 690.111
294.167 686.778
299.167 676.222
259.722 536.778
250.278 514.556
236.389 492.333
223.611 474.556
209.167 463.444
195.833 453.444
185.278 456.778
182.500 472.889
178.056 489.556
175.833 509.000
179.167 531.778
190.278 550.111
198.611 567.333
209.722 588.444
226.389 599.556
259.167 544.556
256.389 554.556
259.167 580.111
268.611 590.111
279.167 606.778
263.611 586.778
253.056 586.778
241.895 590.601
237.190 584.131
234.248 572.366
230.719 558.837
229.542 546.484
234.248 534.131
240.719 524.719
246.013 518.837
209.542 578.248
205.425 549.425
206.013 520.601
204.837 496.484
208.954 476.484
}
