version: 1
n_points: 55
{
229.843 614.118
202.196 591.765
176.902 578.824
161.020 576.471
143.961 583.529
133.961 601.765
126.902 628.235
127.490 654.706
135.725 680.588
142.784 710.588
151.020 741.176
165.725 770.000
179.255 790.000
194.549 810.588
206.314 825.294
219.843 842.353
241.020 855.882
262.784 856.471
279.843 839.412
291.020 814.706
242.877 688.483
237.088 676.378
225.509 659.009
222.351 637.957
206.561 623.746
189.193 614.799
173.404 609.009
156.035 607.957
144.456 618.483
138.667 640.588
142.351 667.957
149.719 690.588
158.140 716.378
168.667 749.009
187.088 769.009
258.667 697.430
249.719 717.430
248.140 740.062
258.667 756.378
263.930 771.115
252.351 760.588
238.140 747.957
220.246 746.378
208.667 746.378
200.246 735.851
197.088 719.536
201.825 699.536
210.772 688.483
217.614 675.325
227.088 666.904
166.561 724.799
164.982 697.430
167.088 672.167
166.035 650.588
168.140 620.062
}
