version: 1
n_points: 55
{
241.337 383.898
230.920 362.231
213.420 350.564
191.337 340.981
176.754 348.064
170.504 359.731
168.420 374.314
168.420 389.314
168.837 406.814
172.170 423.064
177.587 440.148
183.837 452.231
192.170 464.314
200.920 473.064
212.587 480.981
224.254 488.481
238.420 495.148
249.254 496.398
258.420 496.398
267.587 495.981
227.903 410.683
224.474 397.541
218.760 382.112
214.188 371.826
206.188 362.398
195.617 358.969
185.617 362.398
181.045 374.969
179.331 386.683
177.045 399.255
177.903 411.826
180.760 422.398
183.331 432.398
188.188 442.683
201.331 452.112
236.760 421.826
238.760 432.683
240.760 445.255
247.903 444.683
250.760 454.398
240.474 455.541
230.760 447.826
218.474 447.541
209.045 444.969
197.045 440.683
192.188 424.112
195.331 409.541
204.188 400.969
212.760 396.683
218.188 394.969
183.045 416.398
184.474 404.398
186.760 391.826
188.188 382.683
188.188 369.826
}
