version: 1
n_points: 55
{
404.304 376.116
387.348 356.986
368.652 340.899
347.783 330.029
328.652 330.464
309.087 343.072
296.043 360.029
291.261 377.855
292.565 394.377
294.304 418.290
296.913 434.812
300.391 454.812
305.609 470.899
313.000 482.203
322.565 493.942
330.391 505.246
342.130 516.551
354.140 521.089
364.830 520.055
373.795 516.261
374.140 405.917
374.830 387.986
371.726 375.227
362.761 362.123
349.657 352.123
332.416 346.261
315.864 347.641
304.830 356.951
297.588 373.848
298.623 390.055
299.657 404.192
301.726 417.986
303.795 432.813
306.554 444.537
311.726 458.330
389.312 413.503
379.657 423.848
374.140 443.848
375.519 456.951
373.450 466.606
357.243 461.089
350.347 446.606
336.899 443.158
325.864 439.020
325.174 430.399
330.347 423.158
336.554 419.020
345.519 411.434
355.174 404.882
372.071 400.744
313.795 446.951
308.278 434.192
307.588 415.572
317.933 395.572
328.278 376.606
}
