version: 1
n_points: 55
{
600.000 509.000
573.000 493.000
550.000 472.000
525.000 472.000
507.000 487.000
500.000 505.000
496.000 522.000
498.000 546.000
498.000 564.000
502.000 583.000
507.000 600.000
514.000 621.000
523.000 641.000
539.000 660.000
557.000 679.000
571.000 692.000
588.000 701.000
609.000 703.000
625.000 692.000
636.000 676.000
584.000 567.000
580.000 541.000
573.000 519.000
561.000 499.000
552.000 492.000
531.000 497.000
514.000 507.000
513.000 527.000
515.000 547.000
516.000 572.000
517.000 590.000
520.000 608.000
528.000 622.000
537.000 631.000
548.000 637.000
608.000 565.000
603.000 582.000
599.000 605.000
609.000 618.000
612.000 632.000
599.000 633.000
580.000 619.000
559.000 621.000
544.000 613.000
540.000 597.000
541.000 582.000
542.000 573.000
549.000 563.000
556.000 553.000
572.000 542.000
520.000 581.000
520.000 559.000
519.000 540.000
519.000 526.000
516.000 519.000
}
