version: 1
n_points: 55
{
1000.073 289.396
990.735 279.955
975.235 268.455
959.735 261.955
941.735 266.455
930.235 278.955
922.235 294.455
917.735 310.955
913.235 328.955
909.235 350.955
909.235 372.955
912.235 392.955
916.735 413.455
924.235 432.455
934.735 448.955
945.235 465.955
955.735 479.455
970.735 487.455
981.735 482.455
991.235 478.955
989.735 354.955
986.735 332.455
982.735 311.955
974.735 295.955
962.735 282.455
949.735 274.955
939.235 280.455
930.735 292.955
926.235 309.955
923.735 323.955
919.735 342.955
919.735 362.455
920.735 381.955
928.735 400.455
938.735 417.955
998.235 363.455
988.235 370.455
981.735 392.455
986.735 404.455
990.235 416.455
980.235 423.455
973.235 406.955
952.735 401.955
942.735 386.955
937.735 374.955
937.735 357.955
946.735 349.455
958.735 349.455
971.235 347.455
985.735 342.455
923.735 348.955
931.235 330.955
941.735 316.455
947.235 302.455
959.235 287.455
}
