version: 1
n_points: 55
{
1278.491 591.640
1252.866 562.265
1232.866 538.515
1189.741 537.890
1160.991 545.390
1139.116 558.515
1124.116 576.640
1117.866 605.390
1119.116 631.640
1124.741 653.515
1135.991 673.515
1147.866 699.140
1158.491 732.890
1168.491 757.890
1182.241 787.265
1202.241 821.015
1228.491 846.015
1257.241 865.390
1285.991 856.640
1299.741 827.265
1261.616 673.515
1250.991 631.640
1239.116 591.640
1227.866 567.265
1198.491 555.390
1169.116 557.265
1148.491 570.390
1132.866 590.390
1133.491 619.765
1136.616 644.140
1149.116 668.515
1166.616 696.640
1170.366 725.390
1186.616 757.265
1209.741 780.390
1273.491 665.390
1264.116 681.640
1254.741 729.765
1267.866 747.265
1285.366 777.890
1274.116 762.265
1253.491 754.140
1236.616 758.515
1218.491 744.765
1202.866 721.015
1202.866 704.140
1218.491 676.640
1229.116 659.140
1242.241 648.515
1253.491 637.265
1169.116 687.265
1168.491 671.015
1169.116 650.390
1168.491 624.765
1177.866 591.015
}
