version: 1
n_points: 55
{
115.667 543.000
100.173 530.906
84.384 527.748
68.068 535.116
59.121 550.379
52.279 573.537
50.700 595.643
53.857 618.800
61.226 636.169
71.752 657.221
79.121 678.800
91.226 698.800
100.173 711.432
111.752 722.485
123.857 732.485
134.910 740.379
146.489 742.485
157.542 740.906
167.542 737.748
174.384 733.537
133.331 606.169
127.542 581.432
119.121 565.116
103.857 554.064
85.963 547.748
70.700 556.169
64.910 569.853
62.279 587.221
63.331 605.643
67.015 619.853
70.173 629.327
78.068 642.485
82.279 656.695
89.121 674.064
92.805 683.011
143.331 617.221
141.752 637.221
140.173 650.379
149.121 658.800
152.805 673.011
145.436 673.537
134.910 665.643
119.542 663.151
101.542 658.485
92.875 645.151
95.542 627.818
106.208 614.485
114.875 608.485
122.875 605.151
129.542 599.818
80.875 634.485
82.875 610.485
86.208 590.485
86.875 577.151
88.208 560.485
}
