version: 1
n_points: 55
{
398.786 414.476
390.119 401.143
383.452 391.810
373.452 386.143
362.786 389.810
354.119 399.810
349.452 410.143
347.786 422.476
349.119 437.143
352.119 449.143
352.119 463.810
354.119 477.810
357.119 489.476
363.452 500.143
370.452 511.810
377.452 523.143
384.452 531.143
393.452 534.143
401.452 535.143
408.119 531.810
398.452 458.810
397.452 445.476
394.452 432.810
391.119 421.476
383.786 410.143
368.786 404.810
358.786 408.810
356.786 419.143
356.452 428.476
356.786 438.143
354.452 445.810
353.452 454.810
354.452 464.810
357.786 472.810
362.786 479.810
401.134 472.900
397.801 481.082
399.619 489.567
402.649 492.597
402.952 499.264
394.771 494.719
392.346 485.628
384.771 479.567
375.377 478.961
366.589 471.688
362.346 460.779
363.861 451.688
371.134 444.113
379.619 439.870
391.437 437.749
358.710 436.234
361.740 429.567
364.771 422.597
366.286 416.537
367.195 411.082
}
