version: 1
n_points: 55
{
330.803 134.082
323.076 119.537
310.803 107.264
290.803 99.537
274.894 110.446
266.712 128.173
260.348 147.264
260.348 169.537
260.803 193.173
262.167 217.719
265.348 239.082
269.439 256.810
276.258 274.991
286.258 296.810
295.348 313.628
307.621 328.173
324.894 342.264
344.439 352.719
363.985 353.173
382.167 340.446
338.076 215.900
332.621 196.355
323.076 175.446
314.439 154.082
304.439 136.810
290.348 129.537
276.712 131.810
271.258 150.900
269.439 171.355
269.439 190.446
269.894 212.719
272.167 230.446
276.712 251.810
287.621 272.264
294.894 287.264
338.985 228.173
334.439 242.719
333.530 260.446
342.167 272.264
347.167 288.173
326.712 289.082
319.439 264.537
302.621 253.173
286.258 248.173
280.803 231.810
282.167 214.082
290.348 200.446
300.803 191.355
312.621 186.355
325.348 184.082
274.894 204.537
278.076 189.082
282.167 170.446
285.803 154.991
290.348 138.628
}
