version: 1
n_points: 55
{
99.077 295.769
72.154 281.154
48.952 264.016
29.822 263.146
17.648 274.886
15.474 292.277
19.822 314.016
24.604 330.973
29.387 347.059
37.648 363.146
46.778 380.973
58.082 399.233
71.126 417.494
87.648 437.494
103.300 448.799
124.604 453.146
144.604 454.886
163.300 445.755
175.039 423.842
175.706 398.509
111.229 352.794
99.325 338.509
89.801 323.271
83.610 306.128
64.563 297.080
47.896 291.366
28.372 287.080
27.420 300.890
32.182 316.604
36.467 331.366
39.325 347.080
41.706 362.318
46.467 378.033
58.848 397.556
75.039 403.271
119.801 359.937
120.277 378.985
122.658 392.794
128.848 400.890
134.087 415.652
122.182 408.033
110.753 390.890
93.610 389.461
74.563 390.414
66.944 382.318
66.944 362.794
69.801 351.842
74.087 342.318
82.658 336.604
90.753 330.414
42.182 344.699
42.182 332.794
43.134 321.366
44.563 310.414
44.087 298.033
}
