version: 1
n_points: 55
{
407.244 337.748
396.291 319.176
376.979 303.251
356.609 295.843
339.572 297.325
325.127 310.658
320.312 326.584
318.461 345.102
317.720 362.139
316.979 380.288
316.979 398.806
321.794 417.695
325.498 432.139
330.683 445.473
336.238 462.880
343.275 477.695
352.535 491.028
366.238 502.510
382.164 500.288
391.794 477.695
391.424 380.288
386.979 361.399
382.164 340.658
373.646 323.251
364.387 314.732
346.979 312.880
334.016 318.806
328.831 333.621
328.461 347.695
329.201 365.102
325.498 381.028
322.535 396.584
324.016 414.362
331.424 427.695
339.572 438.436
390.312 384.362
376.609 401.399
374.016 420.288
380.683 435.102
381.053 442.880
374.757 438.436
365.127 428.806
353.275 431.028
345.127 422.880
337.350 407.695
337.350 393.991
349.572 381.399
359.572 376.214
374.757 373.621
386.238 366.214
327.720 376.214
333.646 362.510
338.461 346.584
338.831 329.547
343.646 324.732
}
