version: 1
n_points: 55
{
362.890 294.228
337.007 270.699
317.596 260.699
294.654 255.404
284.654 258.934
275.831 275.404
270.537 294.816
271.125 314.228
274.654 332.463
277.007 351.875
281.125 373.051
285.243 391.875
294.066 408.934
303.478 422.463
318.900 444.714
331.074 460.801
352.813 472.975
374.987 469.062
384.117 449.496
381.509 423.410
352.378 332.105
338.900 309.931
331.074 289.931
317.596 276.888
301.943 273.410
289.770 273.410
281.074 285.583
282.378 297.757
284.117 314.714
286.726 333.844
288.465 355.149
291.509 373.410
297.596 392.540
307.161 409.062
315.422 415.149
359.335 328.192
349.770 343.410
347.596 361.236
361.509 377.757
364.117 398.627
357.161 394.714
350.639 389.496
332.813 392.105
316.291 384.279
309.335 373.410
306.291 356.453
315.856 339.062
325.856 328.627
335.422 323.410
341.509 318.627
293.248 366.018
294.987 346.888
298.465 326.018
299.770 307.323
301.943 284.714
}
