version: 1
n_points: 55
{
543.947 453.579
526.579 435.158
510.767 425.125
493.810 420.777
475.984 428.168
461.201 446.864
453.375 472.951
449.462 493.820
449.462 516.429
452.941 532.081
457.288 548.603
466.854 564.690
474.245 577.299
485.114 592.516
499.462 605.125
515.114 614.690
535.114 619.907
552.071 619.472
564.245 615.559
574.680 612.516
535.114 516.864
537.723 502.516
536.419 478.603
529.462 457.733
514.680 444.255
496.854 438.603
476.854 446.429
469.027 460.777
462.941 479.472
461.636 495.125
460.332 515.559
462.506 532.951
465.114 543.820
474.245 559.907
487.723 577.299
548.158 522.516
551.636 534.690
550.767 552.516
559.462 559.472
564.245 578.168
549.027 574.690
539.027 562.951
525.984 557.299
511.636 557.299
499.027 545.994
492.941 535.559
500.332 525.994
504.680 512.951
513.375 502.081
532.506 491.212
465.549 508.168
465.984 486.864
469.462 471.212
478.593 456.429
492.506 446.864
}
