version: 1
n_points: 55
{
176.000 241.000
166.000 228.000
156.000 219.000
143.000 215.000
135.000 219.000
131.000 227.000
128.000 239.000
126.000 248.000
128.000 259.000
131.000 273.000
135.000 284.000
137.000 297.000
138.000 310.000
141.000 325.000
148.000 339.000
154.000 346.000
163.000 351.000
169.000 353.000
176.000 352.000
182.000 351.000
171.000 274.000
169.000 259.000
166.000 249.000
159.000 240.000
153.000 234.000
145.000 230.000
136.000 227.000
133.000 237.000
134.000 248.000
135.000 259.000
138.000 271.000
137.000 282.000
138.000 293.000
141.000 300.000
148.000 310.000
175.000 286.000
170.000 290.000
167.000 304.000
171.000 314.000
171.000 318.000
168.000 312.000
163.000 306.000
158.000 303.000
153.000 298.000
145.000 295.000
143.000 286.000
145.000 279.000
151.000 272.000
159.000 267.000
167.000 264.000
139.000 266.000
142.000 259.000
144.000 251.000
144.000 242.000
143.000 235.000
}
