version: 1
n_points: 55
{
577.833 1544.000
530.458 1497.250
462.958 1481.000
412.958 1477.250
361.708 1501.000
337.958 1537.250
324.208 1588.500
329.208 1658.500
344.208 1706.000
366.708 1766.000
380.458 1807.250
410.458 1874.750
451.708 1932.250
480.458 1954.750
514.208 1981.000
537.958 2002.250
552.958 2013.500
581.708 2016.000
596.708 2016.000
622.958 2023.500
549.208 1674.750
532.958 1622.250
512.958 1578.500
496.708 1547.250
452.958 1532.250
420.458 1523.500
385.458 1528.500
365.458 1557.250
354.208 1598.500
359.208 1637.250
372.958 1678.500
386.708 1731.000
401.708 1777.250
425.458 1813.500
432.958 1829.750
572.958 1699.750
552.958 1724.750
540.458 1768.500
556.708 1806.000
565.458 1826.000
542.958 1822.250
520.458 1799.750
487.958 1788.500
464.208 1778.500
464.208 1748.500
470.458 1711.000
482.958 1686.000
490.458 1667.250
502.958 1646.000
534.208 1632.250
389.208 1723.500
390.458 1679.750
396.708 1624.750
411.708 1588.500
417.958 1557.250
}
