version: 1
n_points: 55
{
375.758 268.121
365.324 262.469
350.976 255.947
334.019 253.773
326.628 265.077
321.411 276.382
321.845 291.599
322.280 305.512
327.498 321.164
333.150 333.773
337.498 347.251
343.585 362.034
350.541 376.816
354.019 385.512
359.671 396.382
368.367 405.947
380.541 412.034
393.150 412.469
399.237 408.121
405.758 404.208
376.193 317.686
377.063 304.208
374.019 291.164
367.063 284.208
355.324 278.556
347.063 275.512
333.585 275.077
329.237 284.643
328.802 295.077
330.106 307.686
335.324 321.599
340.541 336.816
344.454 349.860
347.932 358.556
354.019 371.599
384.889 322.469
373.150 332.469
380.976 356.382
387.932 363.338
389.671 372.034
380.976 374.208
373.585 353.773
363.150 353.773
353.150 348.556
350.106 338.121
347.932 324.208
348.367 313.773
356.193 309.425
367.063 307.251
373.150 305.947
341.845 317.686
342.715 308.121
343.585 300.295
343.150 292.034
343.150 281.599
}
