version: 1
n_points: 55
{
730.603 316.948
719.088 305.130
706.361 295.736
690.603 292.100
678.179 296.342
667.573 307.858
661.209 321.191
657.876 332.100
659.694 349.070
661.815 360.585
664.239 371.494
664.239 381.494
663.633 392.403
663.633 404.221
663.633 413.615
667.270 426.948
675.148 436.645
685.148 439.676
698.179 439.373
707.270 433.918
713.936 353.615
714.239 340.888
713.027 325.736
711.209 316.342
706.361 309.373
696.058 305.433
689.391 306.948
676.967 310.282
671.209 323.312
666.664 334.524
665.452 349.676
666.967 357.252
668.785 364.524
670.603 369.373
673.936 374.524
706.967 356.342
699.997 365.130
699.997 380.585
706.664 389.979
708.785 396.948
700.906 390.888
698.482 380.282
695.148 376.342
689.694 369.979
686.664 359.979
686.058 354.524
688.482 346.645
692.118 342.706
702.421 341.494
711.512 346.645
673.330 347.252
677.573 335.130
681.512 325.433
682.118 319.676
684.845 315.736
}
