version: 1
n_points: 55
{
1231.405 621.357
1212.119 597.071
1189.976 584.929
1160.690 584.929
1144.262 594.929
1125.690 622.071
1126.405 654.214
1133.548 692.071
1145.690 723.500
1157.119 760.643
1159.976 794.214
1162.833 825.643
1170.690 847.071
1181.405 868.500
1192.833 888.500
1208.548 906.357
1226.405 922.071
1247.833 927.786
1260.690 924.214
1270.690 914.214
1240.690 713.500
1227.833 677.786
1212.833 643.500
1197.833 625.643
1176.405 619.929
1163.548 619.929
1138.548 637.071
1141.405 668.500
1147.119 694.929
1157.119 722.786
1156.405 751.357
1164.262 782.071
1168.548 809.214
1181.405 830.643
1199.262 855.643
1250.690 729.214
1242.119 747.786
1242.119 779.214
1255.690 808.500
1254.976 827.786
1243.548 832.786
1219.976 827.071
1198.548 813.500
1188.548 772.786
1189.262 746.357
1193.548 724.214
1202.119 710.643
1214.262 700.643
1222.833 693.500
1232.119 689.929
1159.262 717.786
1163.548 699.929
1165.690 679.929
1167.833 659.929
1173.548 638.500
}
