version: 1
n_points: 55
{
506.621 247.636
492.288 239.303
478.288 236.636
466.288 242.636
457.621 253.303
455.288 267.636
453.955 284.303
457.288 298.970
463.621 311.636
469.288 323.303
474.288 334.970
478.955 345.636
486.288 354.636
492.621 361.303
499.288 366.636
508.621 371.303
517.288 375.970
522.621 376.636
529.621 376.636
536.288 374.303
516.955 290.970
511.621 278.303
506.621 266.636
501.288 258.636
493.288 252.303
482.288 249.636
468.288 255.636
464.955 264.970
462.621 275.303
461.621 288.636
466.621 302.303
472.955 308.303
475.621 318.303
479.288 327.636
490.955 339.303
518.288 296.303
516.621 306.970
515.621 316.636
521.621 323.303
523.955 333.970
517.955 331.303
510.288 325.636
502.955 327.636
493.621 325.303
488.621 321.303
485.621 311.970
487.621 302.303
494.621 291.636
502.288 286.636
509.621 283.970
472.955 303.303
474.621 290.636
476.955 281.303
480.621 267.303
483.621 258.970
}
