version: 1
n_points: 55
{
814.000 764.000
781.000 740.000
749.000 719.000
698.000 702.000
654.000 717.000
623.000 758.000
612.000 800.000
609.000 837.000
617.000 885.000
631.000 927.000
640.000 974.000
656.000 1022.000
682.000 1070.000
712.000 1112.000
746.000 1147.000
776.000 1183.000
808.000 1215.000
839.000 1226.000
869.000 1217.000
898.000 1214.000
823.000 923.000
818.000 879.000
802.000 837.000
782.000 800.000
744.000 774.000
698.000 760.000
655.000 760.000
640.000 791.000
643.000 846.000
648.000 896.000
659.000 943.000
669.000 1000.000
684.000 1028.000
701.000 1054.000
719.000 1069.000
861.000 942.000
851.000 980.000
842.000 1017.000
856.000 1052.000
866.000 1084.000
827.000 1074.000
785.000 1041.000
750.000 1040.000
719.000 1024.000
695.000 1000.000
680.000 961.000
689.000 923.000
718.000 895.000
757.000 881.000
804.000 863.000
665.000 930.000
672.000 897.000
676.000 859.000
679.000 820.000
686.000 784.000
}
