version: 1
n_points: 55
{
454.845 571.669
438.393 562.959
417.748 558.765
397.425 565.540
387.425 576.185
380.651 591.669
380.006 606.185
383.554 621.991
389.038 634.894
395.167 648.120
402.909 663.282
410.974 674.249
418.716 685.540
428.070 694.894
435.167 701.991
440.006 711.669
450.974 723.604
465.812 726.507
482.909 720.056
491.941 704.249
446.780 617.475
448.393 601.346
442.909 585.217
428.070 575.540
411.296 575.862
396.780 581.023
389.038 592.636
388.716 605.540
393.554 622.636
399.038 634.249
402.264 640.378
407.103 648.120
410.006 654.249
412.909 659.411
417.103 662.636
465.490 625.217
465.167 631.669
467.103 647.475
474.522 656.507
477.425 667.475
467.425 663.282
455.490 661.991
443.877 652.959
431.296 652.314
422.909 647.475
418.393 636.507
420.328 625.862
427.103 617.152
434.199 610.378
444.522 605.540
400.974 632.314
400.974 622.636
400.006 612.636
399.038 600.056
392.264 596.830
}
