version: 1
n_points: 55
{
608.364 925.576
587.455 908.303
561.091 891.030
534.727 881.939
519.273 896.485
514.727 931.030
523.818 978.303
527.455 1016.485
535.636 1052.848
544.727 1097.394
552.909 1135.576
563.818 1172.848
572.909 1205.576
586.545 1238.303
606.545 1266.485
626.545 1284.667
648.364 1304.667
662.909 1326.485
682.000 1316.485
687.455 1304.667
633.818 1055.576
607.455 1015.576
593.818 982.848
584.727 959.212
562.000 934.667
538.364 911.030
524.727 929.212
536.545 966.485
546.545 1008.303
550.182 1046.485
553.818 1082.848
559.273 1118.303
573.818 1160.121
595.636 1186.485
611.091 1214.667
633.818 1081.030
630.182 1108.303
629.273 1133.758
642.909 1162.848
652.000 1184.667
632.000 1188.303
622.000 1162.848
603.818 1153.758
588.364 1140.121
579.273 1118.303
578.364 1101.939
585.636 1075.576
595.636 1061.030
606.545 1044.667
615.636 1035.576
552.909 1038.303
556.545 1017.394
558.364 991.030
560.182 971.030
562.909 948.303
}
