version: 1
n_points: 55
{
188.000 192.000
178.000 182.000
167.000 176.000
153.000 173.000
136.000 180.000
127.000 190.000
122.000 201.000
122.000 215.000
126.000 226.000
132.000 236.000
136.000 250.000
142.000 262.000
147.000 274.000
153.000 286.000
162.000 296.000
173.000 305.000
185.000 313.000
199.000 312.000
205.000 304.000
205.000 295.000
188.000 235.000
186.000 223.000
181.000 209.000
174.000 197.000
163.000 190.000
151.000 185.000
140.000 186.000
130.000 194.000
127.500 207.557
130.227 218.920
136.136 230.739
140.682 240.739
142.955 256.193
150.682 270.739
161.591 277.102
189.773 243.466
187.955 252.557
191.591 262.557
196.136 268.466
196.136 274.830
187.500 274.830
180.682 263.011
168.864 267.102
162.045 262.557
160.227 255.284
162.500 247.102
168.409 238.011
171.136 232.102
176.591 226.648
182.500 219.830
140.682 236.193
141.591 226.648
142.500 214.375
146.591 198.466
149.318 191.648
}
