version: 1
n_points: 55
{
253.988 492.000
237.988 469.000
218.988 455.000
196.988 449.000
180.988 458.500
167.988 477.000
158.988 499.500
153.988 524.000
157.488 556.500
159.988 580.500
163.988 607.500
166.988 631.500
174.988 654.500
179.988 676.000
186.488 693.500
197.488 712.500
212.488 728.000
230.988 733.000
245.488 728.000
259.488 716.500
251.488 572.500
246.488 552.000
235.988 522.000
227.488 502.000
213.488 487.000
196.488 477.500
179.488 479.000
170.488 500.500
164.988 523.000
165.988 545.000
168.488 560.500
167.988 576.000
167.988 592.500
172.988 617.000
179.988 632.500
258.988 583.500
247.988 601.500
241.988 625.000
248.988 640.500
254.988 654.000
246.988 649.500
236.988 638.000
220.988 631.000
204.488 627.000
193.988 611.000
192.488 585.500
194.988 568.500
207.488 558.500
222.488 553.500
239.988 552.000
175.988 593.500
177.988 568.500
185.488 546.000
191.988 523.500
201.488 502.500
}
