version: 1
n_points: 55
{
226.856 1217.083
185.947 1205.265
135.038 1194.356
85.038 1212.538
62.311 1249.811
64.129 1297.083
78.674 1338.902
98.674 1375.265
121.402 1405.265
143.220 1437.083
165.947 1473.447
188.674 1507.992
225.947 1543.447
262.311 1571.629
286.856 1583.447
315.947 1595.265
349.583 1598.902
377.765 1590.720
398.674 1577.083
411.402 1557.083
291.402 1369.811
279.583 1336.174
255.947 1310.720
229.583 1273.447
186.856 1251.629
145.038 1241.629
93.220 1244.356
83.220 1276.174
90.492 1317.083
108.674 1347.083
125.038 1374.356
145.038 1400.720
163.220 1437.992
187.765 1477.083
235.038 1506.174
316.856 1375.265
317.765 1413.447
325.038 1440.720
341.402 1450.720
345.947 1472.538
325.947 1463.447
296.856 1441.629
259.583 1444.356
232.311 1452.538
208.674 1433.447
205.947 1406.174
205.947 1378.902
214.129 1354.356
225.947 1338.902
248.674 1321.629
162.311 1418.902
152.311 1389.811
145.947 1357.083
138.674 1316.174
129.583 1277.992
}
