version: 1
n_points: 55
{
243.112 220.599
219.303 204.409
197.874 193.933
175.017 194.409
155.493 207.742
145.969 230.123
142.636 256.314
140.731 281.552
144.541 301.076
149.303 319.647
151.683 340.599
152.636 354.885
155.969 370.123
161.683 384.409
171.207 397.742
181.207 409.647
195.969 421.076
209.779 431.552
228.826 432.504
238.826 407.742
231.207 295.361
225.493 272.028
218.826 254.885
216.445 235.361
206.922 227.266
191.683 220.599
174.541 223.457
155.017 231.076
153.112 253.457
151.207 276.790
155.017 299.647
155.493 319.647
160.255 340.599
165.017 357.266
181.207 375.838
231.207 306.790
227.874 318.695
229.779 331.076
237.874 340.123
238.826 360.123
226.445 361.076
203.588 352.980
195.493 355.361
183.112 336.314
184.064 322.504
192.636 305.838
196.445 292.980
202.636 284.409
212.636 274.885
219.303 266.790
156.445 295.838
163.112 277.266
168.826 256.790
173.588 243.457
178.350 232.028
}
