version: 1
n_points: 55
{
347.914 667.154
327.929 655.595
307.429 645.595
289.929 644.595
270.429 650.095
257.929 660.095
249.429 672.595
243.429 689.595
243.429 709.095
245.929 735.095
250.429 759.595
258.929 785.095
268.429 809.095
279.929 831.095
297.429 849.595
312.929 866.595
330.429 884.595
351.429 891.595
371.429 886.095
383.429 870.595
349.429 744.595
346.929 722.595
337.429 699.595
320.429 687.595
305.429 679.595
286.429 681.095
263.929 689.095
256.929 705.595
259.929 724.095
260.929 744.095
262.429 759.095
266.929 774.595
271.929 793.095
281.429 800.595
291.929 807.595
363.929 754.595
357.429 765.595
358.929 779.595
370.929 788.595
374.429 807.095
354.929 802.595
335.429 786.095
318.429 785.595
299.429 782.095
287.429 768.595
286.429 749.095
293.429 734.095
305.429 725.095
321.429 719.595
339.429 714.095
267.429 755.095
271.929 739.595
276.929 724.595
282.929 708.095
293.429 693.095
}
