version: 1
n_points: 55
{
245.995 610.082
224.691 599.647
202.952 587.473
183.821 583.560
164.691 595.734
154.256 613.995
151.213 636.604
154.691 661.386
158.604 681.386
163.386 701.821
166.865 717.473
165.126 735.734
171.213 758.778
179.473 774.430
184.691 789.213
196.865 803.995
209.473 813.995
225.560 818.778
241.213 823.560
254.691 823.560
237.300 678.778
227.300 659.213
219.908 637.473
203.386 626.604
182.517 619.213
166.865 620.517
163.386 638.778
165.126 660.082
171.647 677.908
173.386 697.039
174.256 714.865
173.386 729.213
175.126 747.039
182.082 763.560
189.473 773.995
239.039 691.821
233.821 708.343
231.213 733.126
245.560 741.821
245.995 764.865
225.995 762.256
210.778 743.995
192.517 742.256
189.473 724.865
212.952 715.734
220.343 700.082
218.604 683.560
217.734 671.386
215.560 661.386
220.778 654.865
177.300 703.126
177.300 683.126
181.213 666.169
186.865 649.647
187.734 629.213
}
