version: 1
n_points: 55
{
328.169 712.222
296.503 685.556
261.503 666.389
229.003 659.722
201.503 673.889
182.336 698.889
178.169 734.722
175.669 778.056
184.836 819.722
202.336 868.056
216.503 908.056
227.336 944.722
250.669 981.389
274.836 1013.056
309.836 1053.889
334.003 1078.889
358.169 1103.889
390.669 1110.556
437.336 1087.222
445.669 1025.556
360.669 841.389
341.503 805.556
321.503 770.556
306.503 739.722
281.503 716.389
247.336 702.222
213.169 703.056
199.003 722.222
194.003 757.222
195.669 788.889
210.669 826.389
222.336 860.556
236.503 900.556
254.836 953.056
303.169 987.222
378.169 834.722
366.503 860.556
370.669 908.056
386.503 927.222
399.003 951.389
385.669 960.556
372.336 943.056
344.003 937.222
326.503 941.389
298.169 926.389
284.836 893.889
280.669 863.889
291.503 841.389
318.169 823.889
333.169 801.389
243.169 894.722
240.669 853.056
240.669 817.222
238.169 773.889
245.669 737.222
}
