version: 1
n_points: 55
{
183.413 207.730
175.962 198.906
168.904 192.043
159.884 191.063
154.786 192.632
151.256 199.102
150.303 206.651
151.229 215.355
151.970 224.059
154.007 233.503
156.970 241.651
159.192 251.096
162.711 258.318
168.081 265.911
175.303 273.503
181.229 277.948
186.414 281.466
192.896 281.837
199.007 279.985
203.266 276.281
187.526 229.614
182.711 223.874
176.970 215.540
170.303 206.837
166.044 202.577
156.600 200.911
155.674 207.207
156.229 216.096
157.340 226.466
159.007 232.948
160.489 240.911
163.266 247.577
166.600 251.837
169.192 254.429
171.785 257.948
189.192 236.096
186.414 239.429
185.859 251.466
189.933 255.725
191.044 260.355
187.340 254.985
183.451 249.799
179.007 248.133
172.711 245.355
167.526 240.170
166.600 232.022
167.340 226.466
170.303 223.133
174.377 221.096
178.822 221.096
161.229 237.207
159.192 229.244
159.377 221.281
161.785 212.762
162.526 205.355
}
