version: 1
n_points: 55
{
343.958 337.500
331.458 329.250
316.958 323.750
300.208 327.250
292.958 338.750
292.208 351.250
294.458 362.500
299.708 372.000
305.958 380.750
311.958 389.000
317.958 395.000
324.458 402.000
330.089 408.238
335.438 412.424
339.391 415.215
343.810 417.773
350.089 420.564
356.136 421.494
363.810 419.634
368.926 412.192
342.594 361.401
337.787 351.208
332.594 343.324
324.517 335.054
314.710 332.939
303.556 336.016
298.941 345.054
298.556 355.247
302.979 362.939
306.248 370.824
309.325 377.170
313.556 382.939
317.210 387.362
325.479 393.131
332.017 399.285
350.287 367.170
350.671 374.862
353.364 383.324
359.517 386.593
360.094 391.785
349.710 391.208
343.748 384.093
333.748 384.862
325.094 381.593
324.325 375.247
325.671 369.093
327.787 364.478
328.941 359.862
333.364 356.593
336.825 354.478
316.441 382.939
312.017 374.093
309.710 362.939
308.941 348.901
317.787 337.554
}
