version: 1
n_points: 55
{
604.143 841.143
589.143 827.571
573.429 811.143
549.143 799.714
522.000 812.571
512.000 836.143
506.286 864.000
506.286 895.429
514.143 929.000
525.571 963.286
530.571 999.714
538.429 1036.143
552.714 1068.286
570.571 1098.286
588.429 1124.714
602.000 1142.571
621.286 1157.571
647.000 1164.000
662.714 1160.429
678.429 1157.571
653.429 946.857
633.429 921.143
616.286 894.714
592.000 876.143
561.286 857.571
538.429 842.571
522.000 828.286
520.571 849.714
519.857 876.143
523.429 901.143
534.143 939.714
533.429 963.286
532.000 989.000
541.286 1019.714
564.143 1044.714
662.714 959.714
644.857 970.429
634.143 1006.857
641.286 1036.143
647.714 1059.714
629.143 1069.714
619.143 1053.286
594.143 1042.571
563.429 1024.714
544.143 996.857
546.286 968.286
560.571 949.714
579.143 934.714
600.571 925.429
622.000 916.143
536.286 931.857
541.286 913.286
542.000 896.857
544.857 875.429
547.000 860.429
}
