version: 1
n_points: 55
{
424.244 336.179
410.783 324.640
399.629 318.486
386.552 316.563
376.936 325.409
373.475 340.794
374.244 353.871
381.167 367.332
383.860 381.948
386.552 398.102
390.398 412.717
396.552 428.486
403.090 442.717
408.475 457.332
416.552 472.332
424.244 485.794
436.167 498.102
452.706 505.409
470.783 501.948
481.167 489.255
437.706 396.179
430.013 381.948
421.167 367.332
412.321 351.563
401.167 339.255
385.783 334.640
378.475 345.794
380.013 358.102
387.706 371.948
390.783 386.948
391.167 399.640
394.629 411.563
400.398 423.102
405.783 435.409
415.783 448.486
445.398 399.255
443.090 410.409
444.244 426.179
450.013 436.563
454.629 448.102
447.706 446.563
439.244 432.717
423.860 433.102
412.706 429.255
405.398 419.255
403.475 409.640
406.936 399.255
411.552 392.332
416.936 387.717
424.244 384.255
392.706 382.332
392.706 374.255
391.552 363.486
391.167 353.486
392.706 345.794
}
