version: 1
n_points: 55
{
878.372 641.855
840.038 639.077
797.261 645.188
767.816 666.855
760.038 698.521
757.816 722.966
764.483 740.188
772.816 762.410
785.594 773.521
798.927 789.077
811.705 803.521
826.150 822.966
839.483 837.966
860.594 853.521
883.927 866.855
911.150 874.077
938.927 875.744
958.927 873.521
977.816 864.077
1005.038 854.077
887.816 750.744
880.038 726.299
868.927 705.188
857.261 676.299
832.261 667.410
800.594 677.410
781.150 702.410
778.927 719.077
790.038 740.744
805.594 756.855
814.483 779.077
828.927 792.410
842.261 807.966
851.705 819.632
861.150 826.299
912.816 719.077
909.483 735.188
917.261 768.521
935.594 776.299
941.150 795.744
918.927 794.632
906.705 789.077
893.927 796.299
873.372 798.521
852.261 784.632
851.150 764.632
852.261 748.521
855.594 736.299
862.261 725.188
869.483 715.188
811.705 760.744
803.372 745.744
794.483 727.410
791.150 712.410
792.261 699.077
}
