version: 1
n_points: 55
{
485.844 439.706
473.701 425.063
456.201 411.134
436.915 405.063
424.415 406.848
413.701 411.848
405.844 422.563
402.630 436.491
402.987 453.991
406.558 470.063
412.987 491.134
422.273 512.563
433.701 531.491
446.915 547.920
458.344 560.777
467.630 573.991
482.987 583.277
497.630 582.920
508.701 571.848
514.773 559.348
474.058 474.706
472.630 458.277
466.201 440.777
455.487 429.706
440.844 422.920
422.987 424.706
414.058 429.706
410.844 442.206
411.915 462.563
417.273 480.420
420.487 493.277
426.201 505.420
433.701 516.491
442.630 527.563
456.201 532.920
484.415 476.848
478.344 487.206
481.201 505.063
493.344 515.777
494.773 527.920
482.630 523.634
474.415 513.991
461.915 513.991
449.773 511.491
443.701 503.991
446.201 490.420
450.130 478.991
456.558 469.348
462.630 464.348
471.915 460.063
418.344 476.491
421.201 466.491
422.630 453.634
424.415 440.420
427.273 431.491
}
