version: 1
n_points: 55
{
423.062 624.846
409.937 608.596
388.687 597.346
368.062 596.721
351.812 609.221
341.187 629.846
336.187 650.471
339.312 674.221
346.187 696.721
355.562 715.471
368.687 729.846
381.187 745.471
393.062 760.471
409.937 772.346
427.437 786.096
442.437 796.721
460.562 803.596
474.312 805.471
483.687 806.721
493.062 807.346
440.562 686.721
430.562 670.471
418.062 652.971
402.437 638.596
379.312 627.346
358.687 629.221
350.562 652.971
351.812 667.971
358.062 686.096
369.937 707.346
380.562 727.971
391.187 743.596
409.312 759.221
426.187 769.846
446.812 784.221
451.187 682.971
445.562 692.971
444.312 722.346
459.937 742.346
464.312 752.971
453.687 746.721
444.312 728.596
430.562 729.846
411.812 728.596
404.312 714.846
404.312 699.221
405.562 682.346
406.187 674.221
414.312 669.846
421.187 664.221
384.937 717.971
380.562 704.221
376.187 682.346
374.937 664.221
375.562 639.221
}
