version: 1
n_points: 55
{
397.843 1024.973
376.510 999.640
348.510 976.973
327.176 970.973
309.843 979.640
301.843 995.640
297.176 1026.973
298.510 1055.640
303.843 1088.973
317.843 1116.307
322.510 1138.307
325.843 1161.640
332.510 1194.307
341.843 1230.973
361.843 1268.307
379.843 1288.307
396.510 1303.640
417.176 1314.307
441.176 1316.307
459.176 1314.307
412.510 1118.307
391.843 1077.640
373.176 1047.640
353.176 1027.640
330.510 1009.640
314.510 1016.973
312.510 1042.307
315.176 1068.973
321.176 1090.307
327.843 1113.640
327.843 1131.640
328.510 1150.973
336.510 1172.307
344.510 1194.307
361.843 1212.973
409.765 1137.993
402.118 1148.581
405.059 1177.405
417.412 1199.169
428.588 1228.581
420.353 1221.522
413.882 1200.934
393.294 1196.228
370.941 1179.169
354.471 1155.052
350.353 1137.405
355.647 1119.169
368.000 1109.169
383.294 1101.522
395.059 1094.464
329.765 1106.228
334.471 1085.640
336.824 1065.052
339.765 1047.405
342.706 1028.581
}
