version: 1
n_points: 55
{
285.424 420.081
269.352 406.152
250.781 396.866
234.710 396.509
223.638 404.366
219.352 417.581
218.638 432.938
221.852 451.509
226.495 469.366
233.995 489.366
240.424 507.224
249.710 525.795
263.638 545.081
276.138 557.938
292.567 571.866
306.138 575.081
317.210 574.009
325.424 571.866
331.495 569.724
336.495 567.938
298.995 467.581
291.852 451.152
285.781 437.224
272.210 428.295
250.781 421.509
243.281 417.581
227.924 419.366
225.424 428.652
228.995 443.652
232.924 458.652
238.995 473.295
241.852 487.581
247.567 501.509
253.638 511.152
263.638 521.509
302.567 489.366
295.424 496.152
297.567 512.224
306.852 524.366
307.567 535.795
297.924 529.009
290.424 516.152
280.424 512.581
277.567 500.438
276.852 489.009
278.638 478.295
278.638 469.366
280.424 463.295
285.781 457.938
290.781 453.652
242.924 470.438
243.995 460.438
245.781 447.581
246.138 433.652
247.210 422.581
}
