version: 1
n_points: 55
{
542.286 299.571
534.857 290.429
523.143 283.000
512.000 279.286
504.286 285.286
503.429 295.000
503.714 303.857
503.429 312.714
502.857 321.857
502.571 330.714
504.286 339.000
506.571 347.000
508.571 352.143
512.000 355.857
514.857 362.143
516.857 367.857
522.000 374.429
529.429 377.571
537.714 378.429
544.000 376.143
536.857 310.429
533.714 301.571
529.429 293.000
523.714 288.429
518.286 286.714
511.143 286.714
508.857 294.714
508.286 301.000
507.429 308.143
507.143 315.286
507.143 320.714
508.857 324.714
511.714 328.143
513.429 332.714
516.000 335.571
538.000 317.286
533.429 322.714
533.143 332.714
536.857 341.857
540.286 348.429
533.143 344.714
532.286 337.286
525.143 333.857
518.000 328.714
514.000 320.143
512.000 310.143
513.143 305.000
518.571 302.429
524.571 304.143
530.857 304.714
510.286 299.000
511.143 296.143
512.286 293.571
513.143 291.571
514.000 289.000
}
