version: 1
n_points: 55
{
231.114 348.160
217.888 339.127
202.404 333.321
186.275 331.386
173.049 336.869
165.630 348.160
160.791 361.708
160.469 377.515
164.339 392.998
171.114 407.515
175.630 420.740
180.791 433.644
191.114 444.611
198.210 451.708
207.565 458.160
214.985 466.547
220.469 467.837
229.501 468.805
236.920 466.869
239.501 463.966
219.178 388.805
221.114 379.127
218.856 369.127
215.952 359.773
206.275 352.353
195.952 347.192
184.662 346.224
176.598 349.450
171.759 360.095
170.791 369.127
171.759 378.805
176.598 390.095
178.210 400.095
183.372 411.708
191.436 422.353
226.598 395.902
225.952 405.257
227.565 412.998
233.049 419.127
233.694 425.902
227.888 425.579
218.533 418.805
210.146 419.450
200.469 415.579
193.694 408.805
190.791 398.805
190.791 387.192
198.210 382.998
207.243 379.127
217.888 373.321
180.146 389.127
179.823 376.224
182.081 365.579
186.920 357.837
192.081 351.708
}
