version: 1
n_points: 55
{
234.090 209.066
228.438 203.849
221.482 201.675
214.960 202.545
211.482 208.414
209.525 215.805
209.960 223.849
211.047 231.892
212.786 238.849
214.960 245.153
216.482 251.892
219.743 257.545
224.743 264.936
229.525 270.588
233.656 274.284
237.786 278.197
241.482 281.892
247.134 284.719
252.569 284.936
256.916 285.153
239.090 226.458
233.873 216.892
229.090 210.805
223.003 207.327
218.221 207.979
214.960 211.023
214.090 219.719
214.090 227.979
214.960 234.936
217.351 240.153
218.873 244.501
219.308 249.501
220.612 251.892
224.308 256.675
228.003 262.762
247.351 242.327
246.264 246.240
246.699 253.197
251.264 259.719
246.482 258.414
243.656 251.892
236.916 252.110
231.047 247.545
228.438 242.545
228.438 236.458
228.438 232.979
230.612 229.284
232.351 227.327
235.395 225.153
236.264 224.066
221.482 239.936
221.047 230.805
221.047 226.240
220.830 221.240
221.047 213.849
}
