version: 1
n_points: 55
{
656.917 466.561
626.083 449.061
601.917 436.561
584.937 437.186
568.062 442.186
552.437 457.186
539.312 477.811
534.312 509.686
534.937 537.186
542.437 564.061
551.187 583.436
556.187 609.686
561.812 634.061
571.187 659.686
588.687 687.186
611.187 705.311
639.312 715.311
664.937 719.061
686.187 707.811
697.437 682.811
661.812 558.436
649.937 532.811
635.562 497.186
623.062 482.186
603.062 466.561
583.062 463.436
565.562 469.686
554.312 487.186
545.562 510.311
549.312 541.561
559.937 566.561
568.687 594.061
577.437 618.436
592.437 637.186
603.062 659.061
672.437 558.436
668.687 580.936
667.437 595.936
680.562 609.686
679.937 625.936
660.562 634.686
636.187 622.811
615.562 622.811
609.312 604.061
605.562 589.061
617.437 581.561
626.187 567.186
631.187 550.311
635.562 537.811
645.562 534.686
568.062 570.311
571.812 549.686
576.187 527.811
581.812 508.436
582.437 484.061
}
