version: 1
n_points: 55
{
696.806 232.528
664.583 220.306
629.583 211.417
599.028 220.306
579.028 243.083
569.028 269.750
564.583 299.194
570.694 327.528
582.361 353.083
592.361 377.528
604.028 404.194
619.583 427.528
630.139 443.083
638.472 458.083
645.694 474.194
655.139 490.306
672.917 500.861
696.806 499.750
715.694 499.750
736.250 502.528
681.806 315.306
677.917 286.972
669.583 258.639
659.583 245.306
640.694 241.972
617.917 251.972
600.139 261.417
591.250 287.528
584.028 317.528
592.361 344.750
599.028 362.528
610.139 379.750
618.472 392.528
626.250 406.417
631.806 419.750
694.583 332.528
689.028 355.861
687.361 368.639
697.917 379.194
700.139 393.083
687.361 393.083
667.917 384.194
648.472 385.306
627.917 373.083
618.472 362.528
618.472 349.750
620.139 330.861
630.694 312.528
645.139 302.528
670.139 292.528
595.694 319.194
598.472 303.639
599.583 287.528
605.694 268.083
615.694 259.750
}
