version: 1
n_points: 55
{
884.545 644.091
877.273 625.909
860.909 614.091
835.455 607.727
801.818 614.091
776.364 641.364
753.636 687.727
734.545 731.364
721.818 771.364
713.636 818.636
709.091 861.364
706.364 897.727
706.364 929.545
714.545 966.818
720.000 987.727
730.000 1012.273
744.545 1039.545
770.000 1059.545
798.182 1072.273
824.545 1077.727
861.818 808.636
851.818 758.636
842.727 692.273
832.727 659.545
811.818 643.182
781.818 655.909
768.182 693.182
751.818 730.455
737.273 769.545
730.909 804.091
723.636 832.273
719.091 874.091
717.273 915.000
730.000 939.545
756.364 962.273
884.545 814.091
867.273 845.909
840.000 882.273
846.364 918.636
843.636 958.636
825.455 943.182
814.545 918.636
792.727 922.273
761.818 900.455
763.636 867.727
776.364 845.909
783.636 832.273
803.636 809.545
825.455 793.182
846.364 788.636
741.818 785.000
760.909 751.364
784.545 721.364
800.909 696.818
827.273 681.364
}
