version: 1
n_points: 55
{
223.211 468.877
214.263 459.930
203.737 450.456
192.158 447.298
182.158 448.351
172.684 456.246
171.632 469.404
170.053 483.614
171.105 498.877
174.789 516.772
181.105 529.930
185.842 544.667
190.053 563.088
191.632 580.456
194.263 600.982
203.737 619.404
216.368 630.982
231.632 640.982
241.632 644.140
253.211 643.088
230.579 515.719
223.737 500.982
213.211 487.298
201.105 479.404
189.000 471.509
180.579 471.509
180.579 483.614
181.632 498.877
184.789 518.877
190.579 532.035
191.105 545.193
193.211 558.351
195.316 567.825
200.579 578.877
204.263 585.193
237.947 538.351
234.263 548.877
231.105 560.982
234.789 573.088
237.947 584.140
233.211 577.825
230.053 570.456
217.947 567.298
208.474 562.035
201.632 551.509
198.474 537.298
201.632 526.772
211.632 520.982
219.526 518.877
227.421 516.772
191.632 526.246
192.684 513.088
194.789 503.088
196.368 492.035
195.842 481.509
}
