version: 1
n_points: 55
{
744.000 684.000
722.000 661.000
689.000 643.000
666.000 639.000
646.000 648.000
633.000 674.000
621.000 713.000
614.000 754.000
611.000 797.000
626.000 842.000
640.000 882.000
651.000 923.000
667.000 969.000
689.000 1006.000
701.000 1030.000
714.000 1054.000
727.000 1074.000
751.000 1086.000
770.000 1082.000
783.000 1068.000
755.000 813.000
745.000 780.000
731.000 747.000
715.000 721.000
696.000 697.000
678.000 674.000
668.000 667.000
657.000 685.000
646.000 711.000
637.000 747.000
635.000 787.000
644.000 825.000
662.000 864.000
680.000 904.000
702.000 936.000
757.000 831.000
746.000 851.000
745.000 897.000
759.000 914.000
770.000 949.000
751.000 907.000
727.000 909.000
713.000 899.000
711.000 882.000
709.000 863.000
710.000 841.000
712.000 822.000
717.000 803.000
730.000 795.000
745.000 792.000
676.000 867.000
677.000 824.000
680.000 781.000
680.000 737.000
685.000 708.000
}
