version: 1
n_points: 55
{
477.222 305.556
466.962 299.271
456.337 295.208
444.774 294.896
433.524 302.083
426.649 311.771
426.024 326.146
429.462 340.833
436.962 353.333
446.649 365.833
457.274 377.083
466.024 386.458
475.399 396.458
484.774 404.896
491.337 411.146
497.274 415.208
505.399 416.771
511.649 415.521
517.274 409.896
519.774 400.521
491.649 342.396
483.837 332.396
475.399 320.521
463.212 313.333
451.337 308.333
439.149 308.646
431.962 316.458
432.274 329.583
435.712 341.458
441.962 350.521
447.587 357.083
453.640 360.985
459.447 366.468
465.576 372.275
472.350 376.468
497.189 342.920
496.543 351.630
500.414 362.920
505.253 368.726
506.543 376.468
499.447 375.178
495.576 368.404
487.189 368.404
479.447 367.436
470.737 366.468
462.995 357.436
463.318 344.210
468.479 339.049
477.189 335.823
482.350 334.856
458.802 360.339
457.189 350.662
458.802 337.114
459.769 327.436
459.769 317.759
}
