version: 1
n_points: 55
{
684.916 367.908
661.387 347.908
633.151 334.378
603.739 329.672
574.328 342.025
556.092 364.378
545.504 393.790
543.151 425.555
549.034 456.143
553.151 480.849
560.210 507.319
570.798 529.084
582.563 552.025
594.328 572.613
605.504 588.496
622.563 600.261
636.092 602.613
654.328 597.908
668.445 585.555
678.445 570.261
659.034 450.261
664.916 426.731
663.151 400.849
656.681 378.496
644.328 359.672
629.034 346.731
606.092 344.378
584.328 354.378
570.210 371.437
559.622 395.555
560.210 420.849
564.328 439.672
570.798 464.966
578.445 483.202
593.151 502.025
680.210 464.966
679.622 479.672
670.798 494.378
675.504 511.437
676.092 530.261
654.328 526.143
639.622 496.731
622.563 493.790
606.092 483.790
597.857 462.613
597.269 434.966
610.798 426.143
630.798 423.202
648.445 423.202
661.975 416.731
567.857 426.731
577.857 406.143
593.151 383.202
604.916 370.261
620.210 361.437
}
