version: 1
n_points: 55
{
665.357 366.286
634.643 355.571
614.643 344.143
595.357 342.000
581.071 349.143
571.786 366.286
566.786 386.286
560.357 409.143
558.929 434.143
560.357 461.286
564.643 485.571
566.786 511.286
570.357 534.143
576.786 556.286
585.357 572.714
591.071 585.571
597.500 603.429
615.357 615.571
633.214 617.714
649.643 613.429
654.737 465.083
644.737 441.398
634.211 418.241
626.842 396.662
622.105 384.030
604.737 372.977
588.947 380.346
580.526 400.346
575.789 415.609
571.053 431.925
573.684 451.398
576.842 473.504
576.316 496.135
579.474 519.820
589.474 541.398
649.474 470.872
643.158 482.451
640.000 508.241
654.211 526.135
651.053 548.241
641.053 538.767
632.632 527.714
616.842 531.925
607.895 521.925
600.000 503.504
601.579 486.135
608.421 473.504
617.895 457.714
626.316 442.451
641.053 441.925
582.632 460.872
583.158 439.293
584.211 421.925
590.000 404.030
594.211 390.872
}
