version: 1
n_points: 55
{
353.780 320.853
341.280 309.187
324.196 305.020
309.196 309.187
297.946 316.270
291.696 327.520
286.280 340.437
286.696 354.603
290.863 370.437
296.280 387.937
302.113 402.937
309.613 418.353
315.446 433.770
320.863 440.853
331.280 449.187
342.113 452.520
352.530 452.103
357.530 448.353
362.530 443.770
365.863 437.520
341.696 364.187
345.030 354.603
347.530 338.770
344.613 325.020
335.863 314.187
322.946 310.437
302.946 319.187
296.280 331.687
292.946 342.937
293.780 359.187
297.946 372.103
302.946 385.437
308.363 393.770
313.363 402.937
318.363 410.853
350.446 367.937
351.280 377.103
353.780 385.853
361.280 396.687
365.030 411.270
352.113 404.603
343.780 396.270
335.030 392.520
325.446 388.770
320.446 382.520
318.363 370.853
317.946 364.187
323.363 360.020
330.446 356.270
342.530 351.687
305.446 363.770
307.113 340.853
309.196 330.020
315.446 321.270
321.280 317.103
}
