version: 1
n_points: 55
{
518.439 439.242
504.439 425.242
486.439 417.242
472.439 418.576
460.439 432.242
455.773 447.576
455.106 463.909
457.106 480.242
460.106 494.242
464.439 511.576
469.439 526.576
474.439 543.576
480.106 559.576
490.439 577.242
500.439 593.576
510.439 603.576
520.773 613.576
534.106 620.242
549.439 617.909
561.439 607.576
516.773 485.242
510.773 470.576
503.439 454.242
492.439 447.576
483.773 442.909
472.106 443.242
470.106 453.242
472.439 465.576
473.439 477.576
473.106 490.242
472.773 499.909
475.439 514.909
479.106 529.576
484.106 542.576
490.773 555.242
528.773 499.242
529.773 515.242
530.773 535.242
536.106 545.909
535.773 553.909
527.439 553.242
524.439 546.576
514.106 543.576
504.773 538.909
493.106 525.909
490.106 514.576
492.106 505.576
497.439 498.909
511.106 495.242
522.106 493.576
479.003 493.690
477.185 479.145
476.731 470.508
475.367 460.508
475.367 450.963
}
