version: 1
n_points: 55
{
165.000 252.148
156.287 237.049
146.016 225.427
134.395 224.076
125.746 228.941
121.962 239.481
120.341 251.644
122.773 261.373
126.827 271.103
130.341 282.184
131.692 289.752
133.584 300.562
136.557 309.752
142.503 321.644
148.719 334.076
153.314 341.373
157.908 347.049
165.476 351.373
171.962 349.752
178.167 345.562
163.167 263.340
155.112 252.507
145.389 246.118
134.834 238.062
130.389 236.951
125.389 248.062
127.056 257.229
129.556 266.674
132.612 276.951
134.278 285.840
135.389 291.951
137.334 297.229
139.001 303.340
142.889 309.451
145.389 313.340
167.889 273.618
168.445 283.618
169.556 295.562
175.389 305.007
176.778 313.340
166.223 310.007
162.056 304.174
155.112 300.840
149.001 295.562
143.445 291.674
141.778 281.674
145.389 274.451
150.945 269.729
154.556 266.674
160.112 265.840
134.556 279.174
135.389 267.785
135.389 258.618
135.945 251.118
136.223 244.174
}
