version: 1
n_points: 55
{
455.231 753.462
435.864 724.502
410.570 708.032
378.805 696.267
352.335 709.796
333.511 736.267
327.041 767.443
326.452 796.855
328.217 822.738
332.335 847.443
335.864 870.385
343.511 897.443
352.923 919.796
368.217 945.679
384.688 969.208
404.100 990.973
427.629 1003.914
456.452 1006.267
478.217 1001.561
497.629 996.267
445.276 832.149
444.100 803.914
433.511 780.973
424.688 758.620
404.100 742.738
381.158 735.679
352.923 745.679
341.747 772.738
346.452 806.267
343.511 830.973
346.452 852.738
350.570 865.679
355.276 879.796
363.511 892.149
380.570 905.090
469.982 836.855
462.335 852.738
458.217 871.561
462.923 893.326
469.982 915.679
451.158 911.561
431.747 889.796
401.158 889.796
379.394 885.090
367.041 867.443
358.805 848.032
355.276 823.914
379.394 814.502
405.864 806.855
431.158 792.738
348.805 799.208
351.158 785.679
354.688 773.914
357.629 760.385
364.688 746.267
}
