version: 1
n_points: 55
{
530.929 793.857
497.357 756.714
460.619 736.524
427.952 733.857
408.619 753.857
395.286 779.857
396.619 807.190
401.286 831.857
409.286 859.857
415.952 896.524
426.619 925.857
437.286 944.524
455.286 967.190
475.952 991.857
499.286 1015.857
519.952 1044.524
538.619 1063.857
566.619 1067.857
584.619 1060.524
593.952 1045.857
528.619 863.190
517.286 830.524
499.286 805.190
473.286 785.190
449.286 771.857
423.286 774.524
415.286 791.190
415.286 815.190
421.286 831.190
431.286 855.190
431.952 867.857
432.619 884.524
435.952 903.190
441.286 914.524
451.286 931.190
540.619 885.190
534.268 908.348
535.321 926.243
547.952 936.243
557.426 951.506
542.163 946.769
533.742 930.980
502.689 927.822
484.794 909.927
476.900 890.454
471.637 876.243
475.847 858.348
483.742 850.980
499.005 845.190
516.373 842.559
437.426 846.769
439.531 827.296
440.058 805.190
441.110 791.506
444.794 781.506
}
