version: 1
n_points: 55
{
292.600 309.867
283.400 299.867
265.800 293.467
251.000 293.067
235.400 302.267
226.536 317.867
219.750 337.152
218.321 352.510
221.893 372.510
225.107 388.581
228.679 402.152
232.607 416.795
237.964 433.581
244.393 447.152
257.250 461.081
267.250 472.152
275.821 480.367
289.393 486.795
301.893 488.581
313.321 483.938
294.393 381.081
292.964 365.010
289.750 345.010
286.179 329.295
271.179 316.795
261.179 310.367
245.107 313.581
234.393 330.010
231.179 349.652
231.893 367.510
234.036 381.081
237.250 394.652
241.179 405.724
246.893 417.867
261.179 431.438
302.964 380.010
299.036 388.938
297.607 404.652
302.607 410.367
305.464 425.367
296.893 425.367
287.607 416.795
279.750 410.367
269.036 412.152
260.821 404.295
257.250 392.152
261.179 382.510
269.036 374.295
276.893 366.081
290.107 358.581
239.036 390.010
240.107 374.652
245.107 353.938
249.750 336.081
255.821 318.581
}
