version: 1
n_points: 55
{
401.389 824.889
368.056 798.222
332.500 784.889
302.500 782.667
272.500 793.778
254.722 816.000
238.056 847.111
223.611 894.889
210.278 934.889
210.278 1001.556
229.167 1058.222
244.722 1114.889
261.389 1169.333
281.389 1219.333
308.056 1266.000
338.056 1318.222
364.722 1359.333
398.056 1378.222
433.611 1372.667
452.500 1343.778
423.611 1021.556
409.167 968.222
391.389 912.667
369.167 874.889
343.611 843.778
319.167 820.444
298.056 823.778
273.611 853.778
258.056 888.222
248.056 930.444
238.056 977.111
248.056 1016.000
269.167 1073.778
285.833 1126.000
296.944 1164.889
435.833 1031.556
414.722 1059.333
409.167 1120.444
429.167 1159.333
448.056 1207.111
418.056 1146.000
389.167 1142.667
361.389 1160.444
339.167 1116.000
335.833 1073.778
350.278 1047.111
360.278 1030.444
379.167 1008.222
394.722 990.444
408.056 981.556
291.389 1100.444
295.833 1034.889
304.722 970.444
314.722 920.444
326.944 871.556
}
