version: 1
n_points: 55
{
535.163 315.359
526.020 298.788
514.306 288.788
501.449 286.788
490.877 293.359
486.592 302.217
486.592 310.502
488.306 320.502
490.306 330.502
492.306 339.359
494.306 348.502
497.163 356.502
500.306 363.931
503.735 370.788
507.735 381.931
510.592 391.074
514.877 401.359
523.163 404.788
531.163 401.645
535.735 394.502
526.877 332.788
526.306 319.074
523.163 309.074
514.877 301.359
506.306 295.931
498.592 295.074
491.163 303.645
493.449 312.502
496.877 320.788
497.735 329.074
498.020 338.502
498.020 348.788
502.306 355.931
506.877 361.931
508.592 367.359
533.449 335.359
528.877 344.788
528.020 354.217
531.449 359.931
532.020 366.788
528.306 364.502
525.163 356.788
518.592 353.074
514.306 352.217
511.735 349.074
510.020 340.217
511.449 333.074
515.449 329.359
518.997 327.174
524.906 324.447
498.770 323.310
498.770 316.719
500.133 309.901
503.997 303.992
506.724 299.901
}
