version: 1
n_points: 55
{
353.000 360.000
341.000 347.000
328.000 337.000
314.000 332.000
300.000 341.000
294.000 352.000
290.000 361.000
288.000 374.000
289.000 388.000
292.000 401.000
295.000 416.000
297.000 429.000
301.000 440.000
306.000 451.000
310.000 464.000
318.000 475.000
327.000 484.000
342.000 487.000
352.000 480.000
357.000 472.000
346.000 402.000
342.000 386.000
337.000 370.000
328.000 358.000
316.000 351.000
304.000 349.000
297.000 361.000
294.000 374.000
295.000 389.000
298.000 400.000
301.000 411.000
302.000 423.000
306.000 429.000
311.000 436.000
315.000 444.000
355.000 403.000
351.000 410.000
348.000 420.000
345.000 430.000
351.000 439.000
350.000 445.000
342.000 437.000
332.000 433.000
320.000 429.000
315.000 418.000
315.000 406.000
319.000 396.000
326.000 390.000
335.000 388.000
340.000 388.000
304.000 408.000
303.000 391.000
305.000 378.000
312.000 367.000
315.000 358.000
}
