version: 1
n_points: 55
{
572.818 1173.485
537.818 1120.485
495.818 1084.485
445.818 1060.485
392.818 1064.485
356.818 1091.485
348.818 1123.485
347.818 1162.485
352.818 1205.485
356.818 1249.485
370.818 1284.485
398.818 1343.485
423.818 1399.485
453.818 1444.485
491.818 1505.485
507.818 1525.485
533.818 1547.485
568.818 1562.485
598.818 1565.485
638.818 1569.485
547.818 1278.485
533.818 1223.485
521.818 1168.485
493.818 1129.485
455.818 1105.485
413.818 1096.485
372.818 1111.485
365.818 1149.485
369.818 1191.485
378.818 1233.485
387.818 1268.485
400.818 1297.485
411.818 1333.485
420.818 1368.485
440.818 1396.485
579.818 1282.485
566.818 1300.485
565.818 1355.485
585.818 1390.485
598.818 1421.485
570.818 1405.485
546.818 1382.485
509.818 1372.485
479.818 1349.485
466.818 1311.485
460.818 1272.485
472.818 1247.485
488.818 1226.485
510.818 1214.485
524.818 1206.485
399.818 1271.485
392.818 1240.485
393.818 1204.485
400.818 1170.485
393.818 1124.485
}
