version: 1
n_points: 55
{
599.878 271.969
592.878 263.969
584.545 257.303
574.212 254.636
562.545 259.969
554.545 267.636
548.545 278.969
546.545 291.303
546.212 302.969
546.545 314.636
548.212 325.636
549.878 336.969
551.878 348.303
556.545 359.636
562.878 371.303
569.212 378.303
577.545 384.303
586.545 386.636
593.878 385.636
600.878 381.969
590.878 311.303
589.545 299.969
589.212 286.303
586.545 275.969
580.545 265.636
568.878 264.969
559.545 272.303
554.878 282.969
552.545 294.969
552.545 306.969
552.545 316.969
554.545 327.303
557.212 335.969
561.878 343.636
568.545 347.969
601.878 324.303
595.212 327.969
590.212 334.636
592.545 343.636
593.545 353.303
585.212 349.969
581.545 342.303
572.212 341.636
567.212 335.969
563.545 326.636
562.545 317.969
566.878 310.969
574.212 307.303
580.545 304.636
587.212 303.969
556.545 314.200
561.930 301.508
564.622 290.738
569.237 280.354
573.083 270.738
}
