version: 1
n_points: 55
{
220.639 364.009
212.491 354.380
203.972 348.083
187.306 343.639
173.972 348.824
169.157 359.565
168.417 374.009
170.269 385.861
174.713 397.713
180.269 409.565
184.343 421.787
188.046 431.046
192.861 442.157
197.306 454.380
200.639 462.157
205.454 469.565
213.602 476.972
222.861 480.676
238.046 479.935
249.528 476.602
221.750 399.194
218.046 385.120
213.602 376.231
206.935 368.083
196.565 363.269
183.602 360.676
176.194 366.602
174.343 377.343
175.824 386.972
179.898 395.491
183.602 404.750
186.446 415.595
189.946 424.595
195.446 434.095
203.446 441.595
228.196 409.595
224.446 418.345
223.196 430.095
227.946 437.345
229.446 444.095
225.696 445.595
222.696 438.095
215.696 436.845
205.946 434.845
198.446 426.095
195.696 417.095
194.946 406.845
198.196 397.845
205.946 390.095
212.946 382.845
183.415 397.460
182.875 388.541
182.334 377.730
182.604 371.514
185.307 365.298
}
