version: 1
n_points: 55
{
468.095 237.500
447.381 211.071
421.667 201.786
393.810 206.071
368.095 225.357
350.952 246.071
340.952 276.071
336.667 299.643
339.524 327.500
343.810 353.214
348.810 383.214
354.524 410.357
365.238 437.500
382.381 463.214
394.524 491.071
410.238 518.929
425.952 540.357
452.381 552.500
477.381 551.071
499.524 533.929
470.714 344.563
464.603 301.786
453.492 263.452
429.048 246.230
402.937 242.341
376.825 253.452
361.270 274.563
360.714 294.008
363.492 315.675
362.937 338.452
364.048 361.786
367.381 382.897
374.048 404.563
383.492 426.230
396.270 449.563
487.381 354.563
481.270 374.563
471.270 401.230
474.048 426.786
480.159 446.230
453.492 436.786
430.159 404.563
415.159 403.452
400.159 392.341
387.937 372.341
391.825 356.230
406.825 347.897
422.937 341.230
445.159 332.897
459.603 322.341
370.714 357.897
375.159 336.230
384.603 311.230
391.270 288.452
402.381 266.786
}
