version: 1
n_points: 55
{
318.495 325.706
300.431 318.609
284.624 315.061
270.753 313.770
258.495 318.287
251.721 328.287
248.495 340.222
250.753 357.319
255.914 371.512
263.656 381.512
269.140 392.803
276.560 405.383
284.301 418.287
294.624 429.254
303.656 438.287
314.301 446.674
327.205 450.867
337.850 447.641
345.269 440.222
348.495 426.029
317.527 363.125
315.592 350.545
306.237 338.609
293.979 329.900
279.463 324.738
270.431 326.674
259.785 333.448
256.237 344.416
258.172 356.996
262.043 368.932
266.882 378.287
272.689 386.674
277.850 395.383
286.237 405.706
291.721 411.512
330.753 365.061
332.689 377.319
330.431 387.641
335.269 394.416
339.463 403.125
324.947 405.061
317.205 394.093
306.237 394.738
293.334 391.190
286.560 385.383
283.011 377.319
284.301 369.900
293.011 366.996
299.785 359.254
311.721 350.222
286.560 396.996
277.850 386.996
271.076 371.835
267.527 353.448
267.850 335.383
}
