version: 1
n_points: 55
{
331.105 348.211
319.526 331.895
306.895 312.947
292.158 303.474
281.632 307.684
270.053 319.263
267.421 333.474
269.526 351.368
271.105 370.842
272.684 390.316
272.684 412.947
275.316 440.316
284.789 461.895
299.526 485.579
306.368 495.053
314.789 505.053
319.526 514.526
326.368 519.789
333.211 520.842
339.526 520.316
327.958 401.500
327.125 387.750
326.292 376.083
318.375 359.000
314.625 342.750
306.708 327.750
293.792 316.083
284.208 323.583
280.042 340.250
282.542 367.333
275.458 384.833
274.208 409.417
277.542 433.167
287.125 449.417
296.292 456.917
332.125 409.833
328.375 420.667
325.042 436.083
330.042 445.250
331.708 451.500
320.042 448.167
313.792 439.417
303.792 439.000
301.292 429.000
309.208 417.750
313.792 402.333
315.458 389.833
310.458 377.750
316.292 372.333
320.875 370.667
282.542 362.333
286.292 351.500
289.625 341.083
291.292 332.750
292.125 323.167
}
