version: 1
n_points: 55
{
243.753 262.220
233.753 256.091
226.656 252.542
218.914 251.252
208.591 255.768
201.172 264.155
196.011 273.833
194.398 279.962
197.946 290.284
201.172 304.155
205.688 316.413
209.237 327.058
216.011 340.929
221.878 350.276
226.628 360.776
231.128 367.776
238.378 374.026
246.378 376.526
254.628 376.776
263.628 376.276
245.878 300.526
243.878 290.776
238.878 277.276
231.128 269.026
225.878 267.026
218.378 268.776
208.878 271.276
205.628 280.526
204.878 288.526
205.878 296.026
208.378 303.776
210.128 310.526
212.378 316.026
216.628 322.776
222.378 329.776
254.378 304.026
249.628 310.026
245.378 318.526
247.378 327.526
252.628 334.776
242.128 332.276
237.878 323.526
230.628 322.276
225.128 316.526
222.878 309.526
223.128 300.776
226.378 295.026
231.628 291.526
237.128 290.526
242.128 290.026
209.628 300.276
210.128 292.276
211.628 284.526
213.128 277.776
216.378 274.026
}
