version: 1
n_points: 55
{
327.120 451.294
318.029 438.567
310.757 430.385
299.848 428.112
289.848 431.294
282.575 441.294
278.484 454.021
278.029 470.385
277.120 483.112
277.120 497.658
276.211 511.294
276.666 522.203
278.484 534.476
282.120 551.294
288.484 564.021
298.484 578.112
313.939 585.840
326.666 588.112
336.666 588.112
343.484 586.294
328.484 496.749
326.666 482.203
326.666 471.294
322.120 462.658
312.120 455.840
301.211 452.203
288.484 449.930
284.848 462.203
284.848 474.930
286.211 485.840
284.848 495.840
282.575 509.021
281.666 522.658
285.757 533.567
293.029 543.112
327.575 506.294
323.484 514.476
325.757 529.021
329.848 537.658
328.484 545.385
321.666 539.021
318.029 531.294
305.757 530.385
293.939 524.476
292.575 516.749
295.757 511.294
303.029 504.476
309.848 500.840
319.393 495.840
325.757 494.476
290.302 484.021
291.211 476.749
294.393 469.476
296.211 462.203
296.666 454.930
}
