version: 1
n_points: 55
{
215.000 376.000
204.000 365.000
189.000 356.000
172.000 356.000
159.000 363.000
151.000 374.000
149.000 388.000
151.000 403.000
155.000 416.000
159.000 432.000
165.000 447.000
172.000 463.000
181.000 476.000
191.000 486.000
200.000 495.000
209.000 503.000
223.000 509.000
238.000 511.000
247.000 502.000
252.000 490.000
211.000 412.000
207.000 396.000
200.000 381.000
191.000 371.000
178.000 368.000
172.000 377.000
167.000 389.000
167.000 401.000
166.000 410.000
167.000 421.000
169.000 432.000
170.000 443.000
172.000 452.000
182.000 458.000
192.000 460.000
222.000 415.000
223.000 425.000
220.000 436.000
229.000 450.000
229.000 459.000
223.000 458.000
210.000 451.000
199.000 456.000
187.000 452.000
179.000 446.000
178.000 432.000
177.000 416.000
186.000 411.000
196.000 406.000
204.000 396.000
174.000 446.000
173.000 437.000
172.000 426.000
170.000 420.000
167.000 416.000
}
