version: 1
n_points: 55
{
335.133 235.841
317.391 229.389
301.584 224.228
284.810 222.615
271.907 229.712
261.907 244.228
257.391 256.163
256.101 269.066
257.391 281.002
262.552 294.550
267.713 307.454
275.455 323.905
278.036 334.550
287.068 349.389
299.972 362.615
313.520 372.292
326.101 383.905
339.649 388.744
352.875 386.486
361.907 377.776
331.584 296.808
332.552 283.583
323.197 259.712
309.326 249.066
292.552 242.292
275.455 240.034
265.778 250.357
261.262 265.195
264.165 277.131
268.359 292.292
272.552 303.260
276.423 313.905
281.262 324.228
286.746 335.518
293.843 345.195
347.713 283.905
343.520 295.195
342.552 313.260
347.713 326.163
347.068 336.486
335.133 333.260
325.455 323.905
312.230 324.550
298.681 320.034
289.972 315.518
288.036 300.679
295.778 290.357
306.101 284.873
316.423 282.615
327.391 276.808
289.649 331.002
281.584 317.454
283.197 291.002
286.746 270.357
288.036 251.324
}
