version: 1
n_points: 55
{
335.967 459.467
320.300 448.467
297.633 448.467
277.967 454.800
265.967 468.467
263.967 483.800
266.967 496.467
272.967 508.133
279.967 517.133
287.633 525.467
293.967 533.133
300.967 541.800
310.967 550.133
321.633 557.800
331.633 563.800
342.300 570.800
356.300 572.467
365.300 569.467
370.300 559.800
367.300 543.800
334.633 493.800
332.633 483.800
327.006 471.447
318.182 463.212
307.300 459.388
296.124 460.271
288.182 468.800
279.947 477.624
274.065 485.565
278.476 496.447
283.476 504.976
288.476 514.094
294.359 522.035
299.359 530.565
311.712 539.094
342.300 495.565
344.359 507.035
344.653 516.153
350.829 522.918
358.182 530.859
345.535 531.153
337.006 526.447
320.829 527.329
311.712 523.800
306.712 516.741
303.476 508.212
305.829 501.741
313.771 497.918
321.712 491.741
328.182 482.918
289.947 510.565
287.888 500.859
286.712 492.329
287.006 485.859
287.300 476.447
}
