version: 1
n_points: 55
{
210.246 376.544
201.825 362.860
194.456 351.807
180.772 348.649
167.614 356.544
163.404 368.649
161.298 385.491
161.825 400.754
165.509 417.070
168.667 433.386
170.772 444.965
174.982 459.175
180.246 471.807
185.509 484.439
191.298 499.702
197.088 510.754
206.035 520.228
218.667 521.281
231.825 519.702
241.298 512.860
218.096 414.066
213.096 400.732
206.846 387.816
198.513 377.399
189.346 369.899
176.846 369.482
169.763 377.399
168.930 388.649
169.763 402.399
169.346 414.899
171.430 425.316
175.596 434.066
179.346 443.232
183.930 449.482
189.346 455.316
227.680 426.566
223.096 434.066
219.346 443.232
221.430 453.649
223.096 462.816
214.346 456.149
208.096 449.482
195.596 446.149
187.680 440.316
181.846 427.399
178.930 417.399
183.513 409.066
191.846 406.566
203.096 404.899
208.930 403.232
170.180 406.149
173.096 398.649
174.346 391.566
176.430 383.649
178.096 375.316
}
