version: 1
n_points: 55
{
350.792 327.714
339.935 320.857
323.364 318.857
307.649 322.000
297.935 331.143
293.935 344.000
295.078 358.571
301.078 372.286
307.078 383.143
314.792 395.429
321.649 404.857
329.364 414.286
337.935 422.286
343.078 429.143
347.935 436.000
353.649 443.143
359.935 449.714
367.649 451.429
377.364 451.429
389.935 445.714
355.078 364.286
352.221 352.857
349.364 339.714
339.364 334.571
327.078 334.857
315.649 338.571
307.364 346.286
307.649 356.857
309.649 366.000
313.364 377.714
317.078 387.429
322.792 394.857
331.078 401.143
337.649 405.714
342.792 412.571
365.364 368.000
363.364 376.000
361.649 388.857
370.506 396.286
371.649 404.000
363.364 399.714
350.506 392.000
337.078 392.286
329.935 386.857
323.935 379.143
324.506 371.429
327.935 366.571
331.364 362.286
337.364 356.857
347.935 348.571
315.649 376.857
313.364 367.429
313.364 358.286
312.506 348.857
313.935 343.143
}
