version: 1
n_points: 55
{
1121.326 1163.561
1082.235 1132.652
1039.508 1108.106
1002.235 1094.470
978.598 1107.197
968.598 1132.652
971.326 1163.561
974.962 1196.288
969.508 1229.015
967.689 1264.470
974.053 1311.742
987.689 1350.833
996.780 1386.288
1011.326 1424.470
1032.235 1453.561
1063.144 1480.833
1097.689 1507.197
1125.871 1520.833
1161.326 1524.470
1193.144 1519.015
1106.780 1270.833
1092.235 1240.833
1068.598 1207.197
1051.326 1181.742
1022.235 1161.742
996.780 1150.833
997.689 1169.015
998.598 1200.833
994.053 1228.106
987.689 1258.106
985.871 1282.652
990.417 1309.015
998.598 1330.833
1007.689 1355.379
1020.417 1375.379
1107.689 1290.833
1100.417 1319.015
1103.144 1344.470
1124.962 1354.470
1136.780 1375.379
1125.871 1380.833
1099.508 1360.833
1072.235 1358.106
1040.417 1346.288
1021.326 1323.561
1016.780 1293.561
1031.326 1266.288
1044.053 1249.924
1064.962 1239.015
1078.598 1232.652
998.598 1256.288
1007.689 1229.924
1016.780 1207.197
1017.689 1181.742
1013.144 1168.106
}
