version: 1
n_points: 55
{
543.598 1208.419
505.265 1165.919
461.932 1146.753
424.432 1144.253
380.265 1174.253
368.598 1206.753
366.098 1245.086
366.932 1284.253
373.598 1325.086
377.765 1363.419
385.265 1400.919
405.265 1434.253
425.265 1455.086
441.098 1486.753
480.265 1515.919
504.432 1531.753
527.765 1540.086
551.932 1550.086
594.432 1551.753
624.432 1545.086
524.432 1285.086
511.932 1239.253
502.765 1192.586
479.432 1170.919
438.598 1163.419
404.432 1179.253
388.598 1211.753
385.265 1237.586
388.598 1260.919
396.098 1278.419
396.098 1311.753
396.932 1350.086
405.265 1390.086
430.265 1425.919
485.265 1460.086
554.432 1279.253
528.598 1308.419
530.265 1360.086
544.432 1390.086
542.765 1402.586
521.098 1400.086
495.265 1379.253
469.432 1384.253
456.932 1366.753
456.098 1333.419
464.432 1310.919
476.932 1290.086
487.765 1272.586
499.432 1261.753
509.432 1256.753
403.598 1338.419
400.265 1296.753
411.098 1256.753
425.265 1220.086
436.098 1201.753
}
