version: 1
n_points: 55
{
244.000 583.000
233.000 565.000
220.783 551.348
205.565 546.565
192.087 553.522
183.826 568.304
181.217 583.087
183.391 605.261
184.696 628.739
189.043 652.217
192.522 670.478
195.565 689.174
202.522 705.696
214.261 717.870
229.478 732.652
241.217 746.130
258.609 753.957
275.565 755.696
283.391 750.478
286.870 740.043
250.348 627.870
240.348 612.652
235.130 594.826
225.130 578.739
211.217 570.043
199.913 566.130
186.435 576.565
188.174 591.783
190.348 606.130
192.957 621.348
192.957 637.435
193.391 654.826
194.261 675.696
203.391 690.043
219.913 697.000
257.739 633.087
248.609 646.130
247.739 663.957
260.783 677.870
269.043 694.391
253.826 693.957
239.913 677.000
222.087 680.043
209.043 680.043
202.522 672.217
202.087 657.000
203.391 642.217
209.913 629.609
224.261 623.522
234.696 617.435
195.130 632.652
196.870 617.870
202.957 603.957
208.174 588.304
212.087 577.000
}
