version: 1
n_points: 55
{
383.673 218.992
381.092 201.250
373.350 188.992
364.640 182.540
355.286 181.895
346.576 185.766
338.511 193.830
332.705 204.153
329.157 214.153
324.963 225.766
322.382 237.056
320.769 248.669
320.124 259.314
321.415 269.314
325.931 280.605
327.866 293.185
331.092 300.605
336.576 308.347
343.673 312.218
350.447 313.508
362.705 245.766
369.479 233.508
371.415 220.605
368.834 208.024
363.673 198.992
355.931 194.153
344.963 195.443
338.189 204.476
332.705 215.766
328.834 226.411
327.544 237.701
326.576 246.734
326.898 255.121
329.802 263.830
334.640 268.669
369.157 250.605
362.705 257.056
358.511 267.379
359.157 275.443
355.931 272.540
354.640 261.895
348.511 259.637
343.027 258.669
339.479 252.218
341.092 246.411
344.963 241.895
349.479 236.411
353.995 233.508
358.834 230.282
364.640 230.282
330.447 241.250
333.995 230.927
339.157 218.992
345.608 209.314
354.318 201.250
}
