version: 1
n_points: 55
{
277.750 325.130
267.472 318.741
257.194 312.074
243.583 312.352
235.806 321.241
233.306 334.574
234.417 345.685
238.583 357.352
243.583 363.741
247.750 374.019
251.917 382.074
257.194 389.296
263.583 394.019
272.750 398.185
281.083 400.685
288.583 402.630
294.694 403.463
301.083 403.741
307.750 404.296
314.694 405.130
280.528 354.019
277.194 344.019
273.306 333.741
263.861 325.407
253.583 323.185
242.750 325.130
238.028 333.741
238.306 342.907
242.472 352.352
246.083 359.852
247.750 365.963
250.250 372.074
254.972 378.185
261.917 383.185
271.083 389.852
290.528 351.796
290.250 359.574
292.194 368.185
296.361 372.074
296.083 378.463
287.194 377.907
279.417 372.630
269.139 374.574
259.972 374.019
253.583 367.352
252.472 358.463
256.083 352.907
263.583 350.130
270.250 347.074
274.694 344.296
247.472 355.407
247.472 347.630
246.361 340.963
244.139 333.185
244.694 328.185
}
