version: 1
n_points: 55
{
217.250 255.000
205.250 242.500
187.250 234.000
176.750 233.500
163.750 245.000
156.750 256.000
151.750 274.000
149.750 297.500
155.250 312.500
159.750 330.500
163.250 357.500
168.250 382.000
173.750 403.500
183.250 422.000
186.750 438.000
198.250 453.000
213.250 466.500
228.750 476.000
241.250 476.000
248.750 476.000
230.071 334.595
225.786 316.976
218.643 293.643
216.262 285.071
200.548 273.167
187.690 260.786
171.976 258.405
162.929 269.357
161.976 283.167
165.786 304.119
171.024 324.595
171.024 342.214
172.929 361.262
178.167 378.881
185.786 390.310
233.405 342.214
229.595 345.548
225.786 364.119
229.595 382.214
231.024 398.881
224.357 387.929
220.071 376.976
208.643 373.643
197.214 362.690
193.405 346.024
196.738 330.786
200.548 323.167
207.214 316.976
212.929 314.119
219.595 311.262
173.405 318.881
176.262 306.024
179.595 293.643
184.833 281.262
187.690 270.310
}
