version: 1
n_points: 55
{
1052.098 259.946
1036.473 236.821
1017.098 211.196
993.348 201.196
972.723 208.071
962.098 228.071
953.973 252.446
948.973 278.071
944.598 308.696
941.473 340.571
941.473 373.071
943.973 393.071
948.973 416.821
955.223 438.696
960.848 457.446
969.598 477.446
983.348 494.321
1000.223 499.321
1019.598 498.071
1035.223 488.696
1039.598 346.821
1032.723 316.196
1023.973 286.821
1015.848 264.946
1005.848 238.696
997.723 226.196
982.723 224.946
974.598 234.946
967.098 257.446
962.723 276.821
958.973 292.446
954.598 314.946
952.098 343.071
956.473 370.571
968.973 395.571
1044.598 356.196
1036.473 378.696
1026.473 397.446
1032.723 414.321
1032.723 428.071
1010.848 418.071
1010.223 399.946
1002.098 388.696
987.723 378.696
978.973 365.571
975.223 343.071
980.848 326.196
998.348 324.321
1015.223 318.696
1028.973 311.196
962.723 369.321
955.223 342.446
960.848 312.446
972.098 285.571
991.473 256.196
}
