version: 1
n_points: 55
{
141.702 257.727
137.648 249.889
132.513 244.214
125.756 242.322
120.350 247.187
118.337 255.859
115.728 264.989
115.076 273.902
115.511 282.163
116.598 291.293
116.815 300.424
117.250 308.902
119.206 319.337
121.380 328.250
125.728 336.728
128.989 344.120
132.902 349.772
138.119 354.772
145.945 358.033
154.858 356.293
146.380 293.902
144.858 282.380
143.119 271.511
138.771 265.207
132.250 257.815
128.554 253.033
122.684 253.467
120.945 261.511
120.076 270.424
120.945 279.554
120.076 287.163
119.424 296.076
120.945 302.598
123.554 308.685
126.163 314.989
148.989 298.467
145.945 303.467
143.771 308.902
146.598 315.859
144.206 321.293
142.684 316.293
139.641 309.337
132.684 309.337
127.032 304.989
123.989 297.598
124.858 292.380
128.771 289.989
133.554 288.033
136.815 284.989
142.250 281.293
122.058 282.570
124.611 275.336
126.739 267.889
128.228 262.357
129.717 257.464
}
