version: 1
n_points: 55
{
1095.864 201.333
1086.773 192.242
1076.773 184.364
1062.833 178.000
1048.288 183.758
1041.015 193.152
1036.773 205.273
1034.348 215.273
1033.742 226.485
1034.348 237.394
1036.167 246.788
1039.500 256.485
1041.924 264.667
1049.677 272.369
1055.232 278.758
1059.955 286.813
1067.732 292.091
1076.343 294.035
1084.399 294.313
1091.621 294.591
1082.455 229.591
1083.843 219.313
1082.177 208.202
1078.566 198.758
1071.621 192.369
1061.343 192.369
1051.343 194.035
1045.232 200.980
1042.455 211.258
1041.066 219.869
1039.955 227.646
1040.232 237.369
1043.288 246.258
1047.732 252.091
1053.288 257.646
1093.843 234.035
1089.677 238.758
1087.732 246.813
1089.121 256.813
1090.510 264.035
1081.066 262.646
1073.288 251.535
1062.177 250.980
1054.677 245.702
1049.399 237.091
1049.121 226.258
1058.566 222.924
1066.899 220.702
1074.955 217.646
1080.510 214.869
1044.677 217.369
1046.343 211.535
1048.566 206.535
1051.066 202.924
1055.510 198.480
}
