version: 1
n_points: 55
{
981.279 258.673
977.643 249.279
970.067 240.188
962.794 235.643
950.067 235.946
939.764 241.703
931.279 249.885
926.431 258.976
923.400 267.764
920.673 278.370
919.158 290.491
917.946 302.613
918.855 313.825
921.279 326.552
925.522 340.491
931.279 349.885
939.158 359.279
948.249 365.643
957.643 369.279
965.522 368.976
969.461 303.825
972.794 292.310
975.219 279.279
974.006 267.158
968.249 253.522
956.128 245.037
942.491 251.703
938.249 261.703
935.219 272.613
930.976 281.703
929.764 288.976
927.643 298.673
927.037 307.764
927.340 318.067
929.764 326.249
977.643 308.370
972.188 315.340
972.188 324.431
974.310 330.794
970.370 339.582
960.976 335.340
956.431 321.097
947.643 320.491
940.370 312.006
936.128 305.643
939.158 298.370
945.522 292.006
951.582 288.673
960.370 287.461
969.461 288.673
934.310 288.067
940.976 280.188
948.249 269.582
955.522 261.703
964.006 256.249
}
