version: 1
n_points: 55
{
352.096 220.906
333.250 208.599
307.480 202.829
287.096 210.137
276.711 228.214
277.480 250.137
283.634 267.060
290.942 282.829
296.711 297.060
305.557 312.829
313.634 325.137
320.173 333.214
330.557 345.522
342.480 356.676
353.250 368.983
362.865 386.676
376.326 398.599
390.557 405.522
413.634 404.753
431.711 381.291
383.250 275.522
375.942 255.522
358.634 244.753
340.173 236.676
319.788 229.753
302.865 223.983
289.403 233.599
286.326 251.291
293.250 262.445
302.865 280.522
305.173 296.291
309.403 308.983
317.865 321.291
329.788 333.599
345.557 343.599
391.326 291.291
387.480 306.291
393.250 328.983
404.403 341.676
410.173 353.983
392.865 349.753
378.250 329.368
362.480 328.983
345.557 324.368
330.173 315.906
322.865 301.291
324.019 286.676
331.326 277.829
347.480 270.906
366.326 260.906
305.942 283.599
306.711 267.445
308.634 253.983
309.019 242.060
309.019 232.445
}
