version: 1
n_points: 55
{
171.949 391.355
162.583 384.287
151.731 378.330
140.029 379.606
131.306 387.692
125.561 398.968
123.434 410.245
126.412 421.947
128.540 430.670
132.583 441.734
136.200 448.968
140.242 454.500
144.285 460.670
150.668 466.628
158.114 471.096
165.136 474.287
173.434 477.053
180.668 476.841
188.966 473.862
194.710 469.181
173.221 424.287
168.966 413.649
165.561 406.841
158.753 395.564
149.817 388.330
140.242 386.841
133.221 395.989
131.944 406.841
132.370 416.202
134.072 425.989
136.200 433.224
137.902 438.543
139.817 443.224
143.646 448.117
146.838 451.734
176.838 422.160
176.838 428.330
175.987 434.713
181.093 439.606
183.859 445.564
175.987 447.904
168.753 442.372
159.178 444.713
152.370 443.224
147.263 440.245
147.263 430.883
148.966 424.287
154.285 420.245
159.817 416.628
166.200 413.224
141.935 422.089
144.157 412.978
147.268 405.200
149.935 400.755
153.268 396.311
}
