version: 1
n_points: 55
{
356.097 208.318
352.695 205.535
349.912 203.885
346.407 203.370
343.417 204.607
340.737 207.803
338.984 211.617
337.850 216.050
337.953 220.174
339.087 224.710
340.427 228.112
342.489 231.102
344.345 233.370
345.685 234.916
347.335 236.153
348.881 238.112
350.634 239.349
353.417 240.483
355.685 240.380
357.644 239.246
351.871 219.452
353.623 217.081
353.726 214.091
352.180 210.792
349.603 208.421
346.510 207.493
343.314 207.803
341.355 210.174
340.324 213.782
340.015 217.184
340.015 219.968
340.634 222.236
341.252 225.225
342.902 228.215
345.479 230.483
355.170 220.896
354.242 223.679
354.139 226.256
355.067 228.215
356.201 229.968
353.933 229.452
352.077 226.566
349.706 225.225
347.438 225.741
345.376 225.019
344.860 222.133
345.273 219.349
347.025 217.597
348.675 216.359
351.871 215.535
342.386 224.710
341.355 220.483
341.355 217.287
341.561 214.195
342.902 210.689
}
