version: 1
n_points: 55
{
308.545 142.148
303.745 137.748
297.545 133.948
292.767 132.723
288.704 134.442
285.267 138.348
282.298 142.254
281.517 146.629
281.517 151.629
281.985 156.785
282.610 161.629
283.235 166.629
284.798 172.098
287.454 178.348
289.954 183.817
293.079 187.723
296.204 189.285
299.173 189.754
301.360 189.598
303.704 189.129
304.017 153.817
303.860 149.442
302.142 144.442
297.923 140.067
294.954 136.629
292.142 135.535
288.392 136.317
285.579 140.223
284.017 145.223
284.017 150.067
284.642 154.598
284.798 157.879
284.329 161.942
285.110 165.535
287.142 169.598
305.110 161.629
301.985 164.285
302.454 168.035
303.235 171.942
302.923 174.129
300.267 174.598
296.360 167.410
292.610 166.942
288.704 166.629
286.673 162.567
287.610 158.348
291.204 155.379
294.798 153.348
298.235 150.692
302.298 149.754
286.517 152.254
288.704 148.035
291.829 145.067
294.485 142.879
296.360 141.473
}
