version: 1
n_points: 55
{
235.833 525.889
210.833 512.000
191.389 506.444
165.833 507.556
150.833 520.333
139.722 539.778
135.833 567.556
139.167 592.556
146.389 614.778
165.278 635.889
176.389 650.333
188.056 667.000
200.278 682.556
216.389 700.889
229.722 718.111
242.500 731.444
255.833 737.000
270.278 744.778
288.056 745.333
299.167 738.667
243.056 606.444
235.278 586.444
222.500 562.000
210.278 540.333
202.500 529.222
186.389 524.778
171.944 529.778
161.389 552.000
155.833 579.222
159.167 598.667
170.833 612.556
177.500 628.667
188.056 646.444
201.389 664.222
218.611 678.667
245.278 619.778
244.722 638.667
251.944 652.556
265.278 669.222
254.722 660.333
243.611 657.556
235.278 654.222
220.833 654.778
211.389 640.889
206.944 629.778
208.611 618.667
213.056 606.444
221.389 594.778
226.944 589.222
231.389 584.778
170.278 600.333
170.278 585.333
172.500 572.000
175.278 557.000
178.056 541.444
}
