version: 1
n_points: 55
{
504.000 307.000
491.000 295.000
476.000 282.000
461.000 280.000
448.000 283.000
442.000 290.000
437.000 300.000
436.000 317.000
436.000 333.000
438.000 347.000
444.000 360.000
450.000 371.000
457.000 382.000
464.000 391.000
475.000 400.000
485.000 411.000
492.000 418.000
506.000 419.000
514.000 413.000
519.000 406.000
488.079 339.850
487.268 327.147
486.457 310.661
480.511 301.742
472.403 295.796
464.025 296.066
456.998 298.499
451.052 304.445
449.971 315.526
448.889 328.769
448.349 340.661
449.700 352.283
455.646 363.093
460.241 370.931
468.889 379.580
500.511 338.499
499.430 344.715
502.943 358.769
511.322 368.499
512.403 378.769
496.998 376.066
492.133 368.769
484.025 369.850
474.025 367.147
465.646 357.147
464.295 346.066
468.349 336.337
474.025 330.661
480.241 325.526
486.727 320.391
452.673 333.634
452.403 324.445
452.673 312.012
455.646 304.715
460.781 302.012
}
