version: 1
n_points: 55
{
259.123 371.322
247.200 362.476
236.046 356.322
224.507 355.938
212.200 362.476
202.200 377.476
196.430 394.399
192.200 411.322
193.353 424.399
193.353 439.399
192.584 455.938
191.815 469.015
196.430 483.630
201.046 498.245
207.584 510.553
214.507 521.322
221.430 530.168
228.738 537.861
237.200 541.322
244.123 540.938
249.123 417.092
251.430 401.707
252.584 385.168
243.738 376.322
228.353 372.092
220.661 374.784
208.353 384.399
204.507 393.630
202.584 404.784
201.046 414.015
201.046 423.630
199.123 434.784
196.430 443.630
196.815 460.553
204.507 472.476
253.738 434.399
246.046 445.938
242.584 459.784
248.738 472.861
248.353 485.553
240.661 481.707
234.892 469.015
223.738 465.553
212.584 463.630
205.277 449.784
205.277 436.707
211.430 428.245
219.507 419.399
232.200 415.168
244.892 407.092
203.738 418.630
207.969 407.476
210.277 398.630
216.815 390.168
222.969 381.322
}
