version: 1
n_points: 55
{
720.250 536.833
686.083 526.000
650.250 516.000
612.750 528.500
591.917 556.000
581.083 581.000
578.583 613.500
586.083 653.500
596.917 691.833
611.083 724.333
634.417 758.500
658.583 789.333
676.083 814.333
711.083 831.833
743.583 852.667
771.917 876.000
801.917 882.667
836.917 886.833
846.917 860.167
854.417 841.000
753.583 661.833
737.750 630.167
719.417 591.000
694.417 567.667
667.750 552.667
637.750 552.667
606.917 563.500
600.250 600.167
605.250 638.500
614.417 685.167
635.250 733.500
662.750 758.500
684.417 773.500
706.917 787.667
722.750 801.833
780.250 661.000
778.583 677.667
776.917 715.167
805.250 744.333
815.250 763.500
797.750 777.667
770.250 755.167
746.917 749.333
726.197 754.561
701.652 739.106
688.924 708.197
688.015 685.470
696.197 666.379
715.288 653.652
731.652 640.924
636.197 710.924
632.561 670.924
632.561 632.742
630.742 597.288
628.015 566.379
}
