version: 1
n_points: 55
{
217.174 330.037
210.210 320.716
203.822 311.272
192.155 304.327
183.822 304.327
178.266 308.772
177.433 316.549
176.877 323.494
176.044 331.272
176.322 341.272
177.710 349.883
179.655 356.272
183.266 365.161
186.877 371.272
192.988 379.327
197.988 384.049
204.655 389.049
215.210 389.605
220.488 386.827
225.766 384.049
207.155 341.827
204.099 333.494
202.988 325.161
198.266 318.772
191.877 313.772
185.488 313.216
180.488 318.494
179.655 327.383
179.099 335.716
180.210 343.494
181.044 350.994
183.266 357.383
184.933 361.827
189.655 367.383
192.988 370.994
211.599 345.716
210.766 351.827
210.766 357.105
214.377 362.661
215.210 367.661
209.099 364.605
203.266 359.605
195.766 360.161
189.377 360.161
188.822 354.327
189.655 349.049
192.155 344.605
195.766 339.883
199.377 337.105
202.988 336.272
182.988 353.216
183.266 346.549
182.710 339.605
184.933 330.716
188.822 320.161
}
