version: 1
n_points: 55
{
671.705 1063.114
647.971 1040.776
615.828 1024.347
582.971 1017.919
552.256 1032.205
532.971 1055.062
517.256 1085.062
509.399 1121.490
508.685 1157.919
512.971 1194.347
520.828 1230.776
538.685 1274.347
564.399 1310.062
593.685 1335.776
635.828 1362.919
655.114 1377.205
680.828 1387.205
704.399 1399.347
725.114 1405.062
746.542 1409.347
650.114 1198.633
655.828 1168.633
648.685 1120.776
639.399 1092.919
613.685 1067.205
572.971 1067.919
545.828 1093.633
540.828 1130.776
535.114 1180.062
543.685 1222.919
557.256 1259.347
581.542 1282.919
600.828 1294.347
625.828 1307.919
651.542 1312.919
691.542 1190.776
687.971 1206.490
685.828 1247.919
721.542 1289.347
722.971 1302.919
688.685 1292.919
667.971 1265.776
633.685 1264.347
612.971 1254.347
597.256 1233.633
595.828 1211.490
602.256 1185.062
612.971 1162.919
629.399 1150.062
651.542 1144.347
544.399 1195.062
550.114 1161.490
563.685 1124.347
571.542 1100.062
583.685 1080.062
}
