version: 1
n_points: 55
{
496.976 361.491
489.643 347.824
471.310 337.158
457.310 331.158
447.643 329.491
440.976 336.491
437.310 348.158
433.310 357.158
433.310 366.824
433.976 379.824
435.310 391.824
435.976 404.158
435.976 417.491
438.643 434.491
444.643 452.824
452.310 465.824
465.310 481.158
476.643 485.824
487.643 483.824
495.976 475.158
481.643 396.491
482.976 383.824
481.643 371.158
478.976 361.158
470.310 351.824
459.643 346.158
446.976 341.491
439.976 354.158
437.976 367.158
437.310 379.491
438.310 387.491
438.643 400.491
439.976 416.824
441.643 430.824
452.310 446.824
483.310 403.491
480.976 415.824
483.643 429.824
488.310 435.158
489.643 442.491
480.310 441.158
473.643 435.824
464.310 433.491
458.976 426.491
457.643 418.158
459.310 411.824
464.643 406.491
467.643 399.158
471.310 390.491
481.310 387.158
443.476 390.158
447.076 381.358
451.476 372.958
454.676 362.158
459.076 354.958
}
