version: 1
n_points: 55
{
294.737 355.714
286.959 345.714
271.959 338.769
258.071 337.658
246.959 342.936
240.848 352.103
236.682 364.325
237.237 379.047
240.848 391.547
243.626 402.658
248.348 415.158
257.237 427.380
267.515 437.936
279.182 445.436
290.571 451.825
299.182 457.103
307.515 461.825
313.904 462.936
319.459 462.936
326.959 464.325
286.959 389.603
287.237 381.269
285.293 370.714
281.682 364.325
275.848 358.769
267.793 355.158
256.126 354.603
248.904 361.547
246.959 372.658
247.515 384.325
248.348 395.158
251.126 405.158
257.515 414.880
263.626 422.936
274.737 429.603
304.182 390.991
304.459 397.936
303.626 414.047
313.071 422.658
315.848 430.714
305.293 427.380
296.959 418.214
286.404 417.380
278.904 415.991
272.793 409.325
269.459 399.880
270.293 389.047
272.793 382.658
278.071 377.658
284.459 375.991
252.237 400.158
253.626 387.658
254.182 377.380
256.126 367.103
259.182 361.825
}
