version: 1
n_points: 55
{
160.906 259.338
150.095 244.743
139.284 233.662
128.474 229.878
119.284 237.175
116.582 246.905
115.501 259.067
114.149 270.689
113.609 284.473
112.798 297.446
112.528 310.148
114.419 324.202
117.933 336.905
121.446 344.743
126.041 351.500
131.446 355.554
138.744 358.527
144.690 360.689
150.095 361.229
156.852 360.419
151.717 296.094
149.284 285.013
143.609 267.446
137.933 254.473
127.392 248.257
119.825 249.608
118.474 259.608
117.663 272.311
117.392 281.770
117.392 292.040
116.852 301.229
117.122 309.878
118.744 317.175
121.717 323.932
123.879 329.067
154.149 297.986
149.555 306.635
150.636 316.905
153.068 323.392
154.419 329.067
147.933 327.716
145.230 322.311
139.825 320.148
130.095 315.284
125.771 309.878
129.284 299.067
131.987 294.202
134.960 288.797
139.284 286.905
145.771 285.013
119.284 290.148
122.528 280.148
126.311 271.229
131.176 265.013
133.879 257.986
}
