version: 1
n_points: 55
{
483.750 475.500
470.750 462.000
452.250 446.500
434.250 442.000
422.250 451.500
418.750 466.000
420.750 482.000
426.750 497.000
431.250 515.000
436.250 534.500
441.250 551.500
447.750 567.500
455.750 581.500
462.750 592.500
469.250 605.000
476.250 614.000
485.250 619.500
494.750 618.000
499.250 615.000
505.750 611.500
479.619 505.467
472.952 493.133
463.285 480.800
452.285 470.467
441.952 466.800
428.285 464.467
427.952 476.133
431.952 488.800
434.619 498.800
433.619 509.800
433.619 521.133
439.619 539.800
443.285 546.133
449.285 553.133
454.952 559.467
492.785 538.086
488.023 544.276
487.071 553.324
493.261 564.752
493.554 568.239
489.324 564.778
484.324 553.624
477.401 549.008
466.631 547.854
454.708 543.239
445.093 527.854
445.093 515.931
449.324 504.008
458.939 497.854
469.708 494.393
435.862 495.931
438.939 487.854
439.708 480.931
441.247 475.162
441.247 470.931
}
