version: 1
n_points: 55
{
107.333 488.022
99.104 485.260
85.979 483.593
77.229 485.260
72.021 488.593
71.188 498.177
71.813 508.802
73.688 518.385
76.813 524.843
79.313 530.468
84.313 534.010
93.063 537.968
102.021 543.385
107.229 550.677
113.896 555.052
120.771 557.760
129.521 557.135
136.188 554.427
138.896 550.885
141.813 546.093
109.729 505.052
102.438 499.427
97.021 493.802
89.104 492.343
80.563 493.385
76.604 499.427
76.396 507.135
77.854 516.302
80.146 523.385
85.771 529.218
92.438 533.177
98.896 537.552
102.021 540.885
107.646 543.593
109.313 545.885
112.646 504.635
111.396 510.885
114.729 519.843
120.354 527.343
122.021 532.760
118.271 533.802
114.729 534.427
107.021 536.093
103.688 534.635
101.604 529.218
100.979 522.968
102.438 517.552
103.063 513.593
105.146 510.052
108.479 507.343
96.510 531.064
92.324 524.087
89.300 518.739
86.045 512.459
84.882 504.785
}
