version: 1
n_points: 55
{
216.646 199.614
207.159 193.204
197.415 188.076
188.954 187.563
178.697 190.640
170.492 199.358
164.851 209.358
162.287 222.435
164.339 235.512
168.441 247.563
173.826 256.794
179.723 264.999
185.364 273.460
193.056 281.409
199.723 287.307
207.159 289.101
214.851 290.127
221.005 290.127
224.082 286.794
224.339 277.819
208.441 234.230
212.031 226.537
211.262 216.794
208.441 208.845
202.800 201.922
193.313 199.871
181.262 199.614
175.621 207.563
171.774 217.563
169.723 228.076
170.492 237.050
174.082 245.512
177.672 253.460
183.313 261.922
193.056 267.050
223.569 232.691
220.492 237.819
218.954 249.358
221.262 257.050
221.005 263.460
212.800 263.204
204.339 253.717
194.082 251.666
187.159 246.537
185.364 240.640
189.723 236.794
192.287 232.948
197.672 229.614
204.082 226.281
208.954 223.717
174.851 231.409
176.903 223.717
178.697 216.281
181.774 209.871
184.339 204.743
}
