version: 1
n_points: 55
{
793.282 305.601
782.969 294.351
768.594 289.038
758.282 285.288
746.094 290.913
737.969 302.163
734.532 317.788
735.782 331.226
736.719 341.538
739.219 352.788
741.719 364.663
744.844 376.851
749.532 389.976
756.094 402.476
762.657 412.163
773.594 423.413
784.532 431.538
798.594 437.163
807.657 434.663
817.032 429.976
787.657 341.851
786.719 325.288
779.219 311.538
771.719 301.538
760.782 298.726
750.469 301.226
744.532 310.913
742.657 324.038
745.157 337.163
747.344 347.788
749.219 357.788
750.782 368.726
756.719 384.351
764.219 389.976
768.282 400.288
798.282 350.601
796.719 360.913
800.469 369.976
805.782 376.226
805.157 386.851
798.282 391.851
790.469 388.413
783.907 387.163
774.844 375.913
768.594 371.226
764.844 360.913
764.532 349.038
768.282 339.663
776.719 335.913
784.532 334.351
758.282 382.163
753.282 364.038
752.032 343.413
751.094 322.163
753.907 304.663
}
