version: 1
n_points: 55
{
394.224 314.255
377.965 315.519
364.632 321.580
355.541 331.883
350.693 344.610
348.874 360.065
350.996 376.126
357.662 389.459
368.268 399.156
378.571 407.641
390.087 415.216
402.814 417.641
412.511 418.853
420.087 419.156
427.359 421.883
436.450 422.489
444.632 419.762
449.784 414.913
453.420 410.368
454.632 400.671
408.571 363.398
404.935 350.974
399.784 339.762
392.208 331.277
378.571 328.550
366.753 335.216
360.087 345.519
356.450 352.792
357.056 364.913
361.905 378.247
366.450 383.398
373.723 390.368
379.784 393.701
385.844 395.519
392.208 395.216
420.087 354.913
418.874 363.398
423.723 369.762
434.026 374.004
438.571 380.368
436.450 384.307
422.511 384.004
410.087 384.913
400.390 389.762
390.996 387.035
381.905 379.762
383.117 368.247
386.450 357.338
397.056 352.792
399.784 346.126
371.905 384.004
368.268 374.610
368.571 362.792
368.874 350.368
370.693 338.853
}
