version: 1
n_points: 55
{
372.483 345.567
364.197 330.138
352.483 315.853
339.055 310.138
326.769 310.996
319.912 316.424
315.340 327.853
312.197 340.710
310.197 353.853
309.626 367.567
313.912 382.996
318.769 396.710
324.197 411.853
330.197 426.996
337.055 436.424
344.197 444.710
352.483 453.853
360.197 458.996
370.197 464.710
384.197 461.567
367.626 370.996
362.197 352.138
356.197 336.424
347.912 325.281
339.055 320.710
329.055 322.710
324.769 334.424
321.912 344.710
319.912 358.996
321.912 373.567
325.626 388.138
330.197 400.138
335.912 412.996
343.626 423.281
357.626 432.138
373.055 368.424
369.340 379.853
367.626 396.710
373.626 405.281
381.340 421.567
372.483 417.853
365.912 410.138
359.055 412.996
351.626 410.710
346.197 396.710
346.483 388.996
348.197 379.567
353.340 371.853
357.055 364.424
361.912 358.996
329.912 388.138
330.197 372.710
332.483 358.138
332.769 343.567
332.769 330.138
}
