version: 1
n_points: 55
{
246.662 563.120
219.440 539.786
178.885 522.564
139.440 528.120
108.329 554.786
98.885 578.675
95.551 607.564
98.329 630.897
107.774 657.564
127.218 686.453
143.885 712.564
158.329 733.675
174.996 752.009
192.774 769.786
211.662 782.564
229.440 793.120
249.996 804.231
273.885 808.120
294.440 798.120
303.329 778.675
237.607 652.675
240.274 632.675
230.274 604.675
217.607 580.009
202.274 560.009
177.607 548.009
146.940 550.009
126.940 564.675
118.940 588.675
116.940 614.009
121.607 634.675
129.607 662.009
144.940 689.342
163.607 713.342
190.274 741.342
266.274 674.675
264.940 690.009
279.607 707.342
283.607 728.675
262.940 724.675
243.607 712.009
232.940 698.675
210.940 704.675
190.940 696.675
178.940 682.675
176.940 662.675
185.607 648.675
195.607 633.342
212.274 624.009
228.274 612.675
155.607 694.675
141.607 660.009
144.940 622.675
153.607 588.675
175.607 563.342
}
