version: 1
n_points: 55
{
231.468 259.320
232.209 243.394
229.987 231.172
222.949 224.875
209.616 224.135
199.987 230.431
189.616 241.542
181.098 252.653
175.912 269.320
170.727 285.616
168.505 299.690
166.283 313.394
165.912 327.838
165.912 339.690
167.764 350.431
167.024 360.801
168.505 372.283
171.838 378.579
178.875 385.987
185.542 387.838
221.098 264.135
218.505 252.653
213.690 242.653
205.542 238.579
196.653 245.616
188.875 257.468
183.690 267.838
179.616 277.098
178.875 288.209
174.801 299.690
172.209 308.209
172.579 315.987
174.061 324.875
177.394 330.801
177.764 336.357
214.061 305.616
207.764 312.653
202.579 321.172
202.949 327.838
203.320 337.098
200.357 327.838
197.764 323.764
189.987 321.912
181.098 315.616
182.209 308.949
184.431 298.579
188.875 290.431
197.024 285.246
203.320 281.912
211.838 282.653
179.246 295.987
185.172 282.283
191.098 272.283
198.135 261.542
205.912 251.172
}
