version: 1
n_points: 55
{
348.716 262.569
332.790 247.013
316.123 239.235
305.753 239.235
295.382 245.902
287.605 258.494
280.938 275.161
281.308 293.680
285.382 311.457
289.827 329.976
292.790 345.532
298.345 359.235
305.753 374.050
311.308 382.569
317.234 393.309
328.345 402.198
338.345 408.494
346.494 408.865
354.271 406.643
359.086 399.235
345.753 315.902
341.679 298.494
338.345 281.828
329.086 270.346
320.197 262.198
309.086 255.902
299.456 257.383
291.308 265.532
288.345 278.865
288.345 292.569
294.271 309.235
298.716 328.865
301.679 342.939
306.123 354.420
316.123 365.532
352.049 322.939
347.975 330.717
353.160 349.606
358.716 359.235
360.568 369.235
349.456 364.420
339.456 351.087
327.975 350.346
320.568 338.494
321.308 328.124
322.419 317.383
325.382 309.976
328.716 308.124
335.382 307.013
342.049 306.272
304.271 336.643
303.531 316.643
305.382 302.198
310.938 287.754
313.160 270.717
}
