version: 1
n_points: 55
{
359.227 201.985
349.227 198.175
339.941 193.651
332.322 193.175
324.227 199.366
320.655 207.461
320.894 216.508
320.894 223.889
322.084 231.270
324.703 238.889
327.084 245.080
331.370 251.746
336.370 259.127
339.465 265.794
344.703 270.794
352.560 273.889
361.132 276.746
368.751 275.556
375.417 271.508
375.894 264.127
357.084 220.794
354.465 213.889
348.275 207.461
340.894 203.175
336.370 201.985
329.227 204.604
324.227 210.080
323.751 220.080
325.655 227.699
330.655 231.270
332.084 239.366
333.036 244.604
336.846 249.842
341.370 255.080
346.846 258.889
364.227 221.985
362.322 228.413
361.608 236.985
367.322 240.318
367.798 246.508
361.132 249.842
356.370 246.746
350.655 247.937
345.894 246.985
342.798 243.175
342.322 237.699
343.989 233.651
345.655 227.937
348.036 222.461
353.751 221.032
334.941 241.032
333.036 231.985
332.322 221.985
332.560 213.651
333.513 206.746
}
