version: 1
n_points: 55
{
426.176 713.824
389.706 690.882
355.000 673.824
321.471 667.941
293.235 687.941
282.059 717.353
284.412 749.706
284.412 777.353
284.412 810.294
293.824 846.176
309.706 877.941
322.059 897.353
336.765 918.529
347.941 940.294
359.706 956.176
373.824 972.059
393.235 985.588
419.118 985.000
439.706 976.176
457.353 949.706
412.647 804.412
409.118 783.235
396.765 755.000
380.882 733.824
361.471 714.412
345.000 703.824
320.882 699.706
299.706 707.353
298.529 736.176
302.647 759.706
303.824 796.176
309.118 824.412
317.353 849.706
328.529 873.235
353.235 893.235
430.294 797.941
415.588 816.765
410.882 850.294
427.353 873.824
430.882 894.412
409.118 892.647
396.765 878.529
375.000 870.294
356.765 869.118
341.471 854.412
342.647 832.059
356.176 812.647
369.706 795.588
376.765 780.294
399.118 769.706
305.637 779.935
311.193 759.935
312.304 741.601
312.859 729.935
312.304 716.046
}
