version: 1
n_points: 55
{
397.550 302.232
387.872 299.329
378.840 294.490
366.904 293.200
358.195 300.942
354.646 311.264
354.324 321.587
355.292 329.651
357.227 339.329
360.130 345.780
362.388 352.232
366.904 359.329
370.453 366.748
373.679 376.103
377.550 384.490
381.098 391.587
387.227 399.329
395.614 402.877
404.001 399.651
409.808 391.909
392.066 330.296
388.517 320.619
385.614 310.619
379.162 304.813
371.421 302.555
362.711 308.038
360.130 317.071
362.066 326.103
364.646 332.555
365.614 341.587
367.227 350.942
368.195 357.716
371.098 365.135
379.162 373.200
384.324 382.555
393.679 338.684
393.033 346.103
396.259 353.522
402.388 362.877
405.067 367.983
397.018 362.861
392.384 360.666
383.116 359.690
377.994 355.788
376.043 351.397
375.555 347.983
377.262 343.349
380.433 339.202
385.799 336.763
389.945 336.275
368.238 344.812
367.750 336.519
367.750 325.300
367.018 317.007
367.750 307.739
}
