version: 1
n_points: 55
{
330.524 242.476
308.619 227.238
287.667 216.762
271.000 217.714
252.429 230.571
242.905 249.619
240.048 270.095
241.476 296.286
245.286 321.048
249.095 340.095
252.905 357.714
258.143 373.429
264.810 390.095
270.048 400.095
274.333 413.905
282.905 424.381
295.286 433.905
309.095 437.238
320.524 432.476
327.190 421.048
320.524 327.714
319.095 302.476
318.619 278.190
307.667 257.714
293.857 244.857
278.143 236.762
265.286 240.095
258.143 246.762
251.952 262.952
250.048 274.857
252.905 293.429
255.286 315.333
257.667 334.857
260.524 354.381
269.095 366.286
331.000 327.714
324.810 336.762
323.857 372.000
331.000 382.476
328.143 393.429
317.667 380.571
314.333 362.952
298.143 359.143
288.143 352.000
288.143 340.571
292.429 327.238
296.714 316.762
302.905 309.143
308.619 304.857
316.714 302.952
265.286 337.714
262.429 312.952
268.143 289.143
276.714 271.048
289.095 252.952
}
