version: 1
n_points: 55
{
431.048 425.857
413.222 391.509
391.918 375.422
371.483 374.988
350.179 379.335
341.048 391.509
336.266 405.857
331.918 423.248
333.222 443.683
339.309 463.248
341.048 480.640
340.614 497.596
344.527 516.727
348.875 537.161
356.266 554.553
366.701 573.248
379.309 591.944
396.266 598.031
408.440 590.205
415.396 578.466
414.961 471.944
414.527 452.379
411.483 428.466
406.266 409.770
398.440 393.683
381.048 386.292
365.831 381.944
353.222 387.161
345.831 394.553
341.048 415.422
341.918 433.248
347.570 452.379
349.309 471.944
349.744 494.553
359.309 520.640
421.483 475.422
415.831 480.640
403.222 515.857
411.483 529.335
416.701 541.944
409.309 531.944
402.353 521.509
384.961 518.901
376.979 502.935
372.979 482.535
385.379 469.735
392.979 461.735
402.179 455.735
406.179 449.335
412.179 446.135
353.779 467.335
356.179 448.135
358.579 434.935
361.379 417.735
374.579 397.335
}
