version: 1
n_points: 55
{
1428.428 733.067
1405.797 712.014
1387.376 699.383
1364.218 702.541
1344.218 717.804
1333.165 742.014
1330.534 771.488
1335.271 805.699
1343.165 831.488
1347.376 856.225
1348.428 879.383
1357.376 897.804
1365.797 916.751
1371.586 932.541
1380.007 949.383
1392.639 968.857
1408.428 986.751
1430.534 992.541
1446.850 987.278
1460.007 967.278
1424.744 815.172
1417.376 786.751
1408.955 755.172
1398.428 740.962
1384.744 732.014
1367.902 730.962
1352.639 737.278
1344.218 757.278
1343.692 776.751
1350.534 800.435
1356.323 818.857
1355.271 838.330
1360.007 859.909
1370.007 881.488
1378.955 894.646
1432.639 814.646
1424.218 827.278
1421.060 850.435
1430.534 864.646
1437.902 890.435
1422.639 894.120
1416.850 873.067
1396.850 869.909
1381.060 862.014
1370.007 849.383
1369.481 826.225
1381.586 812.014
1391.586 807.804
1406.323 805.699
1417.902 801.488
1358.428 813.067
1362.639 799.383
1367.376 779.909
1372.639 762.541
1382.113 744.646
}
