version: 1
n_points: 55
{
532.250 361.500
510.750 352.000
495.250 347.000
477.750 348.500
467.250 362.000
463.250 383.500
465.250 399.500
471.750 419.000
477.250 436.000
484.250 454.500
491.750 476.500
499.250 497.000
510.250 515.500
517.250 525.500
526.750 532.500
541.250 540.500
553.250 539.500
564.250 534.000
569.750 524.500
571.250 511.500
548.250 422.500
537.750 403.500
524.250 387.500
506.750 370.500
492.250 363.000
478.250 368.000
472.750 381.500
472.250 396.500
474.250 413.000
480.250 427.500
485.750 439.500
490.250 452.000
497.750 461.000
505.750 471.000
515.750 475.500
558.250 431.500
557.750 447.000
555.250 456.000
561.750 470.000
563.750 482.000
548.750 476.500
543.250 461.000
527.250 460.500
511.250 452.500
502.250 442.000
501.250 428.000
512.250 421.500
523.250 417.000
529.750 412.000
537.750 410.000
483.750 423.000
484.250 410.000
485.250 395.500
487.250 381.500
487.250 372.500
}
