version: 1
n_points: 55
{
336.049 282.584
322.867 269.857
310.594 259.402
293.322 258.038
281.958 268.038
275.140 285.311
273.322 304.402
274.231 321.220
275.594 335.766
276.958 346.675
278.776 357.584
281.049 366.675
282.867 377.129
286.049 388.038
288.322 397.129
293.322 406.220
302.867 413.038
316.120 418.038
327.995 414.913
335.495 403.038
328.307 328.663
329.557 311.788
327.682 293.976
319.870 283.038
308.620 275.538
299.557 270.226
286.432 274.913
282.057 287.726
283.307 298.976
282.995 313.976
283.932 329.288
284.245 342.726
285.807 355.851
287.995 366.788
290.807 379.913
342.057 328.663
336.745 333.351
327.370 352.101
329.557 361.788
330.182 372.101
320.807 370.538
315.495 361.163
307.682 358.663
302.995 352.413
301.745 343.663
303.620 333.351
309.245 327.101
313.932 322.413
320.182 319.601
327.995 317.101
287.682 325.226
292.370 313.038
297.057 302.726
298.932 291.163
299.245 279.288
}
