version: 1
n_points: 55
{
217.291 411.902
209.077 405.116
199.791 397.973
191.934 395.830
183.720 399.402
178.005 407.616
175.505 419.402
174.077 431.902
174.791 445.473
177.648 458.330
181.934 470.473
184.791 484.045
187.648 495.830
190.863 509.402
197.648 519.759
205.505 528.330
216.577 536.187
230.148 539.402
241.220 536.902
251.220 529.759
228.720 446.187
219.077 436.187
210.505 424.045
201.934 414.759
193.720 413.330
185.863 414.045
184.077 423.330
182.291 432.616
180.863 444.759
183.363 455.830
187.648 465.116
189.791 475.830
193.005 486.902
194.791 496.187
199.434 503.330
229.791 451.902
228.005 457.616
232.648 474.759
238.005 483.330
240.505 491.545
229.434 492.259
222.648 486.902
210.505 486.902
203.363 483.687
199.434 474.402
195.863 463.330
198.005 453.330
202.291 447.616
210.505 445.116
219.077 441.902
188.005 458.687
190.505 449.045
190.863 438.687
191.934 430.116
194.434 420.830
}
