version: 1
n_points: 55
{
420.964 556.547
399.464 532.047
378.964 509.547
341.464 496.047
311.964 502.547
294.464 519.547
281.964 542.547
276.964 563.547
280.964 587.547
293.464 614.547
304.464 632.547
320.964 655.047
337.964 674.547
358.464 698.047
381.464 718.547
398.964 734.047
413.964 747.547
431.964 749.547
446.464 738.047
447.964 721.047
382.464 604.047
386.964 580.547
380.964 555.547
370.964 532.047
360.464 521.547
335.464 520.547
315.964 529.047
306.464 542.547
303.964 563.047
305.964 592.047
312.964 619.047
329.964 642.047
346.464 658.047
363.464 674.047
385.964 681.047
413.464 606.547
413.964 619.047
417.964 639.547
429.964 650.047
433.464 666.547
418.464 671.547
396.964 659.047
376.464 659.547
360.964 647.047
354.464 629.547
352.964 614.047
357.464 596.047
363.964 585.547
374.964 577.047
382.964 569.547
327.380 609.380
325.158 586.602
326.825 566.047
334.603 546.047
345.158 531.602
}
