version: 1
n_points: 55
{
380.261 127.884
371.394 117.263
363.101 108.970
348.467 107.507
342.126 113.848
336.516 121.897
334.809 128.482
334.077 138.726
334.077 148.238
334.565 160.190
337.492 167.751
340.419 174.824
343.345 183.604
347.980 191.409
352.858 197.263
357.492 206.043
364.321 212.385
372.858 214.824
381.638 214.336
391.638 205.555
375.053 152.141
371.638 140.921
365.297 128.726
360.175 120.921
350.419 119.946
344.321 120.190
339.931 128.482
338.223 139.946
338.711 148.970
339.687 159.702
342.126 169.946
346.272 178.238
350.175 184.580
354.321 187.751
356.516 193.604
376.516 163.848
372.370 170.921
371.882 177.019
375.297 182.141
375.053 188.726
369.199 182.629
365.541 174.336
360.419 174.092
352.126 172.872
350.175 166.775
352.370 160.921
356.028 156.287
359.931 151.897
363.833 147.751
370.662 146.531
341.638 161.165
343.345 149.946
347.248 137.994
349.931 130.190
353.345 124.824
}
