version: 1
n_points: 55
{
256.970 354.835
240.431 344.065
221.970 334.450
204.662 329.065
188.893 336.758
177.354 350.988
172.354 369.065
172.354 387.142
173.123 408.296
180.816 425.604
186.585 439.450
195.816 454.065
203.508 467.912
212.739 477.912
221.585 482.142
231.970 488.681
247.354 493.681
257.739 489.450
263.508 484.450
270.431 477.142
247.354 400.988
248.508 379.450
239.662 361.373
226.200 352.912
208.508 349.450
192.739 354.065
185.046 362.142
183.508 376.373
184.277 391.373
184.277 406.373
187.354 419.835
193.123 431.758
200.431 439.450
208.893 449.835
211.585 457.527
259.277 415.988
256.200 425.604
255.431 439.065
261.200 447.912
261.585 456.373
243.893 450.219
231.200 436.758
219.277 436.373
210.431 429.450
202.354 420.988
199.662 407.527
206.970 400.219
218.893 396.758
227.354 394.835
242.739 390.604
187.739 404.065
194.662 394.450
199.662 380.219
202.354 366.758
206.585 359.450
}
