version: 1
n_points: 55
{
604.811 238.208
590.266 230.481
573.448 223.663
555.266 224.572
539.811 231.390
528.902 246.845
523.448 260.936
523.448 277.754
527.993 295.481
534.811 315.481
541.175 330.026
545.720 343.663
552.993 357.754
562.993 370.026
576.175 382.754
585.720 388.663
599.811 395.481
614.357 395.936
622.993 388.663
626.175 375.026
599.357 295.936
597.538 279.117
592.538 256.845
586.629 242.299
570.720 234.117
552.538 236.390
537.538 245.481
532.084 262.754
534.357 283.208
538.902 302.754
544.357 320.936
552.084 336.845
561.629 345.936
568.448 353.208
578.902 364.572
608.448 298.208
604.811 310.026
606.629 320.481
612.993 328.663
616.629 340.026
602.993 342.299
588.902 332.754
575.266 334.572
564.811 330.481
556.175 320.026
560.266 306.845
563.448 298.663
571.175 290.936
579.811 283.663
591.175 278.663
550.266 311.845
549.811 292.754
552.538 272.299
561.175 255.026
569.811 243.663
}
