version: 1
n_points: 55
{
250.599 303.408
236.015 291.741
220.182 281.325
201.015 277.991
186.432 285.908
175.182 305.075
174.349 325.908
177.682 348.408
182.682 365.908
187.265 383.825
195.599 405.075
201.432 422.158
208.932 434.241
216.432 446.741
223.932 457.991
235.182 467.158
246.849 476.325
256.432 481.325
265.182 480.491
274.349 477.575
250.599 360.491
247.265 344.241
245.182 327.158
232.682 314.658
220.182 304.241
205.599 300.908
194.349 302.575
187.265 310.075
184.765 326.325
188.099 342.575
193.099 356.741
195.182 372.991
198.932 387.158
205.182 399.658
215.182 411.325
264.765 364.241
258.099 372.575
253.932 390.075
258.515 404.658
259.765 417.158
248.515 406.741
244.349 394.241
233.099 392.991
224.765 388.408
218.932 379.241
216.432 370.491
215.599 360.908
223.099 353.408
231.015 344.658
245.182 340.491
196.015 353.825
198.099 341.325
200.182 324.658
204.349 313.825
208.515 309.241
}
