version: 1
n_points: 55
{
228.842 457.842
213.053 455.737
198.316 454.158
186.211 458.368
177.263 473.105
177.263 490.474
180.947 509.947
183.579 528.895
190.421 547.842
196.211 567.842
202.000 585.737
210.421 602.579
221.474 618.368
229.368 624.158
234.105 627.316
242.000 633.105
249.368 637.842
255.684 642.053
263.053 647.842
273.053 652.579
246.403 539.134
236.403 522.595
225.634 507.980
219.480 493.364
209.480 482.211
202.172 472.211
191.787 469.134
186.403 486.441
191.787 499.903
196.018 516.441
196.018 529.518
197.172 547.980
197.172 564.518
202.172 580.672
221.018 602.595
252.557 537.211
248.326 546.057
247.941 567.211
255.249 585.287
257.941 596.441
251.018 589.518
240.634 582.595
228.711 585.287
220.237 579.182
213.674 566.994
213.049 555.744
217.112 546.057
222.737 536.682
226.799 529.182
232.737 521.369
202.112 533.869
203.049 519.494
200.549 504.182
197.424 487.307
196.487 478.557
}
