version: 1
n_points: 55
{
849.807 136.541
845.421 132.857
838.930 128.471
832.088 127.593
825.772 130.400
822.439 136.365
821.561 141.979
822.263 147.769
824.018 153.383
826.649 158.646
828.228 163.558
830.158 167.769
833.140 172.681
836.649 177.243
841.561 182.155
847.526 184.611
853.316 184.962
856.649 184.611
859.456 181.628
860.684 177.067
848.579 153.207
849.632 147.944
849.105 142.857
844.719 138.120
839.105 135.137
832.789 135.137
827.877 136.365
826.298 141.453
825.070 146.716
826.474 152.681
829.105 157.944
831.737 162.506
833.667 165.313
835.421 168.120
839.105 171.278
855.246 152.506
855.246 157.769
854.368 160.927
856.298 164.786
857.702 168.471
855.070 168.997
850.333 165.664
845.596 162.330
841.561 161.628
837.877 160.050
836.649 156.190
836.649 153.032
839.105 150.050
842.263 148.295
847.702 146.365
829.982 155.137
830.509 149.874
831.386 145.488
831.386 142.857
831.211 138.471
}
