version: 1
n_points: 55
{
582.000 1084.500
537.556 1037.833
489.778 995.611
397.556 970.056
362.000 990.056
345.333 1035.611
339.778 1093.389
349.778 1146.722
373.111 1201.167
400.889 1256.722
434.222 1306.722
465.333 1351.167
506.444 1401.167
546.444 1441.167
594.222 1482.278
634.222 1507.833
682.000 1530.056
733.111 1533.389
775.333 1516.722
794.222 1476.722
600.889 1180.056
558.667 1134.500
526.444 1086.722
482.000 1055.611
442.000 1034.500
402.000 1030.056
372.000 1062.278
375.333 1112.278
394.222 1168.944
418.667 1224.500
449.778 1268.944
478.667 1308.944
508.667 1340.056
538.667 1358.944
572.000 1371.167
635.333 1198.944
624.222 1236.722
633.111 1284.500
663.111 1317.833
670.889 1346.722
644.222 1332.278
588.667 1326.722
557.556 1320.056
532.000 1323.389
503.111 1292.278
490.889 1252.278
487.556 1223.389
504.222 1195.611
523.111 1167.833
546.444 1137.833
468.667 1282.278
448.667 1244.500
436.444 1192.278
426.444 1136.722
424.222 1078.944
}
