version: 1
n_points: 55
{
511.338 471.588
496.338 454.588
479.838 443.588
458.838 439.088
439.838 445.588
422.838 462.088
413.838 484.588
411.338 508.588
415.338 530.088
425.838 550.088
439.338 565.588
449.338 576.088
458.838 584.588
470.338 591.588
479.838 600.588
485.338 611.088
495.338 617.088
506.838 619.588
515.838 616.088
526.838 610.588
488.838 513.088
492.338 493.088
490.338 475.588
482.338 459.088
466.838 458.088
452.338 464.088
437.338 474.588
427.838 490.088
424.838 507.088
427.838 525.088
433.838 540.088
441.838 551.588
449.338 559.088
461.338 563.088
471.838 565.088
508.838 526.588
511.838 538.088
509.338 551.088
517.338 560.088
517.338 567.588
508.838 568.088
497.838 559.088
486.338 550.088
472.338 553.088
456.338 545.088
447.838 528.088
458.338 517.088
469.338 505.588
480.838 497.088
488.338 492.088
435.380 526.838
435.380 516.422
438.297 505.172
441.630 493.505
441.630 481.838
}
