version: 1
n_points: 55
{
192.941 264.638
178.617 261.395
162.130 256.800
148.617 261.125
143.211 273.017
142.400 286.800
145.103 300.854
148.617 312.746
154.022 321.935
159.157 330.584
165.373 338.152
172.400 347.071
178.346 352.746
186.184 358.962
190.238 364.368
195.644 369.503
202.130 371.665
207.535 370.854
213.481 368.962
217.806 367.071
196.454 302.476
193.211 294.098
187.535 281.935
179.157 273.827
171.049 269.233
160.508 267.341
150.779 268.692
146.725 278.422
146.995 289.233
149.157 298.152
152.671 308.422
157.265 318.422
161.319 326.530
167.806 334.098
175.373 344.098
201.319 300.584
196.995 310.854
198.617 321.395
204.292 327.071
207.806 335.989
202.130 335.989
196.184 328.692
186.454 329.233
178.076 325.719
174.563 318.692
176.184 313.287
178.617 307.611
181.049 301.395
183.752 296.530
189.427 291.125
159.157 317.611
157.806 305.449
158.076 294.098
158.617 281.665
165.914 274.098
}
