version: 1
n_points: 55
{
552.688 429.875
535.812 404.250
516.438 384.250
486.438 377.375
465.188 389.875
452.062 408.625
445.188 429.875
443.938 455.500
446.438 477.375
443.938 499.250
443.938 525.500
448.938 546.125
457.062 564.875
465.812 577.375
477.062 598.625
487.062 616.125
498.312 628.625
510.812 636.750
522.062 639.875
543.938 638.000
542.688 489.250
537.062 467.375
531.438 439.875
525.188 418.000
518.312 408.000
501.438 397.375
475.188 403.625
462.062 423.000
460.812 435.500
463.938 448.625
461.438 462.375
460.812 479.875
458.938 498.625
458.312 514.250
458.938 525.500
552.688 513.000
542.688 526.750
536.438 544.250
547.688 554.250
548.938 572.375
531.438 564.875
524.562 542.375
498.938 536.125
485.812 519.875
484.562 504.250
489.562 493.000
500.812 481.750
508.938 474.875
520.188 471.125
532.688 472.375
462.062 487.375
467.062 469.250
478.938 445.500
487.062 424.875
495.188 408.625
}
