version: 1
n_points: 55
{
220.179 274.603
211.608 265.460
204.179 259.174
193.893 257.460
182.179 263.460
173.036 272.317
168.465 284.603
165.893 295.174
163.322 306.031
163.322 315.460
163.608 324.888
164.750 334.603
167.322 344.317
170.465 352.317
175.036 362.317
181.322 368.317
187.608 374.317
194.465 377.745
201.608 376.603
208.179 372.888
205.608 311.460
209.036 299.745
210.750 286.888
207.322 277.174
203.036 271.745
194.179 274.603
185.322 278.603
177.036 283.745
172.179 294.603
169.608 305.745
168.465 315.745
169.036 323.460
173.322 331.174
179.608 337.745
185.036 344.888
216.179 314.888
209.036 319.460
205.036 330.888
208.465 340.031
208.179 347.745
203.608 349.174
197.608 342.317
192.465 333.460
183.893 331.745
179.322 322.888
181.322 313.460
187.036 305.745
191.893 302.031
198.179 298.603
204.465 297.745
170.750 312.888
173.036 304.317
175.893 295.460
181.322 287.460
186.750 282.317
}
