version: 1
n_points: 55
{
495.840 431.135
483.147 414.596
469.301 398.442
450.840 391.519
431.609 398.058
425.071 409.212
422.378 420.750
422.378 433.058
423.147 445.750
426.994 460.750
429.686 473.058
431.994 485.750
436.609 497.673
442.378 509.212
452.378 522.673
458.532 534.596
468.532 544.212
482.378 549.212
497.763 551.135
510.840 551.519
487.378 459.212
487.378 444.981
482.378 431.904
476.994 419.981
463.917 412.673
447.763 412.673
434.686 419.596
432.763 432.673
433.532 447.673
433.147 461.519
435.455 472.673
439.686 481.519
443.917 489.596
447.378 495.365
452.763 501.519
500.071 464.981
494.301 475.365
493.917 487.673
498.532 497.673
501.994 507.288
487.378 503.827
476.609 488.827
460.840 487.288
451.609 481.904
443.917 472.673
441.224 463.058
444.301 453.827
455.455 449.981
468.532 446.135
482.378 439.981
434.686 444.981
436.609 439.596
438.532 433.442
439.686 426.519
442.378 419.981
}
