version: 1
n_points: 55
{
662.131 714.170
637.756 714.795
623.381 724.170
614.631 742.920
610.256 763.545
605.881 785.420
609.006 810.420
618.381 832.295
630.881 851.670
644.631 873.545
657.756 897.295
672.756 926.670
689.631 951.670
705.881 974.795
725.256 987.920
739.006 1003.545
754.006 1015.420
775.256 1018.545
788.381 1011.045
797.756 1001.045
734.631 827.295
719.631 807.295
704.006 785.420
692.756 766.670
660.881 753.545
629.631 749.795
623.381 767.920
624.631 800.420
632.131 820.420
647.131 844.170
659.631 862.920
666.506 883.545
684.006 906.670
702.756 926.045
729.006 958.545
734.527 836.343
730.241 862.534
736.907 887.772
755.479 901.105
761.669 915.391
750.717 903.962
740.717 900.153
723.098 899.200
709.288 890.629
693.098 875.391
687.384 857.295
689.765 846.819
698.812 835.391
710.717 824.438
721.669 816.819
667.860 872.534
662.622 846.819
657.384 814.438
655.479 789.676
652.146 764.915
}
