version: 1
n_points: 55
{
258.952 262.223
249.952 249.556
239.952 242.223
224.952 241.890
213.952 248.223
205.952 257.890
204.286 271.556
202.952 286.890
202.619 302.556
202.286 318.556
202.286 329.556
203.952 341.223
205.619 352.223
210.952 363.890
217.952 374.556
224.619 384.223
231.619 395.556
240.619 402.890
252.286 400.556
259.286 397.223
264.286 307.223
261.286 291.890
253.619 276.556
246.952 264.223
238.619 254.890
226.619 249.556
215.952 252.223
209.952 261.890
208.952 275.223
208.619 287.890
208.952 304.223
206.952 315.556
207.619 332.556
213.286 345.223
224.286 355.556
265.286 322.556
258.286 334.890
252.952 347.556
253.952 356.223
251.286 364.223
243.619 356.556
235.952 342.890
224.952 343.556
217.619 335.890
215.286 322.556
217.952 311.890
223.286 304.556
229.619 302.556
239.619 300.556
253.619 300.223
211.952 299.223
215.952 290.556
222.286 281.890
229.619 277.556
232.286 269.223
}
