version: 1
n_points: 55
{
496.000 300.333
486.000 293.000
477.333 287.000
470.000 286.333
460.000 293.667
453.333 304.333
454.667 322.333
455.333 337.000
460.667 363.000
466.667 383.667
472.000 411.667
477.333 427.667
478.667 445.000
481.333 461.000
483.333 481.667
492.000 499.667
505.333 515.667
525.333 525.000
535.333 522.333
543.333 513.667
536.667 387.667
522.000 370.333
512.667 346.333
496.667 335.000
476.667 326.333
460.000 317.667
460.000 334.333
464.000 350.333
469.333 371.667
472.000 386.333
475.333 401.000
482.000 414.333
487.333 423.667
490.667 431.000
494.000 437.667
541.333 399.667
530.667 415.667
526.000 435.000
530.667 452.333
534.000 466.333
526.667 447.667
522.667 431.667
513.333 427.667
504.667 417.000
498.000 402.333
493.333 387.000
488.667 376.333
488.667 365.000
496.000 361.667
512.667 363.000
470.667 363.000
472.667 356.333
474.667 348.333
476.667 340.333
480.667 333.667
}
