version: 1
n_points: 55
{
286.671 199.578
281.555 194.927
274.578 198.183
267.136 202.369
264.578 208.416
264.346 214.229
265.508 219.346
267.834 224.927
269.694 229.578
271.555 234.462
272.718 238.881
275.508 243.764
278.299 249.578
282.020 253.532
285.741 256.090
293.880 256.322
298.997 254.229
303.183 250.741
305.508 246.322
305.508 241.671
290.160 213.532
286.904 210.276
283.415 207.253
279.927 205.392
274.578 204.695
270.392 208.416
268.299 212.602
268.764 217.950
270.857 223.299
272.485 230.043
274.811 234.229
277.136 239.578
279.462 244.695
282.718 245.857
285.276 246.322
293.168 215.737
293.168 220.899
294.458 225.737
297.684 227.350
296.716 232.834
293.168 237.028
290.910 234.447
286.394 237.028
282.523 236.705
282.523 233.479
282.523 229.931
283.813 226.060
284.781 223.157
287.039 220.576
288.006 216.382
276.124 231.747
273.732 226.312
273.950 220.443
274.384 214.791
276.124 210.008
}
