version: 1
n_points: 55
{
234.295 176.033
232.884 168.796
227.290 162.186
221.867 159.135
215.596 161.508
211.528 165.067
208.816 170.321
207.968 176.762
207.460 182.864
207.799 188.118
207.629 193.202
208.307 198.457
210.341 203.033
211.867 207.779
214.918 211.338
217.968 213.541
220.511 217.101
224.070 218.626
227.290 219.813
230.511 220.491
227.799 187.440
230.172 180.321
229.324 172.525
225.596 167.948
221.867 165.914
216.613 165.745
213.053 169.813
211.019 174.897
210.002 181.508
210.002 185.067
210.172 188.965
210.002 193.202
210.850 197.609
214.070 200.660
217.290 204.728
229.833 189.813
226.952 192.864
226.782 197.779
229.324 200.152
229.155 204.219
224.579 203.880
222.206 199.474
217.968 197.948
215.087 193.372
215.596 189.304
218.307 187.270
220.341 184.897
223.223 183.033
226.274 182.525
229.155 181.508
211.867 188.287
213.392 184.897
215.426 180.999
216.613 176.592
216.274 171.169
}
