version: 1
n_points: 55
{
389.388 713.187
373.024 690.460
348.479 678.642
327.115 676.369
313.479 685.005
309.842 701.369
311.644 716.369
314.858 733.155
319.858 747.440
325.216 761.012
333.787 773.155
338.787 782.798
348.787 794.583
354.858 809.226
363.430 819.583
375.573 824.940
385.573 828.155
395.216 832.798
399.501 835.298
409.144 841.369
376.644 737.798
369.858 726.012
363.787 714.940
352.716 706.012
343.073 699.583
333.430 693.155
321.287 694.583
318.073 704.940
317.716 720.655
320.216 734.583
327.001 748.512
334.501 763.512
339.501 773.869
345.930 785.298
358.787 796.012
388.787 746.369
385.573 758.869
386.644 773.512
395.573 784.940
395.216 794.583
387.358 791.012
372.716 785.298
359.144 778.512
349.501 770.298
348.073 756.012
350.930 747.440
356.287 739.940
362.716 736.012
366.644 735.655
373.787 736.369
333.787 755.655
334.144 743.869
336.287 727.798
337.716 712.798
336.644 701.726
}
