version: 1
n_points: 55
{
381.492 465.310
364.409 439.060
342.325 418.643
317.742 408.643
304.825 412.393
293.575 422.810
288.159 437.810
283.575 456.976
283.992 474.476
290.659 492.393
299.409 508.643
302.742 525.726
308.159 540.726
316.075 555.726
330.242 574.476
348.159 586.560
365.242 600.310
380.659 608.643
398.159 612.393
415.242 612.393
375.450 500.726
371.284 483.226
361.284 465.310
349.617 449.060
334.617 441.143
321.284 434.060
302.534 431.560
294.200 444.060
292.950 461.143
297.534 482.393
303.784 498.643
308.784 511.976
310.450 524.476
318.367 541.976
332.117 552.810
387.117 494.476
380.867 507.393
378.367 524.893
385.034 541.560
384.617 554.893
369.617 557.393
355.034 546.560
339.617 544.476
322.950 531.976
316.284 514.476
316.284 498.226
322.117 488.643
334.200 483.643
350.034 479.893
362.117 472.393
308.784 502.810
310.450 487.810
310.867 470.726
311.700 454.893
312.950 439.893
}
