version: 1
n_points: 55
{
492.401 362.337
482.401 355.158
472.658 347.722
462.401 346.952
455.478 352.337
451.632 360.799
448.555 369.260
447.786 377.465
449.068 386.183
453.427 394.132
457.786 402.081
462.661 410.293
466.872 419.240
471.345 428.187
478.714 436.345
486.082 443.977
495.819 452.661
505.819 458.187
513.450 457.398
519.766 451.872
496.345 390.819
493.714 380.819
490.556 372.924
485.029 364.766
476.082 358.977
467.135 357.398
459.240 361.608
455.556 370.293
455.029 378.977
456.872 388.714
461.082 397.398
466.082 407.398
469.503 416.082
473.450 423.187
479.503 430.029
505.958 394.649
504.291 402.705
504.569 412.427
509.847 417.705
512.069 422.427
506.791 422.705
500.958 416.872
492.347 416.872
484.013 416.594
478.458 412.149
474.291 402.983
475.680 394.094
481.791 389.927
487.347 386.038
492.069 382.983
468.736 405.205
466.791 394.927
467.347 384.094
469.013 374.927
469.291 364.927
}
