version: 1
n_points: 55
{
257.333 798.333
236.667 782.333
224.667 781.667
206.000 782.333
183.333 792.333
172.667 811.667
166.667 843.000
165.333 867.000
165.333 889.000
166.000 908.333
168.000 933.667
169.333 952.333
172.000 976.333
174.000 1007.667
180.667 1040.333
195.333 1069.000
224.667 1089.000
250.667 1100.333
286.667 1110.333
333.333 1117.667
256.667 957.000
265.333 934.333
260.000 903.667
241.333 872.333
228.667 841.667
230.000 818.333
213.333 818.333
200.667 835.667
184.667 844.333
182.667 865.667
175.333 895.667
172.000 924.333
170.667 951.000
178.000 992.333
195.333 1021.000
276.000 946.333
271.333 971.667
276.000 993.667
282.000 1007.000
283.333 1020.333
270.667 1021.667
262.000 1009.000
243.333 1000.333
220.667 994.333
212.667 970.333
213.333 953.667
222.000 939.667
231.333 923.667
236.000 906.333
249.333 899.000
176.667 903.000
184.000 880.333
190.667 865.000
192.667 853.667
195.333 845.667
}
