version: 1
n_points: 55
{
470.000 320.000
444.000 311.000
420.000 305.000
395.000 309.000
379.000 323.000
370.000 339.000
363.000 358.000
363.000 384.000
364.000 409.000
369.000 429.000
376.000 449.000
385.000 469.000
395.442 492.736
408.486 514.909
430.659 536.649
440.659 551.431
450.225 562.301
470.225 562.736
481.094 558.388
491.094 542.736
462.833 428.388
464.138 404.475
458.051 384.040
450.659 360.996
440.225 342.736
424.138 330.562
405.442 330.996
386.312 341.431
377.616 355.779
374.138 375.344
375.007 400.562
380.659 418.388
385.877 434.909
393.703 453.170
398.486 470.562
478.486 430.127
474.138 448.388
477.616 460.562
484.138 469.257
485.442 479.692
472.833 478.388
463.703 462.301
443.268 453.170
425.877 456.649
418.051 445.344
420.659 434.040
428.486 421.866
437.181 415.779
445.877 407.518
457.181 398.388
392.399 440.127
388.920 411.431
389.790 385.344
395.442 364.040
401.094 341.866
}
