version: 1
n_points: 55
{
1092.446 459.557
1089.113 431.224
1074.668 410.669
1052.446 392.335
1026.335 387.891
1008.001 393.446
990.779 407.891
980.224 426.780
971.890 449.557
969.113 477.891
969.113 505.113
975.779 540.669
983.557 574.002
994.113 602.891
1006.335 627.891
1018.001 644.557
1026.890 655.669
1038.001 662.335
1050.779 664.557
1059.668 667.335
1056.335 511.224
1069.668 501.224
1071.890 470.113
1075.224 447.335
1066.335 426.780
1048.557 414.002
1031.890 406.780
1010.224 408.446
995.779 422.891
984.113 446.780
981.890 468.446
983.557 486.224
983.557 508.446
985.779 525.669
990.224 540.113
1075.779 534.557
1071.335 550.669
1066.335 565.669
1072.446 578.446
1072.446 597.335
1053.001 579.557
1043.557 562.335
1026.335 555.669
1017.446 540.113
1010.224 524.002
1010.779 505.113
1021.890 494.002
1038.001 485.113
1052.446 479.557
1069.668 480.113
986.890 478.446
997.446 459.002
1008.557 439.002
1023.001 425.669
1039.668 416.780
}
