version: 1
n_points: 55
{
605.083 911.000
562.583 898.500
529.250 882.667
493.417 877.667
456.750 894.333
438.417 921.833
420.917 957.667
415.083 1000.167
421.750 1040.167
438.417 1077.667
454.250 1113.500
470.917 1151.833
490.083 1188.500
510.083 1220.167
540.917 1256.833
575.083 1283.500
618.417 1298.500
672.583 1300.167
703.417 1278.500
710.083 1233.500
606.750 1034.333
590.917 996.000
571.750 962.667
550.917 941.000
515.917 922.667
479.250 927.667
453.417 950.167
439.250 985.167
442.583 1028.500
456.750 1059.333
475.917 1097.667
495.083 1138.500
517.583 1168.500
546.750 1206.000
585.917 1223.500
646.750 1038.500
644.250 1066.833
643.417 1104.333
666.750 1125.167
668.417 1159.333
638.417 1174.333
604.250 1171.833
583.417 1161.000
565.917 1157.667
541.750 1124.333
540.917 1086.000
552.583 1064.333
561.750 1043.500
566.750 1021.000
588.417 1012.667
493.417 1116.833
480.083 1071.000
475.083 1037.667
477.583 998.500
487.583 950.167
}
