version: 1
n_points: 55
{
438.500 579.000
419.516 559.489
396.038 543.402
366.038 539.054
340.104 550.688
329.195 569.325
323.740 591.598
322.377 617.052
326.013 642.052
332.377 663.870
342.377 682.507
354.649 699.325
371.468 716.143
388.286 731.143
411.013 745.688
432.377 756.598
453.740 769.325
471.543 773.719
489.162 771.814
501.543 768.481
441.543 641.814
433.924 621.338
424.400 600.385
412.972 581.338
399.162 566.576
377.258 563.719
359.162 572.766
344.400 585.147
336.781 598.481
337.734 623.243
341.543 641.814
348.210 658.481
355.829 680.862
370.591 698.957
389.639 714.195
460.591 654.195
466.305 675.147
470.115 692.290
482.972 700.385
486.781 711.338
474.877 713.243
455.829 703.719
439.639 692.290
421.067 697.528
401.543 697.052
381.067 683.243
372.972 659.433
384.877 638.004
406.781 628.004
422.972 617.528
348.210 635.147
352.020 624.195
358.686 608.004
363.924 591.814
368.210 579.433
}
