version: 1
n_points: 55
{
310.083 773.357
282.940 751.929
257.226 745.500
227.940 746.929
204.369 762.643
191.512 789.786
182.940 820.500
182.940 856.214
189.369 885.500
202.226 913.357
213.655 939.071
225.083 966.929
243.655 1001.214
268.655 1029.071
294.369 1049.786
315.083 1065.500
334.369 1073.357
353.655 1076.929
364.369 1073.357
380.083 1069.786
333.655 876.929
316.512 838.357
295.083 804.071
268.655 783.357
237.940 781.214
210.798 791.214
205.083 820.500
202.226 851.214
212.226 883.357
230.083 910.500
237.940 933.357
245.798 959.786
264.369 976.929
288.655 988.357
310.083 1000.500
338.655 896.214
338.655 916.929
337.226 940.500
348.655 949.071
358.655 969.071
337.940 968.357
325.798 955.500
308.655 956.214
289.369 951.929
276.512 932.643
279.369 915.500
286.512 894.786
295.798 873.357
302.226 861.214
313.655 856.929
230.798 899.786
230.083 873.357
235.083 846.214
242.226 819.786
252.226 791.929
}
