version: 1
n_points: 55
{
722.311 920.227
689.811 894.394
657.311 876.894
621.477 869.394
599.811 894.394
590.644 930.227
588.977 967.727
589.811 1001.894
598.144 1031.894
609.811 1059.394
612.311 1087.727
610.644 1123.561
611.477 1156.894
613.977 1191.061
623.144 1226.894
648.144 1264.394
673.144 1287.727
702.311 1310.227
722.311 1303.561
730.644 1273.561
726.477 1054.394
711.477 1016.894
696.477 980.227
692.311 950.227
662.311 921.061
639.811 916.061
603.144 928.561
602.311 972.727
606.477 1013.561
609.811 1052.727
613.323 1099.037
619.989 1130.942
622.370 1156.180
627.132 1189.037
637.608 1206.180
728.632 1065.084
719.632 1090.084
714.632 1126.084
724.632 1143.084
734.632 1180.084
716.632 1195.084
696.632 1167.084
666.632 1162.084
638.632 1140.084
626.632 1106.084
624.632 1071.084
648.632 1048.084
667.632 1035.084
687.632 1020.084
704.632 1012.084
611.632 1040.084
622.632 1010.084
630.632 982.084
638.632 959.084
642.632 933.084
}
