version: 1
n_points: 55
{
351.556 234.648
339.704 223.907
327.852 219.833
318.963 225.019
314.384 231.712
312.606 240.601
311.717 249.045
311.939 257.712
313.495 264.823
315.495 271.268
317.273 275.712
317.717 283.268
318.384 291.045
320.162 300.379
323.273 308.823
327.495 317.268
334.606 324.601
338.828 329.490
347.051 333.045
358.162 329.490
349.051 266.601
344.162 256.379
341.051 245.045
339.273 237.490
329.717 233.490
322.162 233.712
319.495 237.490
317.495 248.157
319.051 256.601
320.162 264.601
323.051 274.379
323.717 285.712
325.495 297.045
328.828 304.601
334.162 309.268
351.273 264.823
349.495 272.601
347.495 284.379
351.495 290.157
353.273 296.601
350.319 299.121
343.490 295.219
338.124 297.658
334.953 296.438
333.847 288.920
332.760 279.355
332.978 272.616
336.674 266.094
339.934 262.833
344.065 262.398
329.500 292.833
326.891 278.702
328.195 265.659
329.934 255.224
332.326 241.746
}
