version: 1
n_points: 55
{
661.620 632.958
635.370 623.583
610.995 616.708
586.620 615.458
564.745 629.208
550.370 653.583
544.120 682.958
542.245 710.458
545.370 739.208
551.620 767.333
560.370 792.958
570.995 817.958
582.870 839.833
600.370 861.708
623.495 882.333
642.245 895.458
660.370 904.208
680.370 905.458
695.370 898.583
703.495 879.833
659.120 740.458
654.120 711.083
649.745 686.708
634.745 661.083
614.745 645.458
589.120 641.083
565.370 648.583
558.495 665.458
557.870 689.833
557.245 714.833
559.745 737.958
564.120 767.333
570.995 792.958
584.745 819.208
607.870 841.708
660.370 751.083
649.120 769.833
656.620 797.333
675.370 805.458
685.370 827.958
660.370 828.583
647.245 803.583
626.620 803.583
611.620 800.458
595.995 784.833
592.870 764.833
602.245 744.208
625.370 727.333
636.620 723.583
650.370 717.958
572.245 764.833
572.870 732.958
584.120 711.083
590.370 686.083
595.995 661.083
}
