version: 1
n_points: 55
{
431.001 164.538
422.766 158.655
414.335 154.146
407.864 153.950
400.413 158.655
395.315 166.695
393.746 172.969
393.746 180.028
393.942 187.871
393.158 194.342
394.531 201.989
394.531 209.636
395.511 216.302
397.472 223.950
399.236 230.420
401.589 236.695
405.707 241.008
411.197 244.734
417.472 246.302
424.923 240.420
423.942 189.636
422.374 179.048
421.001 168.852
415.511 164.538
407.276 162.381
400.805 168.263
399.236 177.087
398.648 184.734
398.256 193.165
398.256 202.381
398.648 207.087
400.609 212.185
403.746 215.126
405.119 216.891
405.707 218.655
424.531 193.950
420.021 200.028
418.452 207.871
422.962 214.538
422.570 219.244
417.080 216.302
414.531 211.204
411.001 208.852
409.040 203.753
409.040 199.244
409.825 196.302
411.982 192.381
415.315 191.008
419.040 189.636
421.786 187.675
404.138 209.440
402.178 197.283
403.942 189.244
408.060 181.008
412.374 174.146
}
