version: 1
n_points: 55
{
244.909 420.966
235.818 405.966
224.000 395.966
208.091 392.330
195.818 398.239
185.364 410.966
179.455 427.784
177.182 444.602
177.636 464.602
179.455 482.784
181.727 502.330
189.909 522.330
197.182 539.602
206.273 554.602
217.182 565.511
232.182 574.148
246.273 581.420
256.727 588.239
270.818 593.239
281.273 594.602
248.091 490.511
244.000 475.057
236.727 454.602
230.364 436.875
222.636 420.966
213.091 409.148
203.545 410.057
193.091 420.057
187.636 434.602
185.818 453.693
188.545 472.330
189.909 487.784
191.273 505.511
199.455 525.511
212.182 538.239
254.455 490.966
250.818 503.239
251.727 519.148
258.091 530.057
259.000 539.148
249.455 527.784
240.364 519.602
230.364 520.966
219.455 522.784
203.545 508.693
205.364 492.784
209.455 481.875
221.273 474.148
229.909 467.330
236.727 461.420
194.000 479.602
199.909 463.693
202.182 445.966
204.455 430.966
206.727 418.239
}
