version: 1
n_points: 55
{
420.508 328.539
415.245 322.750
409.806 318.715
404.192 317.136
399.982 319.417
396.999 323.803
396.473 329.767
395.771 335.381
399.105 340.469
404.192 348.539
406.298 356.259
407.701 363.978
409.280 372.048
411.736 379.943
415.947 386.259
421.385 390.645
426.386 393.071
431.617 392.456
435.309 390.917
437.925 387.071
424.490 344.544
421.205 339.972
415.633 334.686
409.205 328.115
404.745 323.216
401.215 324.834
399.451 327.186
399.304 331.010
400.039 335.569
402.686 340.716
407.098 346.010
408.127 350.128
409.598 355.422
410.333 359.981
414.598 365.863
427.997 353.586
425.900 360.037
426.868 365.521
429.126 368.586
429.771 372.941
427.029 369.715
424.126 365.199
420.255 363.425
417.351 360.683
416.222 354.876
415.900 350.360
415.577 346.973
417.513 344.876
420.093 344.231
423.642 344.876
408.642 347.618
408.642 342.134
408.964 337.134
409.126 333.586
408.642 330.844
}
