version: 1
n_points: 55
{
880.667 157.778
869.556 137.222
854.556 123.333
837.333 123.333
817.333 127.778
805.667 141.111
798.444 160.000
791.778 181.667
790.111 201.111
790.667 221.667
792.889 243.333
794.556 266.111
798.444 280.000
806.778 299.444
811.778 313.333
820.667 326.667
835.667 336.111
850.111 346.667
859.000 343.889
867.889 337.222
865.667 224.444
864.556 205.556
864.000 180.556
857.889 156.667
850.667 141.667
837.889 133.333
824.000 137.778
815.667 152.222
807.889 167.222
802.889 184.444
799.556 201.667
797.333 220.556
798.444 240.556
802.333 266.667
811.778 293.889
859.556 240.556
855.111 262.778
861.222 273.333
865.111 284.444
867.889 293.333
862.333 290.000
851.222 269.444
830.667 267.778
817.333 255.000
807.889 231.667
810.667 211.667
823.444 206.111
839.556 198.889
849.000 200.556
862.333 199.444
804.000 198.889
814.556 182.778
824.556 168.333
831.778 153.333
844.000 145.000
}
