version: 1
n_points: 55
{
104.212 589.077
89.981 574.462
73.058 566.769
53.442 562.538
32.673 566.385
25.750 581.385
23.442 595.615
27.673 616.385
32.673 636.769
41.904 654.462
51.519 672.923
57.673 689.462
63.442 708.308
72.673 723.692
84.596 735.615
96.135 747.923
111.135 751.769
124.981 749.462
134.981 744.077
146.135 737.538
99.981 636.769
91.904 622.154
80.750 607.538
74.981 594.077
60.750 583.308
48.058 582.538
36.519 584.846
34.596 600.231
38.827 617.538
45.750 632.923
51.519 642.923
53.058 660.615
55.365 675.615
61.135 689.462
74.981 699.846
105.541 645.833
101.628 660.181
100.758 671.050
105.541 681.050
106.411 688.007
100.324 679.746
90.758 678.007
78.584 683.224
69.454 679.746
64.671 664.963
62.932 654.963
69.019 641.485
75.976 634.094
82.497 628.441
90.324 624.094
51.193 635.833
51.193 625.398
51.193 610.615
50.324 601.050
50.324 588.876
}
