version: 1
n_points: 55
{
553.738 529.016
529.849 501.794
509.849 478.460
476.516 475.127
448.183 479.571
432.627 497.905
427.627 523.460
425.960 549.016
432.627 570.683
440.960 593.460
442.627 615.683
452.071 641.794
463.738 659.571
472.627 673.460
480.960 687.349
490.960 700.683
499.294 710.127
518.183 711.794
532.627 702.905
539.849 686.794
521.516 574.571
521.516 545.683
515.960 517.349
507.627 497.349
495.405 487.349
473.183 483.460
455.405 486.794
441.516 499.016
435.960 519.016
436.516 541.238
439.849 560.127
450.405 579.571
454.294 603.460
459.294 624.016
470.960 640.683
537.627 571.794
528.183 591.238
517.627 617.905
533.183 646.794
532.071 655.683
529.849 642.905
519.849 630.683
500.405 630.127
485.960 615.127
484.294 601.238
489.849 587.349
499.294 575.127
505.960 565.683
513.738 554.571
519.294 549.016
453.183 586.238
454.849 570.683
453.183 552.349
458.738 535.683
467.627 511.238
}
