version: 1
n_points: 55
{
146.541 361.511
139.233 349.973
127.310 338.819
112.695 336.511
100.387 347.281
98.464 360.357
99.618 374.204
102.310 389.973
102.310 401.896
102.695 416.896
103.464 425.742
107.310 434.204
109.233 443.050
113.079 450.357
116.541 458.434
120.387 466.511
126.925 473.434
135.002 476.896
145.002 476.511
151.541 468.819
149.618 396.511
145.771 384.973
138.079 372.281
128.848 361.511
118.848 352.665
109.233 346.896
105.771 356.127
104.618 366.127
105.771 375.357
107.695 383.819
106.925 393.050
106.541 399.973
107.310 409.588
110.002 419.588
113.079 427.665
150.002 404.588
146.925 415.742
143.079 428.434
151.541 437.281
150.002 444.588
142.695 438.819
138.848 429.588
129.618 424.973
121.541 423.050
115.771 413.434
113.079 401.511
114.233 392.665
121.925 387.665
130.771 385.742
140.771 384.204
109.618 383.819
111.541 376.511
112.310 369.973
113.848 362.665
112.310 356.511
}
