version: 1
n_points: 55
{
256.104 569.333
226.104 526.208
187.979 508.708
146.104 497.458
108.604 519.333
89.229 546.833
83.604 579.958
89.229 609.333
106.729 645.583
117.354 669.333
125.479 684.958
136.729 706.833
147.354 727.458
157.354 741.208
168.604 758.083
175.479 782.458
195.479 803.083
227.354 814.333
256.104 804.333
283.604 783.708
222.354 620.583
212.979 587.458
197.979 558.083
172.354 541.208
145.479 533.083
110.479 546.208
102.354 574.333
104.229 603.083
113.604 629.333
123.604 650.583
136.104 667.458
143.604 689.958
150.479 703.083
157.354 713.708
162.979 729.333
237.979 620.583
231.104 646.208
229.229 674.333
244.854 691.208
247.354 711.208
235.479 709.958
222.354 689.333
201.104 685.583
189.229 669.958
179.854 650.583
181.729 629.958
187.979 614.333
191.104 604.333
200.479 596.833
209.229 596.208
166.104 696.208
139.854 664.333
131.729 623.708
132.979 589.333
144.229 550.583
}
