version: 2
n_points: 55
{
0.7557387387387388 0.4602765957446808
0.8495810810810812 0.5843900709219858
0.9377927927927928 0.6907730496453901
0.9772072072072072 0.8207943262411348
0.9415495495495495 0.9094468085106383
0.904009009009009 0.9478652482269504
0.812045045045045 0.9596808510638297
0.7444774774774775 0.9567304964539007
0.6675225225225225 0.9330851063829787
0.5830630630630631 0.8887588652482269
0.5042342342342343 0.8207943262411348
0.4160225225225227 0.7794255319148936
0.35220720720720744 0.7350992907801419
0.2621171171171174 0.6553120567375886
0.1757837837837838 0.5666595744680851
0.09507657657657642 0.47209219858156026
0.03501801801801807 0.33616312056737585
0.02000000000000024 0.21204964539007087
0.038770270270270135 0.10566666666666669
0.06504504504504527 0.028829787234042503
0.5924504504504504 0.38343971631205676
0.6731531531531532 0.4573191489361702
0.7388468468468469 0.528241134751773
0.8064144144144144 0.6021205673758865
0.8552117117117118 0.6819078014184397
0.8645945945945945 0.791241134751773
0.8401981981981982 0.8769432624113476
0.7707522522522524 0.8887588652482269
0.7013063063063063 0.8592127659574468
0.6299864864864866 0.8148865248226951
0.5380180180180181 0.8119290780141843
0.4422972972972973 0.7794255319148936
0.355963963963964 0.6996382978723404
0.3259324324324323 0.6316666666666666
0.3034099099099098 0.5607446808510639
0.5605405405405406 0.29478723404255314
0.47983783783783784 0.3125177304964539
0.42728378378378395 0.30660992907801443
0.3822387387387388 0.2534184397163123
0.3259324324324323 0.24455319148936194
0.35220720720720744 0.3036524822695035
0.4028828828828829 0.389354609929078
0.38786936936936944 0.5046028368794326
0.39350000000000007 0.6021205673758865
0.43666666666666665 0.6759929078014184
0.5061126126126128 0.6966808510638298
0.5680495495495497 0.6878156028368794
0.6074639639639641 0.640531914893617
0.6262342342342342 0.5607446808510639
0.6543873873873873 0.4632269503546099
0.6581396396396397 0.803063829787234
0.6994324324324324 0.8001063829787234
0.7557387387387388 0.7971560283687944
0.8007837837837838 0.803063829787234
0.83831981981982 0.7941985815602837
}
