version: 2
n_points: 55
{
0.18460606060606058 0.6585569620253166
0.1088484848484848 0.5319746835443039
0.053295454545454736 0.40539240506329133
0.043196969696969685 0.2745949367088605
0.08612121212121208 0.15645569620253186
0.1631439393939396 0.08367088607594952
0.251530303030303 0.0696075949367092
0.33570454545454537 0.10125316455696232
0.43040151515151504 0.1750886075949366
0.49353030303030315 0.22783544303797498
0.5587651515151516 0.2840886075949365
0.6450454545454547 0.32277215189873454
0.7271212121212123 0.40715189873417745
0.7818333333333333 0.4739620253164555
0.8365454545454544 0.5337341772151901
0.9101969696969698 0.5970253164556965
0.9522878787878788 0.6567974683544304
0.9670151515151516 0.7552531645569622
0.9585984848484851 0.8818354430379749
0.8870530303030304 0.938101265822785
0.39883333333333343 0.7447088607594936
0.31676515151515144 0.6990000000000001
0.23469696969696985 0.5829620253164554
0.17577272727272725 0.4387974683544307
0.1294772727272728 0.32979746835443
0.10632575757575777 0.24892405063291168
0.12526515151515172 0.18211392405063287
0.1694545454545454 0.13640506329113933
0.24731818181818194 0.1258607594936707
0.31887121212121217 0.1610253164556963
0.38621212121212134 0.19618987341772187
0.4472348484848487 0.2594810126582281
0.5208863636363636 0.30518987341772164
0.5966439393939394 0.35792405063291155
0.6703030303030304 0.4352784810126582
0.4788030303030303 0.7728354430379744
0.5398257575757576 0.7341645569620256
0.6176893939393941 0.7447088607594936
0.6639848484848486 0.7868987341772155
0.6934469696969698 0.7868987341772155
0.666090909090909 0.7165822784810129
0.6113787878787879 0.6814177215189873
0.6050606060606061 0.5900000000000002
0.5966439393939394 0.49856962025316454
0.5566666666666668 0.4387974683544307
0.4914242424242424 0.4036329113924051
0.426189393939394 0.39308860759493636
0.37358333333333327 0.4352784810126582
0.35043181818181823 0.5161518987341773
0.35043181818181823 0.6146075949367086
0.4135681818181819 0.262987341772152
0.3399090909090909 0.2665063291139237
0.28309090909090906 0.3016708860759493
0.23259090909090907 0.3333164556962025
0.1862954545454546 0.3473797468354428
}
