version: 2
n_points: 55
{
0.7682389380530976 0.11103296703296703
0.639522123893805 0.06857692307692305
0.49069026548672545 0.031115384615384677
0.3297876106194687 0.03610989010989012
0.19301769911504457 0.0735714285714285
0.09647787610619507 0.15848901098901097
0.04821238938053079 0.2359120879120878
0.04821238938053079 0.3283186813186814
0.08843362831858453 0.4257197802197802
0.1487699115044251 0.5356098901098901
0.20508849557522082 0.6155274725274725
0.2453097345132746 0.690456043956044
0.3096725663716819 0.767879120879121
0.3981681415929208 0.8353076923076924
0.5148230088495571 0.9052417582417583
0.5992920353982303 0.9377087912087912
0.7239911504424782 0.9751703296703297
0.8527168141592918 0.9776703296703295
0.9291415929203545 0.9377087912087912
0.9573008849557518 0.8627802197802198
0.7199734513274334 0.4282197802197801
0.7038761061946903 0.3358076923076924
0.6596283185840709 0.21343406593406608
0.6073362831858409 0.13351098901098904
0.46654867256637195 0.088554945054945
0.30564601769911515 0.10104395604395597
0.17290265486725673 0.15099450549450547
0.12463716814159244 0.245901098901099
0.14475221238938027 0.35828571428571443
0.184973451327434 0.4656813186813188
0.2332477876106192 0.5655824175824175
0.3016283185840703 0.6529945054945057
0.3860973451327435 0.7029450549450549
0.446442477876106 0.742901098901099
0.5389557522123898 0.8053406593406593
0.8004247787610618 0.44070329670329683
0.7682389380530976 0.5056373626373627
0.7843274336283188 0.5630824175824175
0.8406460176991155 0.6080384615384616
0.8728230088495577 0.6704725274725275
0.7521504424778765 0.6829615384615383
0.6274513274336287 0.6305164835164836
0.5067787610619465 0.6405054945054945
0.41425663716814193 0.6180274725274725
0.33783185840707924 0.5605824175824177
0.3740353982300882 0.4881593406593408
0.40219469026548654 0.4432032967032968
0.47057522123893764 0.40074725274725265
0.5470000000000003 0.3607857142857143
0.6475663716814155 0.3333131868131869
0.2855398230088492 0.5156318681318682
0.2815132743362835 0.4107362637362638
0.30564601769911515 0.2983461538461537
0.3820796460176987 0.2034395604395605
0.45850442477876135 0.14100549450549457
}
