version: 2
n_points: 55
{
0.9097744360902256 0.5833333333333334
0.9473684210526316 0.4583333333333333
0.9624060150375939 0.3333333333333333
0.9473684210526316 0.19444444444444445
0.8796992481203008 0.1388888888888889
0.8120300751879699 0.08333333333333333
0.7443609022556391 0.06944444444444445
0.6766917293233083 0.06944444444444445
0.5939849624060151 0.09722222222222222
0.5338345864661654 0.1111111111111111
0.4736842105263158 0.1388888888888889
0.40601503759398494 0.18055555555555555
0.3458646616541353 0.2361111111111111
0.2857142857142857 0.2916666666666667
0.19916541353383443 0.3878750000000003
0.12773684210526293 0.4885694444444447
0.07134586466165393 0.6274583333333337
0.035631578947368236 0.7559305555555559
0.06194736842105242 0.8670416666666669
0.10518045112781937 0.9364861111111114
0.6314962406015036 0.7732916666666669
0.7123233082706768 0.7073194444444447
0.7724736842105263 0.6552361111111114
0.8326240601503759 0.5475972222222225
0.8852556390977444 0.4642638888888892
0.889015037593985 0.3427361111111114
0.8495413533834587 0.2316250000000003
0.7536766917293234 0.16565277777777807
0.6653308270676692 0.13440277777777807
0.5976616541353381 0.15870833333333362
0.5111954887218043 0.19690277777777807
0.43224812030075166 0.22815277777777807
0.3495413533834585 0.3114861111111114
0.283751879699248 0.3913472222222225
0.21796240601503736 0.5198194444444447
0.565706766917293 0.7941250000000003
0.4867593984962404 0.7628750000000003
0.41157142857142837 0.7941250000000003
0.33638345864661634 0.9017638888888891
0.2781127819548871 0.9017638888888891
0.31006766917293216 0.7871805555555559
0.35893984962406 0.7212083333333337
0.3626992481203005 0.6378750000000003
0.38713533834586444 0.49204166666666693
0.44728571428571406 0.4191250000000003
0.5036766917293232 0.42954166666666693
0.5412706766917291 0.5024583333333337
0.5788646616541351 0.5475972222222225
0.5995413533834585 0.6031527777777781
0.6202180451127818 0.6691250000000003
0.4548045112781953 0.2628750000000003
0.5393909774436089 0.2663472222222225
0.6220977443609021 0.27329166666666693
0.6991654135338345 0.2837083333333336
0.8307443609022557 0.3080138888888892
}
