version: 2
n_points: 55
{
0.7893548387096774 0.7250895522388062
0.8637983870967741 0.6332388059701496
0.9165241935483871 0.5184328358208957
0.9537499999999999 0.32898507462686527
0.9164354838709675 0.19947761194029864
0.8431209677419357 0.13616417910447748
0.7502580645161289 0.0954626865671644
0.6696129032258062 0.08640298507462668
0.5816370967741935 0.12259701492537312
0.5229838709677421 0.18138805970149283
0.44966935483870984 0.18138805970149283
0.37635483870967745 0.2040000000000001
0.30059677419354836 0.23565671641791025
0.24438709677419335 0.27637313432835814
0.16374193548387073 0.33968656716417933
0.10265322580645153 0.4256268656716417
0.058661290322580606 0.5477462686567166
0.03911290322580663 0.7060447761194031
0.07087903225806447 0.8326716417910446
0.10998387096774176 0.9367014925373136
0.6231774193548387 0.715089552238806
0.6916048387096776 0.6336716417910451
0.7771370967741936 0.5477462686567166
0.8309032258064515 0.47537313432835854
0.8871048387096773 0.38038805970149236
0.8846612903225805 0.25376119402985087
0.8113467741935486 0.18591044776119428
0.7478145161290322 0.15877611940298472
0.6720564516129031 0.15877611940298472
0.5889677419354837 0.18138805970149283
0.5327580645161292 0.2311343283582088
0.47410483870967735 0.2401791044776117
0.41300806451612926 0.25376119402985087
0.33725806451612894 0.30350746268656686
0.2834919354838711 0.39849253731343304
0.57675 0.7422238805970147
0.5156532258064515 0.6924776119402988
0.45211290322580655 0.6653283582089552
0.3665806451612904 0.7241343283582089
0.3054838709677419 0.7286567164179103
0.3054838709677419 0.6291492537313436
0.3494758064516127 0.5567910447761195
0.347032258064516 0.4256268656716417
0.40079032258064495 0.35777611940298515
0.4814354838709676 0.34873134328358224
0.5498629032258064 0.3442089552238808
0.5889677419354837 0.4120597014925374
0.6158467741935485 0.47989552238806
0.6353951612903225 0.5567910447761195
0.6525000000000002 0.611059701492537
0.5669677419354837 0.2718507462686567
0.6378387096774192 0.27637313432835814
0.7087096774193549 0.29446268656716396
0.7820241935483871 0.31707462686567206
0.8455645161290324 0.3622985074626866
}
