version: 2
n_points: 55
{
0.10666829268292692 0.24190476190476173
0.05788780487804887 0.3295238095238098
0.026668292682926753 0.497142857142857
0.024717073170731744 0.638095238095238
0.06959512195121949 0.7866666666666666
0.14569268292682935 0.8710857142857142
0.23976585365853653 0.9357142857142857
0.31468292682926824 0.9493238095238096
0.41224390243902437 0.9153047619047618
0.490639024390244 0.8846952380952381
0.5568390243902438 0.8506761904761905
0.6282682926829269 0.8132666666666667
0.7101512195121952 0.7622476190476191
0.7763512195121951 0.7010190476190477
0.8442975609756098 0.5785714285714285
0.8983024390243902 0.4833333333333333
0.9383756097560977 0.4017047619047617
0.9697317073170733 0.27244761904761927
0.9784439024390245 0.15340000000000031
0.9557951219512194 0.04456190476190447
0.45405365853658547 0.2248285714285717
0.3756585365853658 0.23843809523809523
0.2780975609756097 0.2690476190476191
0.20143902439024397 0.30305714285714314
0.1404634146341464 0.44591428571428593
0.10910731707317083 0.5411523809523813
0.12478536585365863 0.6942190476190476
0.20492682926829264 0.7962571428571429
0.3007414634146341 0.8268666666666666
0.3878536585365853 0.8200666666666667
0.45405365853658547 0.7996571428571428
0.5202536585365853 0.769047619047619
0.5742634146341463 0.7316285714285714
0.6334975609756098 0.6772095238095238
0.6996975609756096 0.5411523809523813
0.4488292682926829 0.1432
0.492380487804878 0.18060952380952378
0.5690341463414633 0.1942190476190474
0.5969121951219513 0.14659999999999973
0.6700829268292684 0.11939047619047616
0.6700829268292684 0.20101904761904787
0.6282682926829269 0.28945714285714264
0.5969121951219513 0.3642857142857143
0.6056195121951219 0.4663238095238095
0.5672926829268293 0.5445619047619046
0.5080585365853658 0.5785714285714285
0.4610243902439024 0.5411523809523813
0.4209512195121952 0.4663238095238095
0.3808829268292684 0.39149523809523834
0.3442975609756098 0.2656476190476188
0.4976097560975609 0.7520380952380952
0.4226926829268292 0.7418380952380952
0.3216487804878048 0.6942190476190476
0.23454146341463422 0.65
0.14917560975609764 0.5921809523809525
}
