version: 2
n_points: 55
{
0.645931818181818 0.16971020408163245
0.5263181818181817 0.13319183673469367
0.4226439393939393 0.062297959183673604
0.2432196969696969 0.023628571428571377
0.11562878787878791 0.05155918367346918
0.04385606060606051 0.1117061224489798
0.03987121212121216 0.19333877551020429
0.05581818181818178 0.2663795918367348
0.08373484848484847 0.32653061224489793
0.08771969696969703 0.4060163265306124
0.11562878787878791 0.4962408163265304
0.15550000000000008 0.5821714285714283
0.19537121212121203 0.6616530612244899
0.26315909090909084 0.7432857142857143
0.37480303030303025 0.8249183673469388
0.44656818181818186 0.8936612244897959
0.5701742424242422 0.9452204081632651
0.7615606060606062 0.9817387755102039
0.8771893939393939 0.9688489795918369
0.9649090909090908 0.9172938775510203
0.6818181818181818 0.4146081632653059
0.5940984848484848 0.34371836734693884
0.5103636363636364 0.2835673469387757
0.3827727272727274 0.21697142857142865
0.2910681818181818 0.16756326530612245
0.15550000000000008 0.14607755102040812
0.1291136363636364 0.19448163265306131
0.1399318181818182 0.2430734693877551
0.1796136363636364 0.29749387755102025
0.20487121212121218 0.37135510204081623
0.21208333333333337 0.43549387755102054
0.23012121212121217 0.49380408163265294
0.24455303030303036 0.5560000000000002
0.27340909090909093 0.6356897959183675
0.3744242424242425 0.693995918367347
0.7351742424242425 0.48019591836734704
0.6774545454545453 0.5423918367346937
0.6774545454545453 0.6298571428571431
0.7495984848484849 0.6628979591836733
0.7928939393939393 0.717322448979592
0.7387803030303031 0.7114897959183676
0.6810606060606059 0.6823346938775511
0.5728333333333332 0.6687306122448982
0.4908106060606061 0.6388571428571428
0.42303030303030303 0.5830040816326532
0.41505303030303037 0.5207061224489795
0.4190378787878787 0.4627061224489798
0.4549242424242425 0.40900000000000014
0.5227045454545456 0.37033061224489794
0.5865075757575756 0.3681836734693879
0.2396136363636363 0.4519632653061224
0.2595530303030303 0.3918122448979593
0.28746212121212117 0.3295142857142857
0.3113863636363637 0.27151020408163257
0.30739393939393933 0.20921224489795898
}
