version: 2
n_points: 55
{
0.8601778523489931 0.32664912280701774
0.9295302013422819 0.4670000000000002
0.9697986577181208 0.5917543859649123
0.9809832214765102 0.724309941520468
0.9407147651006711 0.8568654970760234
0.8713657718120806 0.9270409356725147
0.7863523489932884 0.9621286549707603
0.7170033557046981 0.9660233918128655
0.6208053691275168 0.9231403508771931
0.5156610738255034 0.8646608187134505
0.41498993288590613 0.8139766081871345
0.32997651006711404 0.7438011695906432
0.25391610738255044 0.6697309941520468
0.18232550335570463 0.5956549707602341
0.1174496644295302 0.5410760233918128
0.06375838926174493 0.4747953216374269
0.027963087248322083 0.36563742690058476
0.014540268456375793 0.24087719298245613
0.016778523489932917 0.12391812865497076
0.03467449664429523 0.026456140350877178
0.6073825503355705 0.32664912280701774
0.6923926174496644 0.3383450292397663
0.7684563758389262 0.39682456140350897
0.8378087248322148 0.5020877192982458
0.8713657718120806 0.6073508771929826
0.8780771812080538 0.7438011695906432
0.8445201342281881 0.8646608187134505
0.7818791946308725 0.9036491228070176
0.7170033557046981 0.9075438596491228
0.6566006711409397 0.8724561403508772
0.6029093959731544 0.8412690058479534
0.5469798657718121 0.8100818713450293
0.4709161073825502 0.7671929824561403
0.4306476510067113 0.7087134502923976
0.40604026845637586 0.6424385964912283
0.638701342281879 0.2213859649122809
0.5671140939597316 0.26816959064327506
0.47986577181208057 0.2993567251461988
0.41722483221476503 0.27596491228070175
0.36353355704697976 0.283766081871345
0.3791946308724832 0.36563742690058476
0.43735906040268446 0.4163157894736842
0.4552583892617451 0.5332748538011696
0.46420469798657704 0.6034502923976608
0.495526845637584 0.6814269005847953
0.5380302013422817 0.6931228070175439
0.5805369127516778 0.6970175438596491
0.6275167785234899 0.6346432748538011
0.6655469798657717 0.5137836257309942
0.714765100671141 0.39682456140350897
0.5671140939597316 0.8061812865497078
0.6185671140939597 0.8061812865497078
0.6923926174496644 0.7983859649122806
0.7326610738255033 0.7827894736842107
0.761744966442953 0.7866900584795322
}
