version: 2
n_points: 55
{
0.6292372881355932 0.0960591133004926
0.4470338983050847 0.04926108374384237
0.3156779661016949 0.024630541871921183
0.1673728813559322 0.03201970443349754
0.07838983050847458 0.09852216748768473
0.04449152542372881 0.2044334975369458
0.0614406779661017 0.2832512315270936
0.11652542372881355 0.3793103448275862
0.163135593220339 0.4630541871921182
0.22245762711864406 0.5541871921182266
0.2860169491525424 0.6625615763546798
0.3495762711864407 0.7635467980295566
0.4427966101694915 0.854679802955665
0.5021186440677966 0.9039408866995073
0.5826271186440678 0.9384236453201971
0.7055084745762712 0.9778325123152709
0.8072033898305084 0.9729064039408867
0.9004237288135594 0.9458128078817734
0.9470338983050848 0.8990147783251231
0.9597457627118644 0.8349753694581281
0.7648305084745762 0.39655172413793105
0.6758474576271186 0.30295566502463056
0.5614406779661016 0.22413793103448276
0.413135593220339 0.14039408866995073
0.2902542372881356 0.10344827586206896
0.1716101694915254 0.12807881773399016
0.125 0.19458128078817735
0.12076271186440678 0.2684729064039409
0.13771186440677965 0.3497536945812808
0.1885593220338983 0.4211822660098522
0.23516949152542374 0.4802955665024631
0.2733050847457627 0.541871921182266
0.336864406779661 0.5862068965517241
0.4046610169491525 0.6354679802955665
0.4894067796610169 0.6576354679802956
0.8495762711864406 0.4408866995073892
0.8453389830508474 0.5172413793103449
0.8241525423728814 0.5615763546798029
0.8792372881355932 0.6305418719211823
0.8961864406779662 0.6896551724137931
0.7690677966101694 0.6625615763546798
0.722457627118644 0.5862068965517241
0.586864406779661 0.583743842364532
0.451271186440678 0.5443349753694581
0.375 0.49261083743842365
0.3665254237288136 0.4236453201970443
0.4597457627118644 0.3916256157635468
0.5529661016949152 0.3694581280788177
0.6080508474576272 0.3448275862068966
0.6758474576271186 0.33497536945812806
0.21822033898305085 0.39901477832512317
0.22245762711864406 0.33497536945812806
0.2309322033898305 0.26354679802955666
0.2478813559322034 0.19458128078817735
0.2478813559322034 0.15024630541871922
}
