version: 2
n_points: 55
{
0.343105263157895 0.17294326241134744
0.4944210526315792 0.08429078014184391
0.6095578947368423 0.03996453900709213
0.7444210526315793 0.046617021276595595
0.843105263157895 0.10202127659574461
0.9187684210526318 0.17516312056737574
0.9417894736842108 0.27046099290780135
0.9417894736842108 0.38792907801418425
0.9023157894736845 0.4677163120567374
0.8464000000000002 0.5519361702127659
0.7871894736842107 0.6206382978723404
0.718105263157895 0.6937801418439715
0.6523157894736845 0.7292411347517729
0.579947368421053 0.7691347517730495
0.5207368421052634 0.811241134751773
0.47140000000000015 0.8910283687943262
0.38915789473684237 0.9486524822695035
0.25100000000000033 0.9686028368794325
0.1457368421052635 0.9309219858156028
0.04705263157894768 0.8821631205673758
0.40561052631578964 0.3967943262411346
0.4319263157894738 0.29041134751773034
0.4878421052631582 0.19289361702127644
0.576663157894737 0.13526950354609915
0.6621894736842107 0.10867375886524808
0.7542947368421055 0.1441347517730495
0.843105263157895 0.20840425531914888
0.8299473684210529 0.2970567375886524
0.813505263157895 0.35246808510638283
0.813505263157895 0.412304964539007
0.8036315789473687 0.4765815602836878
0.7740315789473686 0.5430709219858154
0.7214000000000002 0.5984751773049645
0.6556105263157896 0.6494539007092197
0.5470526315789477 0.687127659574468
0.24113684210526332 0.4411205673758864
0.25100000000000033 0.5209078014184396
0.25757894736842135 0.5740992907801417
0.1753473684210528 0.6206382978723404
0.15561052631578964 0.6671843971631204
0.2674526315789475 0.6472340425531914
0.37929473684210546 0.5630141843971631
0.5207368421052634 0.5807446808510638
0.6161368421052633 0.536418439716312
0.6720526315789477 0.46328368794326225
0.6588947368421055 0.40122695035460976
0.6029789473684213 0.3635460992907801
0.5470526315789477 0.336950354609929
0.4944210526315792 0.3170070921985814
0.44836842105263186 0.2970567375886524
0.7970526315789477 0.32808510638297866
0.8003473684210528 0.2660283687943262
0.7937684210526317 0.2239219858156027
0.718105263157895 0.1818085106382978
0.6358736842105265 0.1618652482269502
}
