version: 2
n_points: 55
{
0.7668155339805828 0.3720799999999993
0.8639029126213595 0.44320000000000015
0.928631067961165 0.5498666666666667
0.9480485436893205 0.6920799999999994
0.8930291262135925 0.8209733333333331
0.7959417475728158 0.9009733333333331
0.6956213592233009 0.9320799999999994
0.5855922330097085 0.9232000000000001
0.49821359223300943 0.8743066666666663
0.3849417475728155 0.8298666666666668
0.2975631067961165 0.7720799999999993
0.23283495145631095 0.6920799999999994
0.18429126213592262 0.6165333333333334
0.14545631067961196 0.518746666666666
0.10662135922330129 0.4476399999999997
0.06778640776699052 0.3720799999999993
0.04190291262135892 0.2832000000000001
0.05161165048543659 0.21207999999999927
0.06778640776699052 0.1320799999999993
0.1033883495145631 0.0609733333333331
0.48526213592233036 0.358746666666666
0.5855922330097085 0.3898666666666668
0.7053300970873786 0.44320000000000015
0.7991844660194172 0.518746666666666
0.8574368932038833 0.598746666666666
0.8736116504854372 0.6787466666666659
0.8250679611650489 0.7854133333333326
0.7312233009708735 0.8343066666666664
0.6308932038834953 0.8520799999999993
0.553223300970874 0.8209733333333331
0.45613592233009737 0.7720799999999993
0.3849417475728155 0.7320799999999994
0.31050485436893227 0.6743066666666664
0.2781456310679612 0.6032000000000002
0.2490194174757282 0.5276399999999997
0.5370485436893202 0.2565333333333335
0.46908737864077643 0.2876399999999997
0.41083495145631044 0.30541333333333265
0.3622912621359221 0.24320000000000008
0.2813786407766993 0.24763999999999975
0.2975631067961165 0.34986666666666677
0.34610679611650486 0.4209733333333331
0.3137475728155338 0.5232000000000001
0.3655242718446602 0.598746666666666
0.4431941747572815 0.6432000000000001
0.494970873786408 0.6432000000000001
0.5467572815533979 0.6076399999999997
0.5791165048543689 0.5632000000000001
0.5985339805825243 0.5054133333333326
0.6211844660194177 0.4343066666666664
0.5111553398058253 0.7676399999999997
0.5694077669902913 0.7632000000000001
0.6438446601941745 0.7454133333333326
0.7247475728155339 0.7365333333333335
0.7991844660194172 0.7276399999999997
}
