version: 2
n_points: 55
{
0.16945681818181801 0.6751101694915255
0.09920909090909101 0.5094703389830504
0.04342272727272726 0.3284237288135594
0.012431818181818243 0.17048728813559322
0.04135681818181793 0.07033050847457611
0.09920909090909101 0.027957627118643913
0.16945681818181801 0.03951694915254245
0.24383636363636366 0.054923728813559225
0.3182159090909093 0.03181355932203411
0.3987954545454546 0.024105932203389635
0.5062318181818181 0.05107203389830506
0.5950750000000002 0.10885169491525404
0.6756545454545455 0.14737288135593207
0.7624318181818183 0.20900847457627125
0.8285477272727271 0.2976059322033895
0.8905295454545457 0.4285762711864407
0.950447727272727 0.5749533898305088
0.9814386363636366 0.694368644067797
0.9897045454545456 0.8446016949152543
0.9773068181818184 0.9794237288135593
0.41325681818181836 0.6134745762711863
0.3450750000000002 0.5518432203389826
0.2686295454545452 0.45168644067796593
0.21077727272727265 0.37850000000000006
0.16532272727272718 0.2552330508474576
0.14052954545454566 0.14737288135593207
0.18185227272727295 0.15122457627118635
0.2541659090909093 0.15507627118644052
0.31615 0.13581779661016946
0.38433181818181816 0.10885169491525404
0.4401181818181819 0.1011483050847457
0.5000340909090911 0.12041101694915268
0.5496204545454547 0.15507627118644052
0.605406818181818 0.19359745762711844
0.6508613636363634 0.2475296610169493
0.45871136363636383 0.617326271186441
0.5227613636363638 0.5865127118644065
0.5806136363636364 0.5980677966101695
0.6033409090909092 0.6905169491525424
0.6508613636363634 0.7405932203389829
0.6632568181818184 0.694368644067797
0.617802272727273 0.5826610169491527
0.6116045454545455 0.4670974576271183
0.5847454545454546 0.33227542372881325
0.5330931818181817 0.25138135593220357
0.4649113636363635 0.23211864406779648
0.40292727272727275 0.29375423728813566
0.3657363636363636 0.347682203389831
0.34094318181818206 0.43627966101694904
0.32648181818181826 0.49405932203389813
0.38020000000000004 0.15507627118644052
0.3202818181818181 0.19359745762711844
0.2686295454545452 0.23211864406779648
0.21077727272727265 0.23597033898305075
0.17978636363636363 0.2167118644067797
}
