version: 2
n_points: 55
{
0.44038333333333335 0.07553984575835473
0.34743749999999995 0.043899742930591255
0.24807500000000005 0.01423650385604116
0.12307500000000005 0.03598971722365039
0.046154166666666656 0.10717737789203087
0.0237166666666667 0.18825449871465294
0.0237166666666667 0.28119537275064266
0.0557708333333333 0.36820308483290487
0.11025833333333329 0.43345758354755787
0.16794999999999996 0.5086015424164525
0.2064083333333334 0.5896786632390745
0.2512833333333333 0.6707532133676093
0.28974166666666673 0.7419408740359897
0.341025 0.8230179948586118
0.4275625 0.884318766066838
0.5333333333333333 0.9475964010282777
0.6679499999999999 0.987146529562982
0.825 0.9851696658097686
0.933975 0.9159588688946015
0.98205 0.8230179948586118
0.6262833333333333 0.360293059125964
0.558975 0.27526221079691515
0.47884583333333336 0.21000514138817483
0.36987083333333337 0.16057069408740357
0.276925 0.13090745501285347
0.12307500000000005 0.150681233933162
0.09743749999999997 0.20209511568123395
0.09422916666666671 0.2614190231362468
0.10384583333333335 0.32074293059125963
0.13589583333333338 0.3721568123393316
0.18397499999999997 0.411706940874036
0.1967958333333333 0.4749845758354756
0.23205000000000003 0.5263984575835475
0.276925 0.5857223650385605
0.30577083333333327 0.6450462724935733
0.6551291666666667 0.39391002570694084
0.6358958333333333 0.45718766066838046
0.6679499999999999 0.5461748071979434
0.7384625 0.5975886889460154
0.7897416666666667 0.6648200514138818
0.6871791666666667 0.660866323907455
0.6294875 0.6114293059125964
0.5493583333333334 0.6134061696658097
0.41795 0.609452442159383
0.3442291666666667 0.5402416452442159
0.33140833333333336 0.4552107969151671
0.35705000000000003 0.39786375321336764
0.42435833333333334 0.36226992287917736
0.47243749999999995 0.33260925449871465
0.5557708333333333 0.32074293059125963
0.22243749999999995 0.451254498714653
0.2192291666666667 0.37017994858611825
0.22564166666666666 0.3049228791773779
0.22243749999999995 0.23571208226221083
0.22884583333333333 0.17441131105398458
}
