version: 2
n_points: 55
{
0.918359223300971 0.5790689655172412
0.9404223300970873 0.6480344827586205
0.9669029126213593 0.7201310344827585
0.973519417475728 0.7953655172413792
0.9470436893203884 0.8768689655172415
0.9051213592233012 0.9270275862068964
0.8499563106796117 0.9583793103448274
0.770519417475728 0.9646482758620691
0.6955000000000001 0.9583793103448274
0.6116504854368932 0.9270275862068964
0.5123543689320387 0.8549310344827584
0.4461601941747573 0.7890965517241378
0.3667233009708736 0.7420758620689656
0.276257281553398 0.6637034482758623
0.18358252427184463 0.5477172413793102
0.09752912621359222 0.46621379310344824
0.04016019417475736 0.3439586206896553
0.02030097087378646 0.2342413793103446
0.03133495145631093 0.12452413793103434
0.0556067961165051 0.030475862068965354
0.5980776699029124 0.3254758620689656
0.6820970873786405 0.41831724137931037
0.7399757281553395 0.5085034482758621
0.7922524271844658 0.6252137931034483
0.8258592233009706 0.7498827586206898
0.8258592233009706 0.869248275862069
0.7511796116504856 0.8984206896551725
0.667160194174757 0.8772000000000001
0.5756747572815537 0.8268068965517241
0.5121941747572814 0.7896689655172414
0.44871359223300944 0.7339655172413794
0.37589805825242695 0.7074413793103449
0.3310873786407764 0.6623517241379311
0.3012135922330095 0.5933862068965516
0.27507766990291294 0.5270689655172415
0.508461165048544 0.3069103448275863
0.403902912621359 0.3148689655172414
0.31801941747572793 0.26977241379310357
0.2732087378640774 0.2565103448275863
0.2769417475728153 0.2777310344827587
0.3553592233009706 0.29895172413793114
0.38896601941747555 0.4024000000000001
0.3609611650485435 0.4899379310344827
0.3553592233009706 0.5854275862068965
0.38336407766990266 0.6305172413793104
0.4449805825242721 0.6411310344827585
0.5308640776699027 0.6384758620689656
0.6018106796116502 0.6146000000000001
0.6503543689320386 0.5482896551724139
0.6914320388349512 0.4899379310344827
0.4953883495145629 0.7339655172413794
0.5570048543689323 0.7392689655172415
0.6148834951456313 0.7658
0.6951650485436891 0.7896689655172414
0.756776699029126 0.8161931034482759
}
