version: 2
n_points: 55
{
0.12138235294117647 0.726646017699115
0.06873039215686282 0.5988230088495577
0.03242156862745086 0.4251061946902658
0.028789215686274464 0.30711504424778724
0.056024509803921436 0.19895575221238915
0.13046078431372538 0.11046017699115018
0.22305392156862738 0.06784955752212418
0.31382843137254907 0.048185840707965055
0.4082401960784314 0.05146017699115091
0.5026470588235292 0.0809557522123896
0.6170245098039218 0.13339823008849516
0.7168823529411766 0.1891150442477877
0.8112892156862748 0.28416814159292025
0.8584901960784311 0.3398849557522128
0.9184068627450981 0.41200000000000037
0.9510833333333332 0.5365486725663716
0.9728725490196078 0.6184867256637169
0.9783186274509804 0.769256637168142
0.947455882352941 0.8905309734513274
0.8385196078431372 0.9560796460176995
0.39734313725490195 0.7233716814159291
0.27207352941176466 0.6742035398230084
0.1867401960784315 0.5988230088495577
0.14135294117647065 0.49066371681415966
0.1068578431372548 0.36283185840707965
0.11775000000000008 0.2808938053097344
0.1776666666666668 0.2317256637168137
0.24120588235294127 0.1956725663716813
0.2993039215686274 0.1727345132743363
0.3810049019607844 0.16945132743362856
0.4681519607843139 0.17600884955752227
0.5807156862745099 0.2382831858407084
0.6769362745098041 0.310389380530973
0.7677156862745099 0.40544247787610666
0.8221813725490197 0.5398230088495575
0.4263921568627453 0.7332035398230087
0.49356862745098035 0.7168141592920354
0.5389558823529412 0.7430353982300882
0.5607450980392159 0.8053097345132744
0.638813725490196 0.8970796460176992
0.664230392156863 0.8938053097345132
0.6714901960784315 0.7758141592920357
0.649705882352941 0.7004247787610621
0.649705882352941 0.5889911504424782
0.6805686274509805 0.5103274336283189
0.6097647058823532 0.4316637168141595
0.500828431372549 0.42838053097345163
0.4300245098039217 0.47754867256637135
0.3810049019607844 0.5660442477876103
0.35376960784313716 0.680761061946903
0.5426617647058822 0.2879734513274341
0.43677941176470564 0.2915132743362834
0.3269754901960783 0.26673451327433595
0.2838382352941177 0.2631946902654866
0.2093284313725489 0.2631946902654866
}
