version: 2
n_points: 55
{
0.8884017467248909 0.1921785714285712
0.9414279475982532 0.36054285714285716
0.9757379912663756 0.518707142857143
0.9695021834061136 0.6972785714285716
0.9008820960698691 0.8554428571428567
0.7979475982532752 0.9472785714285716
0.6638253275109172 0.9574857142857143
0.5733711790393015 0.9166642857142855
0.4829126637554585 0.8605428571428572
0.3862183406113535 0.7891142857142857
0.308240174672489 0.7534
0.2365021834061135 0.6921785714285713
0.17099999999999993 0.6156428571428576
0.10861572052401769 0.49829999999999963
0.06806550218340601 0.4064642857142855
0.027519650655021932 0.30442142857142873
0.02127947598253299 0.187071428571429
0.046231441048034894 0.09523571428571409
0.10549781659388646 0.03401428571428533
0.15540174672489082 0.03911428571428566
0.5546550218340612 0.28401428571428533
0.6513493449781659 0.28401428571428533
0.7480436681222709 0.32482857142857147
0.8447336244541486 0.36054285714285716
0.9008820960698691 0.48299285714285733
0.9258340611353713 0.6360571428571429
0.8790480349344979 0.7891142857142857
0.776113537117904 0.8911571428571424
0.6638253275109172 0.8809499999999998
0.5764890829694325 0.8248285714285715
0.48915283842794766 0.7482999999999995
0.392458515283843 0.7074857142857143
0.31448034934497804 0.6360571428571429
0.25521397379912647 0.5442142857142861
0.19906986899563317 0.44727857142857164
0.5608908296943232 0.19727857142857164
0.5016288209606987 0.21768571428571426
0.4298864628820962 0.19727857142857164
0.3955764192139738 0.1513571428571433
0.34879039301310066 0.11564285714285749
0.3300742358078602 0.2636071428571427
0.37374235807860257 0.36054285714285716
0.3550305676855896 0.4574857142857143
0.38310043668122273 0.5595214285714283
0.4267685589519652 0.5901357142857144
0.48915283842794766 0.5595214285714283
0.539056768558952 0.49829999999999963
0.5827248908296945 0.46258571428571393
0.6544672489082969 0.41156428571428594
0.6763013100436681 0.32482857142857147
0.5141048034934499 0.7176857142857143
0.6139170305676855 0.7329928571428573
0.7106113537117904 0.6972785714285716
0.7979475982532752 0.6156428571428576
0.8478558951965065 0.4880928571428569
}
