version: 2
n_points: 55
{
0.08592619926199241 0.48545508982035945
0.03848339483394824 0.609497005988024
0.020033210332103223 0.7164251497005987
0.05166051660516605 0.8233532934131736
0.10437638376383743 0.9003413173652697
0.18871955719557207 0.9473892215568862
0.2730627306273063 0.9687784431137725
0.3811291512915127 0.9516706586826346
0.4812878228782287 0.9131736526946108
0.5709003690036902 0.8447365269461079
0.6447011070110703 0.7634730538922155
0.7132324723247231 0.6779281437125748
0.7712177121771218 0.6052155688622756
0.8371107011070109 0.4982874251497006
0.8845535055350555 0.43413173652694614
0.9346346863468633 0.344311377245509
0.9636273062730628 0.21599401197604806
0.9794428044280442 0.13045508982035925
0.9847121771217711 0.07485029940119758
0.9847121771217711 0.02780239520958072
0.4022140221402214 0.34003592814371253
0.31259778597786 0.44268862275449083
0.2519778597785976 0.5239520958083832
0.18871955719557207 0.6650958083832337
0.16763468634686338 0.7335329341317365
0.19662730627306252 0.8404610778443116
0.2730627306273063 0.8575688622754492
0.35213653136531353 0.8618502994011974
0.4338413284132842 0.8361856287425148
0.5181881918819187 0.7848562874251499
0.5629926199261993 0.7078682634730539
0.6209815498154979 0.6779281437125748
0.694782287822878 0.639437125748503
0.7527675276752768 0.532508982035928
0.8054833948339482 0.42557485029940134
0.3732214022140222 0.24593413173652712
0.4575645756457565 0.297263473053892
0.5893505535055352 0.32720359281437106
0.6499741697416975 0.2544910179640718
0.7264095940959409 0.20744311377245495
0.6868745387453875 0.28443113772455086
0.6341586715867158 0.3485868263473054
0.6447011070110703 0.45123952095808395
0.6236162361623616 0.5196766467065868
0.5709003690036902 0.5453353293413175
0.5181881918819187 0.5496167664670659
0.45229151291512926 0.5239520958083832
0.39957933579335775 0.5239520958083832
0.3626789667896677 0.502568862275449
0.35477121771217723 0.43413173652694614
0.5181881918819187 0.7121497005988022
0.4338413284132842 0.7207005988023953
0.35213653136531353 0.7207005988023953
0.27833579335793346 0.7207005988023953
0.2177121771217712 0.7164251497005987
}
