version: 2
n_points: 55
{
0.18292067988668562 0.7090395480225988
0.10805382436260631 0.6121864406779659
0.04734844192634577 0.49112429378531064
0.014974504249291627 0.3539152542372883
0.0169971671388102 0.24495480225988686
0.04937393767705375 0.13599435028248608
0.11007648725212456 0.047214689265536514
0.19101699716713874 0.031073446327683607
0.2537422096317281 0.031073446327683607
0.32456373937677063 0.07546327683615806
0.3953852691218131 0.1481016949152545
0.5289348441926347 0.17231638418079098
0.6462974504249293 0.19653107344632736
0.7687167138810197 0.26588700564971757
0.8767195467422095 0.3682881355932204
0.945770538243626 0.4954067796610171
0.9864929178470254 0.6578361581920905
0.9723286118980169 0.8096723163841809
0.9386883852691217 0.919135593220339
0.8908838526912181 0.975632768361582
0.4659546742209631 0.763768361581921
0.36326345609065147 0.707271186440678
0.25703116147308774 0.6331186440677967
0.17204532577903675 0.5342485875706215
0.1083059490084985 0.40712994350282494
0.08174787535410756 0.28001129943502834
0.09591218130311606 0.1917344632768362
0.13840509915014157 0.11405084745762717
0.21276770538243617 0.09639548022598876
0.2747365439093484 0.12464406779661019
0.3296232294617563 0.15642372881355937
0.3668045325779036 0.17761016949152553
0.4252322946175637 0.1846723163841808
0.5031359773371104 0.19526553672316393
0.5863512747875353 0.23763841807909614
0.4818895184135977 0.8626384180790961
0.520841359773371 0.7990790960451978
0.5934334277620396 0.7531751412429379
0.6642549575070821 0.7849548022598871
0.71914164305949 0.8132033898305085
0.6784192634560906 0.7213954802259888
0.6022861189801699 0.6366497175141244
0.5952039660056656 0.5801525423728814
0.5668753541076487 0.5060000000000001
0.5013654390934843 0.4777514124293786
0.46418413597733704 0.49893785310734473
0.4216912181303115 0.5554350282485876
0.39159206798866847 0.5907457627118645
0.37742776203966 0.6331186440677967
0.3614929178470254 0.6754915254237289
0.6182209631728045 0.371819209039548
0.5190708215297449 0.2588248587570623
0.40221529745042484 0.26588700564971757
0.3012946175637393 0.32238418079096054
0.15433994334277612 0.3294463276836159
}
