version: 2
n_points: 55
{
0.5802727272727273 0.13895689655172414
0.4179242424242428 0.07737931034482758
0.325939393939394 0.04967241379310345
0.21771212121212163 0.04967241379310345
0.15277272727272767 0.08969827586206898
0.09325757575757535 0.14818965517241378
0.07701515151515193 0.23131896551724138
0.09325757575757535 0.31137068965517267
0.12572727272727274 0.3914224137931032
0.15818181818181815 0.48378448275862096
0.17983333333333376 0.569991379310345
0.2393636363636364 0.6808275862068965
0.30969696969696964 0.7701120689655174
0.38545454545454544 0.8347672413793106
0.47745454545454546 0.8717155172413795
0.6073181818181822 0.9271379310344827
0.7047272727272728 0.9486896551724138
0.8072121212121214 0.9605948275862066
0.8862575757575757 0.9512241379310343
0.9323636363636364 0.9193706896551723
0.6822727272727268 0.43341379310344835
0.6142424242424246 0.37183620689655156
0.5678636363636361 0.3120172413793105
0.527666666666667 0.25219827586206894
0.3885151515151515 0.19942241379310352
0.2926666666666663 0.17831034482758618
0.19371212121212159 0.19062068965517237
0.18134848484848476 0.2662758620689656
0.19680303030302992 0.3559999999999999
0.2401060606060603 0.4351724137931036
0.2617424242424239 0.4914655172413792
0.27101515151515154 0.556560344827586
0.3050303030303031 0.6216551724137933
0.36687878787878786 0.6779568965517239
0.4905606060606062 0.7078620689655174
0.7317424242424245 0.41230172413793104
0.697742424242424 0.46859482758620713
0.6946515151515148 0.5583189655172413
0.7595757575757577 0.6146206896551724
0.7719545454545457 0.6867500000000001
0.7533939393939393 0.7008275862068964
0.697742424242424 0.656844827586207
0.6080606060606062 0.6674051724137929
0.5245757575757578 0.6410086206896554
0.42871212121212143 0.6023103448275862
0.41325757575757543 0.546008620689655
0.42871212121212143 0.5055431034482756
0.45654545454545464 0.46507758620689665
0.49983333333333296 0.4246120689655172
0.5678636363636361 0.382387931034483
0.27410606060606074 0.46507758620689665
0.27719696969696994 0.4017413793103446
0.28339393939393953 0.3278534482758621
0.28957575757575793 0.26100000000000007
0.3081212121212123 0.22229310344827588
}
