version: 2
n_points: 55
{
0.08768958333333335 0.9763031914893615
0.04981041666666665 0.937622340425532
0.025189583333333352 0.8505797872340425
0.011931249999999949 0.7151861702127662
0.025189583333333352 0.5362659574468084
0.0820083333333334 0.4008723404255321
0.1785979166666666 0.2799787234042552
0.2695083333333334 0.1784308510638296
0.3528416666666667 0.11073404255319141
0.4513249999999999 0.06721276595744663
0.5403416666666667 0.04303723404255322
0.6160979166666666 0.028531914893617172
0.6823854166666666 0.028531914893617172
0.7600374999999999 0.07204787234042531
0.8035979166666666 0.10106382978723405
0.8547354166666667 0.1542553191489362
0.9115520833333335 0.23162234042553176
0.9532187500000001 0.3670212765957447
0.9797354166666665 0.5169255319148937
0.9910979166666668 0.6571542553191487
0.4304916666666666 0.8554148936170212
0.3263249999999999 0.802223404255319
0.18806875000000006 0.7538670212765957
0.11988541666666658 0.7006755319148935
0.08579583333333336 0.5894574468085105
0.11231041666666665 0.4298829787234042
0.18996250000000003 0.3573510638297873
0.26761458333333343 0.27030851063829786
0.34905208333333326 0.1929414893617023
0.4210229166666667 0.15909042553191488
0.4797354166666667 0.12040425531914878
0.5668562500000001 0.09622872340425537
0.6520833333333333 0.086558510638298
0.7032187499999999 0.1542553191489362
0.75056875 0.2944893617021278
0.44185625 0.9763031914893615
0.50814375 0.8844308510638299
0.5839020833333334 0.7393617021276596
0.6596583333333332 0.773212765957447
0.7429916666666666 0.7587021276595743
0.7107958333333334 0.661994680851064
0.6596583333333332 0.6039627659574466
0.6672354166666667 0.487909574468085
0.6217812500000001 0.3234999999999999
0.5535979166666666 0.33317021276595726
0.50814375 0.4008723404255321
0.4797354166666667 0.43955319148936156
0.4323854166666666 0.5459361702127657
0.39829583333333335 0.661994680851064
0.3888249999999999 0.773212765957447
0.38125 0.2171170212765956
0.3111750000000001 0.3186648936170212
0.24867500000000006 0.44438829787234013
0.19753749999999998 0.5314308510638297
0.16534166666666675 0.6716648936170214
}
