version: 2
n_points: 55
{
0.7852070484581499 0.952515789473684
0.8384405286343614 0.8253157894736839
0.9118590308370045 0.7288315789473682
0.9705991189427313 0.606021052631579
0.9779383259911895 0.43935789473684184
0.9265462555066081 0.29023157894736845
0.8714801762114539 0.19373684210526287
0.7870440528634361 0.1454947368421053
0.7154581497797357 0.13672631578947342
0.6457092511013216 0.12794736842105234
0.5722863436123348 0.08847368421052602
0.5007004405286344 0.0577789473684208
0.4236079295154185 0.0577789473684208
0.3465154185022026 0.10163157894736813
0.26758590308370056 0.18057894736842076
0.18682378854625548 0.24198947368421028
0.11340088105726853 0.36041052631578924
0.06017180616740081 0.4832105263157892
0.019788546255506412 0.619178947368421
0.03814537444933919 0.7507578947368422
0.5520969162995596 0.8121578947368419
0.6310220264317181 0.7419894736842103
0.7429911894273127 0.6542631578947365
0.8274273127753304 0.5621578947368419
0.9026828193832599 0.4612842105263158
0.8971762114537445 0.34286315789473687
0.8421101321585902 0.2463684210526313
0.7521674008810574 0.2463684210526313
0.6897621145374451 0.22883157894736816
0.6108325991189427 0.19373684210526287
0.5722863436123348 0.16304210526315763
0.5410837004405287 0.1323368421052632
0.48234361233480183 0.12794736842105234
0.4236079295154185 0.1454947368421053
0.3924052863436124 0.16742105263157867
0.519057268722467 0.9174210526315787
0.45848458149779747 0.7946210526315787
0.3575286343612335 0.7507578947368422
0.29879295154185037 0.7902315789473684
0.25106607929515423 0.7639157894736842
0.3042995594713658 0.6718105263157895
0.33917180616740095 0.6542631578947365
0.3777180616740089 0.5402315789473684
0.3777180616740089 0.4832105263157892
0.4346211453744493 0.45689473684210496
0.47316740088105724 0.4612842105263158
0.5208898678414098 0.47883157894736816
0.5594361233480176 0.5402315789473684
0.5869691629955949 0.6454947368421053
0.6034889867841411 0.7332105263157892
0.6475418502202643 0.22883157894736816
0.7026079295154186 0.32531578947368395
0.7484977973568281 0.40426315789473655
0.794387665198238 0.4832105263157892
0.8292599118942732 0.5095263157894734
}
