version: 2
n_points: 55
{
0.8355000000000001 0.3530204081632653
0.8977063492063492 0.43575510204081636
0.9427460317460318 0.5405510204081632
0.9577619047619047 0.6784489795918367
0.9191507936507936 0.7887755102040818
0.8503253968253968 0.8298571428571428
0.7778650793650795 0.8831020408163266
0.7071269841269843 0.8964081632653063
0.6415634920634921 0.887530612244898
0.5691031746031745 0.8653469387755102
0.49663492063492076 0.8609183673469388
0.4293492063492065 0.8520408163265306
0.3465317460317461 0.8121224489795917
0.2757936507936508 0.7677551020408164
0.20850793650793642 0.6790204081632654
0.14984126984126978 0.612469387755102
0.10498412698412707 0.5326122448979594
0.06530158730158742 0.42614285714285716
0.039420634920634745 0.26642857142857157
0.05323015873015868 0.08453061224489788
0.5483968253968254 0.25755102040816336
0.6398412698412699 0.2886122448979591
0.7261031746031744 0.32410204081632654
0.7761349206349206 0.4128367346938778
0.8348015873015873 0.5459183673469388
0.8727539682539683 0.6213469387755102
0.8693095238095236 0.7411428571428572
0.8054682539682538 0.7766326530612246
0.7347301587301589 0.7943673469387756
0.6622698412698415 0.7766326530612246
0.6018809523809523 0.7943673469387756
0.5311428571428569 0.807673469387755
0.47938095238095224 0.7766326530612246
0.43107142857142855 0.7233877551020408
0.3810396825396827 0.6701428571428572
0.5121666666666668 0.2043061224489795
0.4724841269841271 0.26642857142857157
0.4293492063492065 0.3107959183673472
0.3741349206349208 0.25310204081632626
0.3310079365079365 0.301918367346939
0.3706904761904761 0.33297959183673476
0.4258968253968255 0.3950816326530614
0.4258968253968255 0.537061224489796
0.4604047619047621 0.6524081632653063
0.519063492063492 0.7145102040816326
0.5604761904761906 0.6967755102040816
0.5794523809523812 0.6169183673469391
0.5949761904761903 0.5193061224489796
0.6191349206349208 0.45275510204081637
0.6484682539682539 0.34183673469387754
0.6383333333333334 0.7539183673469386
0.6957460317460317 0.7018163265306121
0.7548492063492063 0.6583877551020407
0.798753968253968 0.6279999999999999
0.8375873015873017 0.5976122448979589
}
