version: 2
n_points: 55
{
0.8890933333333334 0.3696666666666669
0.9446466666666666 0.523784946236559
0.9624266666666667 0.6743225806451612
0.9224266666666667 0.8033548387096773
0.8513133333333334 0.8965483870967744
0.7557599999999999 0.9216344086021504
0.6446466666666667 0.935967741935484
0.5468666666666665 0.9001290322580644
0.46242666666666654 0.8320322580645163
0.3846466666666667 0.7710967741935483
0.3068666666666665 0.7173333333333332
0.23575999999999986 0.6671505376344088
0.1757599999999998 0.5883010752688171
0.1313133333333334 0.520204301075269
0.09575999999999985 0.4485161290322579
0.06464666666666663 0.3481612903225808
0.03353333333333319 0.25496774193548377
0.029093333333333193 0.19762365591397868
0.029093333333333193 0.12235483870967767
0.04464666666666672 0.05066666666666653
0.6001999999999998 0.25854838709677375
0.6846466666666666 0.3159032258064518
0.7624266666666665 0.3696666666666669
0.8157599999999998 0.4270107526881719
0.85798 0.513032258064516
0.87576 0.6313118279569891
0.8357600000000001 0.7818494623655913
0.7735333333333332 0.8176881720430109
0.7046466666666666 0.8427849462365593
0.6157599999999999 0.8535376344086023
0.5246466666666667 0.7997741935483873
0.48464666666666667 0.7316666666666669
0.41798 0.7030000000000002
0.35575999999999985 0.6635698924731182
0.27798 0.5381182795698927
0.5646466666666667 0.24421505376344077
0.49353333333333316 0.2621397849462368
0.4290933333333332 0.2728924731182798
0.3846466666666667 0.20837634408602168
0.3135333333333331 0.18327956989247263
0.33131333333333335 0.24779569892473075
0.36909333333333316 0.3302365591397848
0.35575999999999985 0.40908602150537654
0.3713133333333334 0.509451612903226
0.39798 0.563215053763441
0.46019999999999983 0.5954731182795701
0.5246466666666667 0.573967741935484
0.5957599999999998 0.49869892473118305
0.6290933333333332 0.4162580645161289
0.6468666666666665 0.3374086021505378
0.51798 0.7316666666666669
0.6024266666666664 0.7137526881720433
0.6646466666666666 0.6886559139784948
0.75798 0.6492365591397852
0.8135333333333332 0.6169784946236561
}
