version: 2
n_points: 55
{
0.5355499999999999 0.13984738955823295
0.44711428571428574 0.06526506024096376
0.37228571428571433 0.02892771084337339
0.26684285714285716 0.021277108433734947
0.16820714285714292 0.04422891566265051
0.08997142857142859 0.07482730923694782
0.04915714285714289 0.12646184738955812
0.0457571428571429 0.1876586345381525
0.03895714285714291 0.25076706827309225
0.06956428571428575 0.32726506024096375
0.12398571428571431 0.4209718875502008
0.19201428571428575 0.49555421686746975
0.22942857142857145 0.5816144578313253
0.28045000000000003 0.6657590361445783
0.34847857142857125 0.7632931726907628
0.4709285714285715 0.8474417670682732
0.634192857142857 0.9258473895582328
0.7634428571428572 0.9621847389558231
0.8620857142857143 0.9774819277108435
0.9675285714285715 0.9832208835341365
0.7226285714285715 0.45539357429718863
0.658 0.32917670682730915
0.5593642857142855 0.22590763052208826
0.4437142857142857 0.14940963855421677
0.34847857142857125 0.10733734939759026
0.22942857142857145 0.10542570281124489
0.14099285714285717 0.15132128514056215
0.1341928571428572 0.23738152610441768
0.1648071428571429 0.3081405622489959
0.22262857142857148 0.3922851405622489
0.28045000000000003 0.4515702811244979
0.2974571428571429 0.501293172690763
0.3076642857142858 0.5433654618473895
0.3042571428571429 0.5988273092369478
0.36208571428571434 0.6561967871485945
0.8144642857142855 0.4802570281124498
0.7804499999999999 0.5338032128514055
0.7634428571428572 0.6313373493975902
0.8280714285714286 0.6734096385542168
0.8586857142857144 0.7346064257028113
0.7872571428571429 0.7212208835341364
0.7226285714285715 0.6389879518072289
0.6035785714285713 0.6275140562248995
0.48793571428571414 0.6198634538152611
0.43351428571428574 0.5682289156626505
0.4199071428571427 0.5089437751004016
0.4233071428571427 0.4477469879518071
0.44711428571428574 0.41714859437751006
0.5287499999999998 0.3922851405622489
0.6035785714285713 0.36742570281124487
0.27365000000000006 0.38846184738955813
0.28385000000000005 0.33491164658634526
0.2974571428571429 0.2698915662650601
0.2974571428571429 0.21634538152610444
0.2974571428571429 0.16853413654618463
}
