version: 2
n_points: 55
{
0.6407500000000002 0.17448641975308649
0.4222560975609756 0.07777777777777778
0.3003048780487805 0.013992592592592668
0.20884146341463414 0.020165432098765507
0.1173780487804878 0.07366172839506166
0.0683780487804878 0.1280419753086419
0.05531097560975626 0.202116049382716
0.037890243902439016 0.29206419753086404
0.042249999999999836 0.3643728395061729
0.042249999999999836 0.4349209876543211
0.03353658536585366 0.5019407407407406
0.037890243902439016 0.5619037037037038
0.0683780487804878 0.6447975308641976
0.12064634146341464 0.725925925925926
0.2338841463414636 0.808817283950617
0.28179268292682924 0.8811283950617284
0.41245731707317057 0.9340395061728396
0.5474756097560975 0.9622567901234567
0.739109756097561 0.9887135802469138
0.9699451219512196 0.9710765432098767
0.6999146341463415 0.4772493827160492
0.6520060975609755 0.39082962962962947
0.6040914634146343 0.28853580246913574
0.551829268292683 0.2409160493827161
0.38196951219512176 0.1756617283950618
0.27308536585365856 0.14215061728395068
0.12935365853658537 0.145679012345679
0.10757926829268276 0.2074074074074074
0.1032256097560974 0.2850098765432098
0.13371341463414618 0.34497283950617297
0.13371341463414618 0.40317530864197515
0.1032256097560974 0.48782962962962967
0.10757926829268276 0.5601407407407407
0.18597560975609756 0.6430345679012345
0.2861524390243901 0.7241629629629628
0.7957317073170732 0.5248666666666667
0.712981707317073 0.5707234567901235
0.6563597560975608 0.6271604938271605
0.6999146341463415 0.6818345679012346
0.7434695121951218 0.7470888888888889
0.625871951219512 0.6941802469135803
0.5648963414634145 0.6624345679012345
0.4865 0.6589061728395061
0.37761585365853645 0.6306888888888889
0.28179268292682924 0.5760148148148146
0.3209939024390242 0.5142864197530863
0.3601890243902441 0.475483950617284
0.42552439024390243 0.43844691358024696
0.5082743902439026 0.41552098765432083
0.6084512195121952 0.39788395061728404
0.1467743902439026 0.4243382716049382
0.212109756097561 0.3749555555555555
0.29485975609756115 0.3167555555555554
0.3558353658536587 0.2673728395061727
0.36890243902439024 0.2074074074074074
}
