version: 2
n_points: 55
{
0.8904513618677043 0.73276
0.9354280155642022 0.5995266666666665
0.9743385214007781 0.4628599999999998
0.9782295719844357 0.34619333333333313
0.956828793774319 0.21619333333333315
0.9179182879377431 0.1328599999999998
0.8692801556420232 0.07619333333333335
0.8031322957198442 0.03619333333333335
0.7272568093385212 0.03619333333333335
0.6260894941634241 0.05286000000000001
0.5307587548638131 0.08286000000000002
0.4315369649805446 0.1395266666666665
0.3381517509727625 0.20285999999999982
0.25254863813229567 0.2795266666666665
0.18056420233463022 0.3961933333333332
0.11441634241245124 0.4995266666666665
0.044377431906614695 0.6161933333333331
0.017140077821011568 0.7561933333333332
0.038540856031128334 0.8895266666666665
0.09885214007782095 0.9695266666666665
0.5891245136186769 0.7428599999999999
0.6747276264591439 0.7261933333333331
0.7642217898832684 0.6628599999999998
0.8109143968871595 0.5495266666666665
0.8420428015564201 0.44952666666666646
0.8362062256809337 0.3228599999999998
0.805077821011673 0.17285999999999982
0.7408754863813228 0.12619333333333316
0.6688910505836575 0.14619333333333315
0.5910700389105057 0.15285999999999983
0.5327042801556419 0.1628599999999998
0.47239299610894936 0.19285999999999984
0.4004085603112839 0.22619333333333316
0.371225680933852 0.2895266666666665
0.34398832684824887 0.3595266666666665
0.5502140077821011 0.8395266666666665
0.5074124513618676 0.7961933333333332
0.4529377431906614 0.8061933333333332
0.4179182879377431 0.8861933333333332
0.34593385214007777 0.9095266666666665
0.36344357976653685 0.7795266666666665
0.42764591439688704 0.6495266666666665
0.4295914396887158 0.5361933333333332
0.44321011673151745 0.4095266666666665
0.4957392996108948 0.32952666666666647
0.5716147859922178 0.3228599999999998
0.6299805447470816 0.3695266666666665
0.6649999999999998 0.44952666666666646
0.6864007782101167 0.5561933333333332
0.7078015564202333 0.6761933333333332
0.5482684824902723 0.19619333333333316
0.6085797665369649 0.22619333333333316
0.6669455252918287 0.2595266666666665
0.7311478599221789 0.2995266666666665
0.7895136186770427 0.3695266666666665
}
