version: 2
n_points: 55
{
0.8312727272727273 0.3404018691588785
0.8944025974025975 0.4221775700934579
0.9575324675324676 0.5117383177570091
0.9773766233766233 0.655822429906542
0.9376926406926408 0.8349439252336448
0.8655411255411255 0.908934579439252
0.7970000000000002 0.9439813084112147
0.7302597402597403 0.936196261682243
0.6472900432900432 0.9439813084112147
0.5534935064935064 0.9322990654205605
0.46691341991341984 0.9011495327102804
0.4019783549783549 0.8661028037383178
0.33523809523809545 0.8349439252336448
0.25406926406926433 0.7882149532710281
0.18372294372294395 0.7142336448598131
0.10255411255411284 0.6207757009345795
0.04483549783549767 0.46500934579439224
0.019584415584415593 0.2858785046728972
0.03942424242424225 0.13012149532710282
0.07008658008658031 0.0444485981308409
0.5859610389610388 0.34428971962616817
0.6995974025974028 0.36765420560747664
0.787982683982684 0.41438317757009346
0.8475064935064935 0.5039532710280374
0.8907965367965368 0.612981308411215
0.879974025974026 0.7570654205607474
0.8204502164502164 0.8699906542056075
0.7573160173160173 0.8816728971962616
0.6779523809523811 0.877785046728972
0.5967835497835496 0.8699906542056075
0.512008658008658 0.8505233644859811
0.4578961038961039 0.8193738317757009
0.41460606060606064 0.7726448598130842
0.36951082251082235 0.7103364485981305
0.328025974025974 0.6246635514018691
0.5246320346320349 0.1690560747663551
0.47773593073593057 0.20799999999999974
0.4128008658008657 0.2703084112149533
0.3586883116883116 0.2352616822429907
0.30818181818181845 0.2041028037383178
0.31179220779220784 0.28199065420560754
0.3803333333333332 0.3832336448598128
0.39115584415584403 0.539
0.4254285714285714 0.6402429906542053
0.4795411255411255 0.6869719626168221
0.5426709956709955 0.6986542056074764
0.5895670995670999 0.6207757009345795
0.6130173160173159 0.5506822429906542
0.6292510822510822 0.4727943925233645
0.6454848484848486 0.36376635514018696
0.5607099567099567 0.8271588785046726
0.6274458874458877 0.8115794392523364
0.7122251082251082 0.7804299065420558
0.7897835497835498 0.7687476635514017
0.8475064935064935 0.7181214953271028
}
