version: 2
n_points: 55
{
0.19008264462809918 0.2325581395348837
0.11983471074380166 0.37209302325581395
0.06198347107438017 0.4883720930232558
0.02066115702479339 0.6511627906976745
0.03305785123966942 0.8255813953488372
0.09504132231404959 0.8837209302325582
0.1859504132231405 0.9418604651162791
0.26859504132231404 0.9418604651162791
0.33884297520661155 0.9186046511627907
0.4256198347107438 0.872093023255814
0.5165289256198347 0.872093023255814
0.5909090909090909 0.872093023255814
0.6487603305785123 0.8488372093023255
0.7231404958677686 0.8255813953488372
0.8016528925619835 0.7790697674418605
0.871900826446281 0.686046511627907
0.9256198347107438 0.5232558139534884
0.9669421487603306 0.36046511627906974
0.9793388429752066 0.2093023255813954
0.9669421487603306 0.05813953488372092
0.45041322314049587 0.37209302325581395
0.36363636363636365 0.41860465116279066
0.2768595041322314 0.4534883720930233
0.2066115702479339 0.5348837209302326
0.15702479338842976 0.5930232558139534
0.11570247933884298 0.686046511627907
0.128099173553719 0.7790697674418605
0.17768595041322313 0.7906976744186046
0.24793388429752067 0.813953488372093
0.29338842975206614 0.8023255813953488
0.359504132231405 0.8372093023255813
0.41735537190082644 0.8255813953488372
0.45454545454545453 0.8255813953488372
0.5165289256198347 0.7906976744186046
0.5826446280991735 0.7093023255813953
0.5 0.313953488372093
0.5495867768595041 0.37209302325581395
0.6033057851239669 0.4534883720930233
0.6652892561983471 0.36046511627906974
0.7024793388429752 0.33720930232558144
0.6900826446280992 0.4534883720930233
0.640495867768595 0.5348837209302326
0.5785123966942148 0.5581395348837209
0.5206611570247934 0.627906976744186
0.4628099173553719 0.6627906976744187
0.41735537190082644 0.6511627906976745
0.384297520661157 0.6511627906976745
0.35537190082644626 0.6162790697674418
0.3347107438016529 0.5581395348837209
0.3347107438016529 0.4534883720930233
0.2768595041322314 0.7790697674418605
0.2396694214876033 0.7325581395348837
0.2190082644628099 0.7093023255813953
0.1859504132231405 0.6744186046511628
0.1652892561983471 0.6395348837209303
}
