version: 2
n_points: 55
{
0.1067193675889328 0.32798165137614677
0.05731225296442688 0.4380733944954128
0.023715415019762844 0.6032110091743119
0.021739130434782608 0.6995412844036697
0.06719367588932806 0.8188073394495413
0.11067193675889328 0.8830275229357798
0.18181818181818182 0.9288990825688074
0.274703557312253 0.9472477064220184
0.3339920948616601 0.8967889908256881
0.4051383399209486 0.8555045871559633
0.5118577075098815 0.823394495412844
0.6086956521739131 0.7775229357798166
0.6936758893280632 0.7270642201834863
0.766798418972332 0.6399082568807339
0.8300395256916996 0.6077981651376148
0.8893280632411067 0.5022935779816513
0.9426877470355731 0.3646788990825688
0.9802371541501976 0.22247706422018354
0.9802371541501976 0.10779816513761464
0.9802371541501976 0.03899082568807344
0.42132411067193687 0.21035779816513767
0.35168379446640313 0.2496697247706422
0.2594584980237153 0.3152018348623853
0.22557707509881433 0.33704587155963306
0.17852569169960464 0.4812110091743119
0.1295889328063241 0.5991743119266055
0.12017786561264811 0.7433394495412844
0.16346640316205543 0.8263394495412844
0.21805138339920938 0.8350825688073394
0.3008656126482215 0.8001284403669725
0.38179841897233213 0.7520733944954128
0.4514387351778656 0.7520733944954128
0.5267272727272727 0.7345963302752294
0.5963675889328062 0.6865412844036697
0.6415415019762846 0.6166422018348623
0.4514387351778656 0.1797706422018348
0.46461660079051387 0.21472477064220186
0.53801976284585 0.2496697247706422
0.6095415019762845 0.21472477064220186
0.6754189723320156 0.20161467889908258
0.6321304347826086 0.2627798165137615
0.5888379446640316 0.3021009174311927
0.5756640316205532 0.40694495412844034
0.5323715415019763 0.5117981651376147
0.46649802371541504 0.546743119266055
0.4062687747035573 0.516165137614679
0.3761541501976284 0.4812110091743119
0.35168379446640313 0.4200550458715596
0.3403913043478262 0.3676238532110092
0.329098814229249 0.3064678899082569
0.35921343873517775 0.7302293577981651
0.30839525691699604 0.7040183486238532
0.2594584980237153 0.6734403669724771
0.2105217391304348 0.6253853211009175
0.16723320158102767 0.5991743119266055
}
