version: 2
n_points: 55
{
0.221193832599119 0.15725609756097536
0.14931718061674001 0.29846341463414616
0.06584581497797358 0.45250000000000024
0.024114537444933876 0.6322195121951217
0.042660792951541966 0.7605853658536584
0.09366960352422897 0.9017926829268293
0.15627312775330393 0.9338902439024391
0.23510132158590305 0.9082195121951219
0.3208898678414096 0.8889634146341461
0.4066784140969162 0.8697073170731704
0.5063744493392071 0.8697073170731704
0.626942731277533 0.8376097560975613
0.7220044052863436 0.7220853658536587
0.8263392070484582 0.5423658536585365
0.8680748898678414 0.45892682926829276
0.9121277533039648 0.3562317073170733
0.9538590308370042 0.29846341463414616
0.9770440528634361 0.21502439024390252
0.9816828193832599 0.13157317073170716
0.9793656387665199 0.054560975609755924
0.45594713656387664 0.19563414634146303
0.39537444933920707 0.20579268292682928
0.3439779735682821 0.21595121951219542
0.2687224669603524 0.3125
0.197136563876652 0.3582317073170732
0.13105726872246695 0.4547804878048777
0.07966079295154196 0.6122926829268296
0.11270044052863448 0.7291707317073167
0.18612334801762115 0.7799756097560979
0.30543171806167413 0.7494878048780491
0.38252422907489 0.8358780487804874
0.4908237885462554 0.8511219512195118
0.5954493392070483 0.8104634146341467
0.6670352422907487 0.6935975609756098
0.7000748898678413 0.5818048780487808
0.49265638766519837 0.14481707317073167
0.5403832599118942 0.19054878048780488
0.6082951541850221 0.23119512195121983
0.6486784140969163 0.17021951219512232
0.6762114537444934 0.14990243902438993
0.6615286343612333 0.29217073170731744
0.6229823788546255 0.36839024390243935
0.6211453744493393 0.49034146341463447
0.5770925110132159 0.5208292682926833
0.5275330396475771 0.424292682926829
0.4596167400881058 0.36839024390243935
0.40455066079295166 0.34807317073170696
0.3513215859030837 0.4090487804878046
0.3274581497797358 0.33790243902439054
0.3201189427312774 0.2820121951219512
0.28340528634361245 0.7494878048780491
0.2356828193832599 0.703756097560976
0.18979295154185033 0.663109756097561
0.15308370044052863 0.6427804878048784
0.11086784140969151 0.6326219512195121
}
