version: 2
n_points: 55
{
0.8566355140186915 0.8154210526315787
0.9204579439252337 0.6913333333333335
0.9523738317757009 0.5544035087719298
0.9409719626168224 0.3917894736842104
0.899943925233645 0.25059649122807004
0.8315607476635514 0.16073684210526276
0.7494953271028038 0.10510526315789448
0.6628785046728971 0.12222807017543832
0.5717009345794393 0.17356140350877144
0.49647663551401855 0.20780701754386013
0.41669158878504686 0.2420350877192981
0.33235514018691603 0.31477192982456154
0.2708130841121493 0.3832456140350882
0.2138224299065422 0.4602631578947371
0.14543925233644872 0.49449122807017504
0.08844859813084116 0.5544035087719298
0.051981308411215066 0.6185789473684213
0.04285981308411224 0.7127192982456141
0.051981308411215066 0.8025789473684213
0.08844859813084116 0.9181052631578946
0.5785420560747663 0.8025789473684213
0.6697196261682243 0.8068596491228067
0.7586168224299066 0.781175438596491
0.8247196261682244 0.6955964912280702
0.8725887850467289 0.5757894736842104
0.8703084112149532 0.43029824561403485
0.845233644859813 0.2762631578947371
0.7631775700934579 0.2334736842105262
0.6605981308411215 0.23775438596491263
0.5694205607476635 0.24631578947368457
0.49875700934579426 0.28482456140350904
0.45544859813084115 0.31477192982456154
0.4007383177570095 0.3575614035087714
0.38022429906542077 0.41747368421052616
0.3483084112149534 0.46454385964912254
0.5283925233644862 0.9181052631578946
0.4668411214953271 0.9223859649122811
0.42809345794392506 0.8710350877192983
0.38250467289719625 0.896719298245614
0.31868224299065406 0.896719298245614
0.3232336448598132 0.7640701754385969
0.3893457943925236 0.6656491228070177
0.4349345794392524 0.5458421052631579
0.4645607476635514 0.468824561403509
0.5306728971962618 0.4089122807017543
0.5830934579439251 0.4046315789473688
0.6309626168224299 0.4474210526315787
0.6514766355140187 0.5501228070175443
0.6583177570093457 0.6485438596491225
0.6742710280373831 0.7555087719298249
0.532943925233645 0.30192982456140316
0.6081682242990656 0.2976666666666664
0.6879532710280373 0.30192982456140316
0.7403831775700935 0.31477192982456154
0.8064859813084113 0.353280701754386
}
