version: 2
n_points: 55
{
0.8355000000000001 0.6469795918367347
0.8977063492063492 0.5642448979591836
0.9427460317460318 0.45944897959183684
0.9577619047619047 0.32155102040816325
0.9191507936507936 0.21122448979591826
0.8503253968253968 0.1701428571428572
0.7778650793650795 0.11689795918367335
0.7071269841269843 0.10359183673469374
0.6415634920634921 0.11246938775510196
0.5691031746031745 0.13465306122448978
0.49663492063492076 0.13908163265306117
0.4293492063492065 0.14795918367346939
0.3465317460317461 0.18787755102040823
0.2757936507936508 0.23224489795918357
0.20850793650793642 0.3209795918367346
0.14984126984126978 0.38753061224489804
0.10498412698412707 0.46738775510204056
0.06530158730158742 0.5738571428571428
0.039420634920634745 0.7335714285714284
0.05323015873015868 0.9154693877551021
0.5483968253968254 0.7424489795918366
0.6398412698412699 0.7113877551020409
0.7261031746031744 0.6758979591836735
0.7761349206349206 0.5871632653061222
0.8348015873015873 0.45408163265306123
0.8727539682539683 0.37865306122448983
0.8693095238095236 0.2588571428571428
0.8054682539682538 0.22336734693877536
0.7347301587301589 0.20563265306122436
0.6622698412698415 0.22336734693877536
0.6018809523809523 0.20563265306122436
0.5311428571428569 0.19232653061224503
0.47938095238095224 0.22336734693877536
0.43107142857142855 0.2766122448979592
0.3810396825396827 0.3298571428571428
0.5121666666666668 0.7956938775510205
0.4724841269841271 0.7335714285714284
0.4293492063492065 0.6892040816326528
0.3741349206349208 0.7468979591836737
0.3310079365079365 0.698081632653061
0.3706904761904761 0.6670204081632652
0.4258968253968255 0.6049183673469386
0.4258968253968255 0.462938775510204
0.4604047619047621 0.3475918367346938
0.519063492063492 0.28548979591836743
0.5604761904761906 0.30322448979591843
0.5794523809523812 0.38308163265306094
0.5949761904761903 0.48069387755102044
0.6191349206349208 0.5472448979591836
0.6484682539682539 0.6581632653061225
0.6383333333333334 0.24608163265306138
0.6957460317460317 0.29818367346938784
0.7548492063492063 0.34161224489795927
0.798753968253968 0.37200000000000016
0.8375873015873017 0.40238775510204106
}
