version: 2
n_points: 55
{
0.10321938775510198 0.11041626794258372
0.2405816326530612 0.053368421052631565
0.37794387755102044 0.018401913875598103
0.4642857142857143 0.012882775119617202
0.5781020408163264 0.023923444976076555
0.7036887755102041 0.060729665071770314
0.8096530612244899 0.11961722488038277
0.880295918367347 0.19506698564593303
0.9352448979591836 0.27419856459330144
0.9548673469387755 0.35517224880382775
0.9587908163265306 0.4269425837320574
0.9705663265306123 0.5152751196172248
0.9430918367346939 0.5907248803827752
0.9116938775510205 0.6588157894736842
0.8528265306122449 0.7471483253588517
0.7547091836734694 0.8281196172248804
0.5977244897959184 0.9072511961722488
0.4211122448979593 0.9679784688995215
0.2052602040816326 0.9882224880382775
0.02080102040816323 0.9054114832535884
0.18170918367346944 0.504232057416268
0.11498979591836744 0.4269425837320574
0.12676530612244896 0.2926028708133971
0.18170918367346944 0.20427033492822963
0.28767857142857134 0.12697846889952152
0.38971938775510195 0.09569377990430622
0.5820255102040817 0.11593779904306217
0.6605204081632652 0.16194258373205744
0.7547091836734694 0.24291387559808614
0.8253520408163266 0.327566985645933
0.8920714285714286 0.40853827751196176
0.9077704081632654 0.4839904306220095
0.8959948979591837 0.5465598086124401
0.8057295918367346 0.645933014354067
0.6958418367346939 0.7655502392344498
0.1071428571428571 0.5391985645933014
0.13068877551020408 0.6072870813397129
0.15816326530612246 0.680897129186603
0.09536734693877558 0.728744019138756
0.09144387755102046 0.7949952153110048
0.24450510204081632 0.7747511961722489
0.3386989795918367 0.6864186602870813
0.47213265306122454 0.655133971291866
0.5741734693877552 0.6256889952153111
0.6330459183673469 0.563122009569378
0.636969387755102 0.5023923444976076
0.5113826530612244 0.4821483253588517
0.42504081632653057 0.42510047846889953
0.32299999999999995 0.3846148325358852
0.13461734693877547 0.37173444976076553
0.8057295918367346 0.34412918660287084
0.7704081632653061 0.3018038277511962
0.7272346938775511 0.25395693779904305
0.6762142857142858 0.19322727272727275
0.5545510204081633 0.1343397129186603
}
