version: 2
n_points: 55
{
0.8767733333333334 0.5705918367346939
0.9114799999999998 0.46157142857142897
0.9297466666666666 0.36091836734693883
0.9242666666666666 0.28824489795918357
0.8968666666666665 0.2043673469387757
0.8438933333333334 0.1400612244897959
0.7726666666666665 0.11769387755102033
0.69412 0.12887755102040813
0.6283733333333332 0.18479591836734707
0.5662666666666667 0.2211428571428574
0.4950399999999998 0.26308163265306106
0.4092 0.2826530612244897
0.3123866666666667 0.36091836734693883
0.23750666666666653 0.4727551020408167
0.14982666666666655 0.5761836734693878
0.10782666666666652 0.6348979591836738
0.06581333333333339 0.7020000000000005
0.06033333333333346 0.7718775510204082
0.07860000000000011 0.8445714285714289
0.12243999999999988 0.9088775510204087
0.5954933333333334 0.7131836734693883
0.6813333333333332 0.6656530612244902
0.7343066666666668 0.5873673469387757
0.7836266666666666 0.4475918367346942
0.8164933333333333 0.32177551020408157
0.82928 0.24071428571428546
0.7891066666666666 0.1792040816326532
0.7306533333333334 0.1736122448979593
0.6521199999999998 0.2155510204081635
0.5790533333333334 0.265877551020408
0.5206133333333332 0.3078163265306122
0.46033333333333337 0.3245714285714285
0.40371999999999997 0.37210204081632664
0.37083999999999984 0.42522448979591865
0.33065333333333347 0.5007142857142862
0.5626133333333333 0.7690816326530613
0.5370533333333333 0.7495102040816326
0.43476000000000004 0.7606938775510205
0.39093333333333324 0.8194081632653063
0.3525733333333335 0.8054285714285716
0.3562266666666668 0.7131836734693883
0.39093333333333324 0.676836734693878
0.41649333333333327 0.5957551020408165
0.45485333333333344 0.5063061224489801
0.4767733333333335 0.4308163265306125
0.5315733333333332 0.3832857142857144
0.5881866666666667 0.40565306122448996
0.6338533333333332 0.4699591836734698
0.6557733333333333 0.5510204081632653
0.67404 0.6432857142857146
0.5315733333333332 0.31340816326530613
0.6009733333333334 0.32177551020408157
0.67404 0.3245714285714285
0.7379600000000002 0.31340816326530613
0.7635333333333332 0.2546938775510202
}
