version: 2
n_points: 55
{
0.11999150141643052 0.7187419354838708
0.05119263456090659 0.5943161290322575
0.016796033994334204 0.4514580645161297
0.016796033994334204 0.2625161290322584
0.0451246458923512 0.15652903225806414
0.12201416430594908 0.03670967741935516
0.2130708215297452 0.041322580645161144
0.32031444759206806 0.08740645161290328
0.4093484419263456 0.16574193548387128
0.5145694050991503 0.23947741935483813
0.6096713881019832 0.25790967741935555
0.6987053824362607 0.2763419354838714
0.7594079320113315 0.3270322580645164
0.8201133144475921 0.3961612903225804
0.876770538243626 0.46989032258064567
0.9273569405099149 0.5712774193548387
0.971872521246459 0.6864838709677418
0.9880623229461755 0.824729032258065
0.9779433427762041 0.907677419354839
0.9496147308781872 0.9721935483870972
0.3810198300283286 0.7786451612903229
0.2798470254957506 0.6956967741935489
0.18271954674220964 0.5989225806451618
0.13213314447592076 0.5021483870967748
0.11594617563739369 0.3639032258064514
0.11594617563739369 0.2809548387096774
0.16450708215297458 0.11966451612903228
0.2535410764872521 0.13809677419354816
0.3284107648725212 0.17496129032258012
0.40732577903682704 0.23947741935483813
0.48826345609065147 0.23487096774193528
0.575271954674221 0.28556129032258026
0.6521643059490086 0.3132129032258064
0.7128696883852692 0.3961612903225804
0.7836912181303117 0.5113677419354835
0.42553541076487267 0.843161290322581
0.4781473087818695 0.7878645161290317
0.5671784702549577 0.7878645161290317
0.6501416430594901 0.87541935483871
0.7047762039660055 0.8708129032258072
0.718940509915014 0.7970838709677419
0.7027507082152975 0.6450064516129039
0.6643059490084986 0.5067612903225807
0.548968838526912 0.44224516129032265
0.474099150141643 0.4468516129032254
0.4113711048158642 0.47450322580645166
0.37292634560906524 0.5297999999999995
0.34459773371104824 0.6081419354838706
0.3243626062322946 0.6634387096774199
0.31424645892351266 0.7233483870967736
0.3931614730878185 0.25330322580645126
0.34257507082152966 0.2809548387096774
0.28591784702549566 0.2947741935483874
0.22926062322946167 0.30860000000000054
0.16855524079320114 0.3454709677419354
}
