version: 2
n_points: 55
{
0.9017934782608693 0.23754976303317532
0.7816521739130432 0.14026540284360192
0.6844021739130433 0.07291943127962083
0.5356630434782609 0.028018957345971592
0.39881521739130404 0.037298578199052156
0.28577173913043474 0.08279620853080569
0.21185869565217375 0.15862559241706162
0.15098913043478282 0.25720379146919436
0.11620652173913015 0.32924170616113746
0.0814239130434781 0.4221327014218009
0.05533695652173922 0.5282938388625592
0.09011956521739127 0.6439336492890996
0.12490217391304333 0.7273459715639812
0.17707608695652172 0.8240284360189574
0.2509891304347827 0.8960663507109005
0.3466413043478263 0.9434597156398103
0.47272826086956504 0.9775829383886255
0.6075108695652176 0.9775829383886255
0.7249021739130432 0.945355450236967
0.8162065217391306 0.8771090047393365
0.8814239130434783 0.45246445497630333
0.7988152173913042 0.38421800947867296
0.7466413043478258 0.28184834123222746
0.646641304347826 0.18327014218009471
0.5335978260869566 0.13208530805687205
0.4249021739130436 0.10175355450236967
0.3509891304347826 0.13587677725118477
0.32925 0.198436018957346
0.26403260869565215 0.2723696682464455
0.22055434782608693 0.35009478672985783
0.14664130434782593 0.4164454976303318
0.11620652173913015 0.48469194312796215
0.1075108695652176 0.5794786729857819
0.1553369565217391 0.6477251184834124
0.2466413043478258 0.7008056872037914
0.9466413043478262 0.5055450236966824
0.7596847826086959 0.5510426540284361
0.6379456521739127 0.6685781990521327
0.6988152173913044 0.7500947867298577
0.6944673913043481 0.8335071090047393
0.572728260869565 0.7576777251184834
0.5162065217391303 0.6780568720379146
0.3901195652173915 0.6458293838862559
0.3422934782608694 0.5662085308056872
0.32925 0.5150236966824644
0.3466413043478263 0.4505687203791469
0.4422934782608693 0.42402843601895734
0.585771739130435 0.41265402843601895
0.6814239130434779 0.3974881516587678
0.7814239130434785 0.39369668246445494
0.2466413043478258 0.355781990521327
0.3162065217391305 0.31028436018957345
0.364032608695652 0.23824644549763038
0.43359782608695674 0.17379146919431274
0.5031630434782608 0.14156398104265405
}
