version: 2
n_points: 55
{
0.14427860696517414 0.8
0.06965174129353234 0.6857142857142857
0.024875621890547265 0.5238095238095238
0.029850746268656716 0.36190476190476195
0.0945273631840796 0.16190476190476188
0.19402985074626866 0.07619047619047614
0.31343283582089554 0.04761904761904767
0.40298507462686567 0.06666666666666665
0.47761194029850745 0.09523809523809523
0.5572139303482587 0.1333333333333333
0.6218905472636815 0.16190476190476188
0.6716417910447762 0.20952380952380956
0.7263681592039801 0.2571428571428571
0.7910447761194029 0.3047619047619048
0.8507462686567164 0.3904761904761904
0.900497512437811 0.48571428571428577
0.9552238805970149 0.6190476190476191
0.9751243781094527 0.780952380952381
0.9502487562189055 0.8857142857142857
0.8905472636815921 0.9523809523809523
0.472636815920398 0.7523809523809524
0.373134328358209 0.7428571428571429
0.27860696517412936 0.7142857142857143
0.19402985074626866 0.6857142857142857
0.11442786069651742 0.580952380952381
0.05472636815920398 0.47619047619047616
0.05472636815920398 0.35238095238095246
0.11442786069651742 0.23809523809523814
0.1890547263681592 0.18095238095238098
0.26865671641791045 0.11428571428571432
0.3781094527363184 0.11428571428571432
0.46766169154228854 0.1333333333333333
0.5522388059701493 0.17142857142857149
0.6318407960199005 0.22857142857142854
0.6965174129353234 0.2857142857142857
0.48258706467661694 0.8571428571428571
0.5621890547263682 0.8285714285714286
0.6169154228855721 0.7904761904761904
0.6716417910447762 0.8761904761904762
0.7263681592039801 0.8857142857142857
0.7064676616915423 0.7333333333333333
0.6467661691542289 0.6571428571428571
0.6417910447761194 0.47619047619047616
0.5870646766169154 0.38095238095238093
0.527363184079602 0.38095238095238093
0.48258706467661694 0.4476190476190476
0.43283582089552236 0.49523809523809526
0.39800995024875624 0.5428571428571428
0.3582089552238806 0.6285714285714286
0.3383084577114428 0.6952380952380952
0.4925373134328358 0.22857142857142854
0.40298507462686567 0.2666666666666666
0.31343283582089554 0.33333333333333326
0.23383084577114427 0.4
0.15422885572139303 0.4666666666666667
}
