version: 2
n_points: 55
{
0.9118671096345515 0.2428241758241756
0.9524717607973422 0.4198736263736266
0.9820033222591362 0.6121813186813189
0.9524717607973422 0.7800659340659339
0.8768006644518272 0.8899560439560439
0.7882059800664452 0.9449010989010987
0.6903853820598006 0.969324175824176
0.5962524916943521 0.935747252747253
0.5113521594684385 0.8716428571428572
0.4301395348837208 0.8166978021978022
0.34154817275747507 0.7525934065934065
0.2640265780730896 0.6671263736263737
0.2123488372093022 0.6091263736263736
0.16251495016611284 0.5633406593406595
0.10899003322259126 0.5236593406593408
0.055461794019933564 0.47176373626373624
0.02039534883720928 0.37408241758241745
0.02408637873754149 0.2428241758241756
0.02408637873754149 0.13904395604395625
0.014857142857142791 0.026098901098901117
0.6368571428571429 0.32524175824175805
0.7309900332225914 0.34660989010988996
0.8251196013289036 0.3924010989010991
0.8694152823920265 0.44734615384615406
0.8804916943521595 0.5511318681318684
0.8472691029900332 0.6762802197802196
0.815890365448505 0.7739615384615384
0.7291428571428571 0.8228021978021978
0.6294750830564784 0.8624835164835164
0.5390365448504983 0.8166978021978022
0.4799734219269103 0.7800659340659339
0.4227574750830565 0.7190164835164834
0.38030564784053145 0.6732307692307693
0.3341627906976745 0.6304945054945055
0.28986710963455153 0.5999670329670328
0.579641196013289 0.25503846153846166
0.5021229235880399 0.2855604395604394
0.45967109634551495 0.2947197802197803
0.42460465116279067 0.23671978021978002
0.3784617940199335 0.22451098901098898
0.3784617940199335 0.2947197802197803
0.40799335548172755 0.40155494505494493
0.4042990033222592 0.5083956043956045
0.444906976744186 0.6213351648351646
0.4799734219269103 0.6732307692307693
0.5224252491694352 0.6732307692307693
0.5851794019933555 0.6640714285714285
0.6460863787375415 0.6060769230769233
0.6793089700996677 0.5267087912087911
0.712531561461794 0.3893461538461538
0.6239401993355481 0.7983846153846156
0.6756179401993355 0.7831208791208792
0.7291428571428571 0.7770164835164837
0.7937441860465115 0.7434395604395607
0.8214285714285714 0.6884945054945057
}
