version: 2
n_points: 55
{
0.7151679999999999 0.05602631578947348
0.8324960000000001 0.09549999999999981
0.9124960000000001 0.17006578947368434
0.9524960000000001 0.30164473684210547
0.9498320000000001 0.4946315789473682
0.9151679999999999 0.6437500000000002
0.8564960000000001 0.749013157894737
0.7764960000000001 0.8235789473684209
0.7098320000000001 0.871815789473684
0.6084960000000001 0.9112894736842103
0.5018319999999998 0.9288421052631577
0.40583199999999986 0.9288421052631577
0.3338319999999999 0.9200657894736843
0.25916800000000006 0.9025263157894735
0.19516800000000012 0.867434210526316
0.13649600000000006 0.8454999999999997
0.08049600000000012 0.7841052631578945
0.05916800000000011 0.7226973684210527
0.037831999999999866 0.6612894736842103
0.04583199999999987 0.5779605263157896
0.5151680000000001 0.5604210526315787
0.5204960000000001 0.44199999999999984
0.5658319999999999 0.3454999999999998
0.6404960000000002 0.26217105263157914
0.720496 0.20953947368421066
0.7871679999999999 0.21392105263157868
0.8324960000000001 0.2753289473684212
0.8404960000000001 0.4069078947368423
0.8458320000000001 0.5516447368421054
0.7978320000000001 0.6437500000000002
0.720496 0.7270789473684208
0.6378320000000002 0.7753289473684212
0.5604960000000001 0.8060263157894735
0.4778319999999999 0.8016447368421054
0.4164960000000001 0.8016447368421054
0.4218319999999999 0.4112894736842103
0.36583199999999994 0.42006578947368434
0.33916800000000014 0.4726973684210528
0.26183199999999984 0.4726973684210528
0.25383199999999984 0.5297105263157893
0.32614399999999977 0.5267105263157892
0.3745120000000002 0.5450657894736843
0.409864 0.6001447368421051
0.44335199999999986 0.6644078947368421
0.4973040000000001 0.6766447368421054
0.5549760000000001 0.6491052631578946
0.590328 0.6001447368421051
0.6331199999999999 0.5328289473684211
0.6517200000000001 0.4502105263157896
0.6107919999999999 0.32474999999999976
0.6628879999999999 0.7439605263157893
0.7131199999999999 0.6582894736842102
0.7391679999999998 0.542
0.761488 0.4196052631578946
0.7596320000000001 0.2972105263157898
}
