version: 2
n_points: 55
{
0.5951228070175438 0.16137931034482783
0.4649649122807015 0.1205977011494255
0.36308771929824557 0.08722988505747124
0.26122807017543836 0.0649770114942531
0.1933157894736843 0.11318390804597678
0.12540350877192977 0.17250574712643657
0.10277192982456147 0.23925287356321837
0.10277192982456147 0.3171149425287356
0.11408771929824536 0.417229885057471
0.14238596491228095 0.5173333333333331
0.24424561403508765 0.5544137931034481
0.3800701754385963 0.6100344827586205
0.45364912280701764 0.6841839080459771
0.5555087719298243 0.7509310344827588
0.6290877192982457 0.8102528735632186
0.6404035087719295 0.8769999999999998
0.7196315789473685 0.9326091954022988
0.8101754385964913 0.9474482758620689
0.8667719298245615 0.9251954022988508
0.9177017543859654 0.9066551724137933
0.6404035087719295 0.33565517241379306
0.5272105263157892 0.24666666666666642
0.4592982456140352 0.20217241379310344
0.36308771929824557 0.16137931034482783
0.24991228070175447 0.15767816091954043
0.1989824561403511 0.21700000000000022
0.16501754385964923 0.2911609195402301
0.1819999999999999 0.36902298850574733
0.22161403508771937 0.45801149425287335
0.2895263157894734 0.5210459770114945
0.36308771929824557 0.5544137931034481
0.4479824561403508 0.5989080459770117
0.4989122807017542 0.6508160919540228
0.5555087719298243 0.7064367816091952
0.6404035087719295 0.7435172413793101
0.6687017543859651 0.40610344827586226
0.6573859649122807 0.45059770114942527
0.6573859649122807 0.4950919540229883
0.7366140350877192 0.5284597701149425
0.7649122807017543 0.5914942528735629
0.7875438596491225 0.6434022988505746
0.6913333333333335 0.639689655172414
0.6234210526315789 0.6730689655172416
0.5668245614035087 0.6248620689655172
0.5385263157894736 0.5655402298850575
0.5328771929824561 0.5173333333333331
0.5385263157894736 0.46913793103448276
0.5498596491228073 0.4320574712643678
0.5781578947368423 0.40239080459770094
0.6064385964912282 0.365310344827586
0.42535087719298253 0.5321724137931032
0.4196842105263157 0.45429885057471264
0.37442105263157915 0.38014942528735607
0.3461228070175441 0.3171149425287356
0.3065087719298246 0.2540804597701152
}
