version: 2
n_points: 55
{
0.8881951219512194 0.517483333333333
0.9100853658536586 0.4020999999999996
0.9319756097560975 0.28243333333333376
0.9257195121951218 0.1969666666666664
0.8600487804878049 0.13713333333333252
0.7850121951219513 0.10295000000000035
0.719341463414634 0.09439999999999979
0.6442926829268292 0.10723333333333282
0.5817560975609757 0.18414999999999965
0.4910731707317073 0.2482499999999997
0.4392195121951219 0.3060000000000002
0.37998780487804873 0.3750500000000007
0.3224999999999999 0.4369499999999997
0.270231707317073 0.4988500000000007
0.19184146341463404 0.570283333333333
0.1291219512195121 0.632183333333334
0.08208536585365844 0.7131333333333335
0.05246341463414628 0.8060000000000003
0.05420731707317061 0.882183333333334
0.07336585365853643 0.9298000000000002
0.5977560975609755 0.6655166666666673
0.6674512195121951 0.6012333333333326
0.7336463414634145 0.5393333333333336
0.7684878048780487 0.4631333333333335
0.7876585365853658 0.3940999999999993
0.7998536585365853 0.3417166666666674
0.7754634146341463 0.23694999999999974
0.7510731707317072 0.2012333333333326
0.6796463414634146 0.21789999999999926
0.604731707317073 0.2631333333333335
0.5402682926829268 0.31076666666666597
0.47580487804878036 0.3417166666666674
0.4218048780487804 0.382183333333334
0.38173170731707307 0.44171666666666737
0.3399146341463414 0.5369499999999997
0.5698902439024389 0.6845666666666659
0.547231707317073 0.6583833333333341
0.4601341463414633 0.6560000000000002
0.40786585365853645 0.708383333333334
0.35385365853658524 0.7512333333333326
0.3677926829268292 0.6917166666666674
0.42354878048780487 0.632183333333334
0.4252804878048779 0.570283333333333
0.4392195121951219 0.4988500000000007
0.474060975609756 0.47028333333333305
0.5089146341463414 0.4488500000000007
0.5629146341463414 0.43456666666666594
0.6221463414634145 0.4512333333333326
0.6517682926829267 0.4869499999999997
0.6761585365853657 0.5488500000000006
0.5925365853658535 0.31313333333333354
0.6273780487804876 0.2940999999999993
0.6639634146341462 0.27980000000000016
0.7005487804878048 0.26551666666666734
0.7475853658536584 0.2560000000000002
}
