version: 2
n_points: 55
{
0.6912043010752692 0.15803086419753085
0.5803118279569898 0.08858641975308641
0.4257419354838715 0.05579012345679019
0.3148602150537639 0.032641975308642046
0.18380645161290377 0.06736419753086427
0.09644086021505431 0.1368086419753087
0.05948387096774235 0.23325925925925933
0.07292473118279612 0.31620987654320987
0.08300000000000055 0.37986419753086426
0.10988172043010808 0.44930864197530873
0.1367634408602156 0.5226111111111111
0.17036559139785 0.5978456790123456
0.2207741935483875 0.6788641975308642
0.2913333333333339 0.7560246913580246
0.361903225806452 0.8158209876543211
0.4795053763440866 0.8852654320987655
0.5971182795698929 0.9354197530864198
0.7483225806451619 0.970141975308642
0.8457741935483876 0.9547098765432099
0.9465806451612907 0.9257777777777778
0.6307204301075273 0.3817962962962963
0.6206344086021511 0.2795555555555556
0.5399892473118285 0.19467901234567908
0.45934408602150595 0.1329506172839507
0.3417419354838714 0.11559259259259258
0.23084946236559195 0.1310246913580247
0.16701075268817248 0.19082098765432107
0.14684946236559182 0.2718395061728396
0.17373118279569935 0.3528580246913581
0.19724731182795754 0.4184444444444445
0.21740860215053817 0.4801728395061729
0.2342150537634413 0.5476913580246914
0.29805376344086076 0.6441419753086419
0.37869892473118333 0.6788641975308642
0.42238709677419395 0.7425185185185186
0.7449677419354843 0.43580864197530866
0.7281612903225811 0.49946296296296305
0.7684838709677425 0.5554074074074073
0.8256129032258068 0.5939876543209877
0.81889247311828 0.6595740740740741
0.7449677419354843 0.6904382716049383
0.6609569892473124 0.6692160493827162
0.5903978494623661 0.6615000000000001
0.4929462365591403 0.5920555555555557
0.4257419354838715 0.5631234567901234
0.3854193548387102 0.49946296296296305
0.3820645161290327 0.42616049382716054
0.42238709677419395 0.3682901234567902
0.513107526881721 0.34514197530864205
0.5971182795698929 0.3355
0.3148602150537639 0.6306358024691359
0.2610967741935488 0.5187530864197532
0.24765591397849504 0.3914382716049383
0.23756989247311883 0.2602654320987655
0.2678172043010757 0.15224074074074082
}
