version: 2
n_points: 55
{
0.06870816326530595 0.44584837545126355
0.034014285714285546 0.5288808664259927
0.01972857142857126 0.6335740072202166
0.011565306122448809 0.7238267148014441
0.03197346938775493 0.8285198555956679
0.08299387755102024 0.8971119133574007
0.15646326530612228 0.9404332129963899
0.22176938775510188 0.98014440433213
0.31768775510204067 0.9259927797833936
0.3952387755102039 0.868231046931408
0.4768714285714284 0.8176895306859205
0.5605448979591835 0.7563176895306859
0.6401367346938773 0.6949458483754513
0.7217693877551019 0.6155234657039711
0.7972795918367345 0.5108303249097472
0.8523816326530611 0.44584837545126355
0.9340142857142856 0.3664259927797834
0.9870755102040815 0.27978339350180503
0.9911571428571427 0.11732851985559567
0.9605448979591835 0.016245487364620947
0.3748306122448978 0.3014440433212996
0.29115714285714267 0.38808664259927794
0.2278918367346937 0.46389891696750907
0.1768714285714284 0.5469314079422383
0.1299326530612243 0.6588447653429603
0.13401428571428553 0.7851985559566788
0.1911571428571427 0.8501805054151624
0.2646265306122447 0.8501805054151624
0.3442183673469386 0.8032490974729242
0.4442183673469386 0.7490974729241877
0.4931979591836733 0.7093862815884476
0.5625857142857141 0.6696750902527075
0.6197285714285713 0.6191335740072202
0.6646265306122447 0.536101083032491
0.7054428571428569 0.46389891696750907
0.4911571428571427 0.21480144404332135
0.5340142857142856 0.2545126353790613
0.5911571428571427 0.2509025270758123
0.6380959183673468 0.20397111913357402
0.6931979591836733 0.1787003610108303
0.678912244897959 0.20036101083032487
0.6278918367346937 0.27978339350180503
0.6074836734693876 0.38808664259927794
0.5911571428571427 0.5108303249097472
0.5564632653061222 0.5974729241877257
0.4931979591836733 0.6263537906137184
0.4442183673469386 0.6010830324909747
0.41768775510204065 0.5288808664259927
0.39932040816326514 0.4422382671480144
0.378912244897959 0.3664259927797834
0.4850346938775508 0.6913357400722022
0.3931979591836733 0.7129963898916967
0.3074836734693876 0.7057761732851986
0.2278918367346937 0.7310469314079422
0.19727959183673452 0.7924187725631768
}
