version: 2
n_points: 55
{
0.4209310344827588 0.08164077669902904
0.3519655172413795 0.05957766990291274
0.2798689655172415 0.0330970873786407
0.20463448275862087 0.026480582524272045
0.12313103448275851 0.05295631067961161
0.07297241379310357 0.09487864077669883
0.041620689655172585 0.1500436893203883
0.03535172413793087 0.22948058252427198
0.041620689655172585 0.3044999999999999
0.07297241379310357 0.3883495145631068
0.14506896551724155 0.4876456310679614
0.2109034482758622 0.5538398058252427
0.25792413793103447 0.6332766990291264
0.33629655172413775 0.723742718446602
0.4522827586206898 0.8164174757281554
0.5337862068965518 0.9024708737864078
0.6560413793103447 0.9598398058252426
0.7657586206896554 0.9796990291262135
0.8754758620689657 0.9686650485436891
0.9695241379310346 0.9443932038834949
0.6745241379310344 0.4019223300970876
0.5816827586206896 0.3179029126213595
0.4914965517241379 0.2600242718446605
0.3747862068965517 0.20774757281553421
0.2501172413793103 0.17414077669902936
0.13075172413793107 0.17414077669902936
0.10157931034482748 0.2488203883495143
0.12279999999999988 0.332839805825243
0.17319310344827585 0.42432524271844635
0.21033103448275856 0.4878058252427187
0.2660344827586206 0.5512864077669906
0.2925586206896551 0.624101941747573
0.33764827586206897 0.6689126213592236
0.4066137931034483 0.6987864077669905
0.4729310344827585 0.7249223300970871
0.6930896551724137 0.49153883495145606
0.6851310344827586 0.596097087378641
0.7302275862068964 0.6819805825242721
0.7434896551724137 0.7267912621359226
0.7222689655172413 0.7230582524271847
0.7010482758620689 0.6446407766990294
0.5975999999999999 0.6110339805825244
0.5100620689655173 0.6390388349514565
0.41457241379310344 0.6446407766990294
0.3694827586206896 0.6166359223300973
0.3588689655172414 0.5550194174757279
0.36152413793103444 0.4691359223300973
0.38539999999999985 0.3981893203883497
0.45171034482758615 0.34964563106796137
0.5100620689655173 0.3085679611650488
0.2660344827586206 0.5046116504854371
0.26073103448275853 0.44299514563106773
0.23420000000000002 0.38511650485436866
0.21033103448275856 0.3048349514563109
0.18380689655172405 0.243223300970874
}
