version: 2
n_points: 55
{
0.7151679999999999 0.9439736842105265
0.8324960000000001 0.9045000000000002
0.9124960000000001 0.8299342105263157
0.9524960000000001 0.6983552631578945
0.9498320000000001 0.5053684210526318
0.9151679999999999 0.35624999999999984
0.8564960000000001 0.250986842105263
0.7764960000000001 0.17642105263157914
0.7098320000000001 0.12818421052631604
0.6084960000000001 0.08871052631578973
0.5018319999999998 0.07115789473684231
0.40583199999999986 0.07115789473684231
0.3338319999999999 0.07993421052631564
0.25916800000000006 0.09747368421052652
0.19516800000000012 0.13256578947368405
0.13649600000000006 0.15450000000000025
0.08049600000000012 0.21589473684210547
0.05916800000000011 0.27730263157894725
0.037831999999999866 0.33871052631578974
0.04583199999999987 0.42203947368421035
0.5151680000000001 0.43957894736842124
0.5204960000000001 0.5580000000000002
0.5658319999999999 0.6545000000000002
0.6404960000000002 0.7378289473684209
0.720496 0.7904605263157893
0.7871679999999999 0.7860789473684213
0.8324960000000001 0.7246710526315788
0.8404960000000001 0.5930921052631577
0.8458320000000001 0.4483552631578946
0.7978320000000001 0.35624999999999984
0.720496 0.2729210526315792
0.6378320000000002 0.2246710526315788
0.5604960000000001 0.19397368421052655
0.4778319999999999 0.1983552631578946
0.4164960000000001 0.1983552631578946
0.4218319999999999 0.5887105263157897
0.36583199999999994 0.5799342105263157
0.33916800000000014 0.5273026315789472
0.26183199999999984 0.5273026315789472
0.25383199999999984 0.47028947368421076
0.32614399999999977 0.47328947368421087
0.3745120000000002 0.45493421052631566
0.409864 0.3998552631578949
0.44335199999999986 0.33559210526315786
0.4973040000000001 0.3233552631578946
0.5549760000000001 0.35089473684210537
0.590328 0.3998552631578949
0.6331199999999999 0.4671710526315789
0.6517200000000001 0.5497894736842104
0.6107919999999999 0.6752500000000002
0.6628879999999999 0.2560394736842106
0.7131199999999999 0.34171052631578985
0.7391679999999998 0.4579999999999999
0.761488 0.5803947368421054
0.7596320000000001 0.7027894736842102
}
