version: 2
n_points: 55
{
0.8185945945945944 0.07138983050847436
0.8895675675675677 0.1587118644067802
0.935981981981982 0.30766101694915327
0.9496306306306306 0.4617288135593214
0.9086846846846844 0.6004067796610166
0.8349729729729731 0.7698983050847454
0.7394234234234236 0.8623559322033901
0.6111081081081083 0.9034406779661016
0.4773423423423425 0.8674915254237291
0.3763333333333335 0.805847457627118
0.2780540540540538 0.7339491525423747
0.20161261261261276 0.6569152542372888
0.15792792792792765 0.5901355932203387
0.10060360360360332 0.5028305084745748
0.05691891891891876 0.44118644067796564
0.037810810810810835 0.3692881355932205
0.043270270270270195 0.2511525423728811
0.054189189189189024 0.1587118644067802
0.08421621621621633 0.10733898305084888
0.10333333333333361 0.07652542372881521
0.5918018018018019 0.32223728813559227
0.6818918918918919 0.2677627118644068
0.7591171171171172 0.21932203389830596
0.8202522522522523 0.17089830508474713
0.8717297297297297 0.2919661016949172
0.8749459459459462 0.4554067796610155
0.8492072072072072 0.5885762711864426
0.8009459459459457 0.7096440677966087
0.739810810810811 0.7641186440677961
0.6754594594594594 0.8004406779661017
0.6046756756756759 0.8004406779661017
0.5371081081081084 0.7762372881355932
0.5113693693693694 0.7399152542372877
0.47275675675675677 0.7156949152542391
0.39554054054054033 0.6612203389830499
0.48241441441441446 0.18906779661016904
0.4051891891891892 0.2011694915254223
0.3601441441441441 0.1406440677966102
0.32153153153153147 0.09220338983050935
0.30223423423423423 0.13457627118644155
0.295792792792793 0.25564406779661164
0.3504954954954953 0.32223728813559227
0.3601441441441441 0.4554067796610155
0.41806306306306285 0.5462033898305103
0.48884684684684687 0.6067457627118644
0.5660630630630633 0.5704237288135589
0.6014594594594594 0.5098813559322048
0.6143243243243244 0.4311864406779671
0.6175495495495495 0.36461016949152447
0.6336306306306309 0.29801694915254384
0.5564144144144144 0.7399152542372877
0.598243243243243 0.7035932203389821
0.649720720720721 0.6612203389830499
0.6979819819819819 0.6248983050847443
0.768765765765766 0.612796610169491
}
