version: 2
n_points: 55
{
0.942555555555556 0.22486507936507935
0.8162916666666654 0.15271428571428564
0.6774027777777766 0.09019047619047622
0.48379166666666784 0.03968253968253968
0.2817777777777779 0.08538095238095246
0.18076388888889028 0.15993650793650782
0.12184722222222098 0.2561349206349206
0.08816666666666606 0.33549999999999996
0.07974999999999947 0.4244841269841271
0.08816666666666606 0.5110634920634921
0.1134305555555544 0.5856190476190477
0.1597222222222222 0.6625793650793652
0.19338888888888858 0.7275158730158728
0.30106944444444317 0.7886428571428573
0.3782222222222218 0.8393492063492062
0.44381944444444343 0.9032777777777777
0.551833333333333 0.9451666666666667
0.6714305555555566 0.9605952380952383
0.7833194444444429 0.9628015873015872
0.8836250000000013 0.9650079365079366
0.7563194444444434 0.4491349206349207
0.7755972222222233 0.367563492063492
0.752458333333332 0.27938095238095234
0.702305555555556 0.20442857142857151
0.6058472222222235 0.15372222222222223
0.46309722222222327 0.15372222222222223
0.3242083333333344 0.16694444444444442
0.23933333333333293 0.222063492063492
0.20076388888888788 0.3036349206349207
0.18147222222222265 0.37197619047619046
0.16604166666666564 0.4336984126984126
0.16988888888888848 0.5108650793650794
0.21233333333333348 0.5814126984126985
0.27405555555555516 0.6277063492063493
0.3512222222222224 0.6717936507936509
0.9144861111111121 0.4844047619047619
0.8566249999999987 0.521888888888889
0.8296111111111107 0.5858174603174602
0.8489027777777791 0.6651825396825396
0.8681944444444443 0.7225000000000003
0.7370277777777782 0.7114761904761906
0.6290000000000001 0.6232936507936507
0.4746805555555543 0.6188888888888888
0.3705138888888876 0.577
0.29720833333333174 0.5086587301587302
0.29334722222222354 0.42268253968253977
0.4245277777777782 0.39622222222222225
0.5402638888888873 0.3785873015873016
0.6521527777777768 0.3543333333333332
0.7293055555555554 0.3322936507936508
0.23162499999999872 0.35213492063492063
0.2547638888888899 0.3058333333333333
0.28563888888888933 0.26615079365079364
0.32036111111111154 0.23749206349206353
0.3820833333333332 0.20222222222222214
}
