version: 2
n_points: 55
{
0.6931818181818182 0.14025590551181102
0.5650826446280992 0.06938976377952756
0.43285123966942146 0.03198818897637795
0.27582644628099173 0.020177165354330708
0.11053719008264463 0.07135826771653543
0.04442148760330578 0.1579724409448819
0.060950413223140494 0.22883858267716536
0.07747933884297521 0.32529527559055116
0.08574380165289257 0.40994094488188976
0.07747933884297521 0.500492125984252
0.07334710743801653 0.5595472440944882
0.08161157024793389 0.6146653543307087
0.11880165289256199 0.6835629921259843
0.16012396694214875 0.7465551181102362
0.22210743801652894 0.8252952755905512
0.32541322314049587 0.8804133858267716
0.4287190082644628 0.9315944881889764
0.5692148760330579 0.9749015748031497
0.7716942148760331 0.9808070866141733
0.9617768595041323 0.9375
0.7221074380165289 0.4965551181102362
0.6931818181818182 0.390255905511811
0.6683884297520661 0.2780511811023622
0.5568181818181818 0.19931102362204725
0.39979338842975204 0.13828740157480315
0.1890495867768595 0.1343503937007874
0.10227272727272728 0.1796259842519685
0.13119834710743802 0.25049212598425197
0.16425619834710745 0.3154527559055118
0.1518595041322314 0.3922244094488189
0.12706611570247933 0.4512795275590551
0.1353305785123967 0.53001968503937
0.1683884297520661 0.5615157480314961
0.2510330578512397 0.6126968503937008
0.3378099173553719 0.6422244094488189
0.8791322314049587 0.4670275590551181
0.8088842975206612 0.5063976377952756
0.8130165289256198 0.5871062992125984
0.8915289256198347 0.6382874015748031
0.9163223140495868 0.7170275590551181
0.7592975206611571 0.7012795275590551
0.6229338842975206 0.6107283464566929
0.4617768595041322 0.59498031496063
0.3543388429752066 0.5792322834645669
0.27169421487603307 0.5437992125984252
0.2675619834710744 0.48868110236220474
0.31714876033057854 0.43946850393700787
0.4121900826446281 0.4079724409448819
0.5196280991735537 0.39616141732283466
0.6353305785123967 0.37450787401574803
0.1890495867768595 0.36663385826771655
0.25516528925619836 0.3075787401574803
0.3047520661157025 0.2623031496062992
0.34607438016528924 0.20521653543307086
0.36260330578512395 0.171751968503937
}
