version: 2
n_points: 55
{
0.11930952380952371 0.4833375
0.08642857142857133 0.5862
0.06658333333333355 0.7502625
0.08642857142857133 0.8596375
0.12610714285714306 0.9247375
0.2402023809523812 0.9351499999999999
0.36669047619047646 0.9273374999999999
0.48077380952380944 0.9038999999999999
0.5576547619047615 0.8648374999999999
0.6246190476190472 0.8335874999999999
0.6667857142857142 0.7710874999999999
0.7139047619047615 0.6617124999999999
0.778392857142857 0.5497375
0.8652023809523812 0.48463750000000005
0.9172857142857145 0.4013
0.9495238095238094 0.3153625
0.9420833333333333 0.2059875000000002
0.9098452380952383 0.12265000000000015
0.8676785714285713 0.08880000000000021
0.810630952380952 0.05233750000000015
0.3220476190476193 0.45338750000000005
0.2550833333333336 0.5445249999999999
0.18811904761904788 0.6122375
0.1707500000000002 0.7112
0.1831547619047618 0.8179624999999999
0.2550833333333336 0.86745
0.346845238095238 0.87005
0.4559761904761907 0.851825
0.540297619047619 0.823175
0.6097380952380947 0.7528625
0.6568690476190479 0.6695249999999999
0.7089523809523812 0.5888
0.7486309523809522 0.5497375
0.7808690476190472 0.479425
0.8081547619047618 0.4585874999999999
0.3170833333333332 0.416925
0.39148809523809514 0.43255
0.4981309523809519 0.39088750000000005
0.5874166666666663 0.32057500000000005
0.6519047619047618 0.2997375
0.664309523809524 0.3466125
0.6717500000000003 0.39088750000000005
0.6915833333333329 0.4872375
0.6742261904761904 0.5288999999999999
0.6097380952380947 0.55495
0.5353333333333329 0.5627625
0.4708571428571431 0.5445249999999999
0.42372619047619003 0.5367124999999999
0.38157142857142884 0.510675
0.3493214285714288 0.46901250000000005
0.6317142857142853 0.618625
0.5486547619047618 0.67095
0.4849880952380956 0.70875
0.41022619047618986 0.7494375
0.31886904761904794 0.763975
}
