version: 2
n_points: 55
{
0.3430089285714283 0.14437790697674435
0.5141339285714288 0.07655232558139519
0.636901785714286 0.0377906976744186
0.7819910714285716 0.030523255813953487
0.8898839285714283 0.0789709302325583
0.953125 0.1710290697674417
0.9494017857142859 0.2558139534883721
0.9345267857142855 0.3405988372093025
0.9308035714285714 0.41327325581395363
0.9308035714285714 0.500482558139535
0.9084821428571429 0.5901162790697675
0.875 0.6627906976744186
0.8117589285714284 0.7354651162790697
0.7075892857142857 0.812982558139535
0.5848214285714286 0.8590116279069767
0.4769374999999998 0.8953488372093024
0.3653303571428569 0.9219941860465117
0.2648839285714283 0.9437965116279071
0.1495535714285714 0.9534883720930233
0.0379464285714286 0.9752906976744186
0.34646428571428545 0.43715116279069766
0.33689285714285744 0.3457906976744186
0.42617857142857163 0.24612209302325597
0.4899553571428571 0.1817558139534884
0.5951875 0.16514534883720913
0.7099821428571427 0.14437790697674435
0.8184017857142858 0.1506104651162789
0.8853660714285715 0.19629069767441862
0.8917410714285714 0.27519186046511646
0.8885535714285712 0.36240116279069784
0.8885535714285712 0.435075581395349
0.8757946428571428 0.5119069767441861
0.8534732142857142 0.5866569767441859
0.8152142857142854 0.6572558139534884
0.7418660714285714 0.7050116279069768
0.2667410714285714 0.4766046511627907
0.28587499999999977 0.5555116279069767
0.26355357142857117 0.6198779069767444
0.2220982142857143 0.6385639534883722
0.2444196428571429 0.6904767441860465
0.33051785714285686 0.6925523255813956
0.45807142857142835 0.6551744186046512
0.5632946428571428 0.6385639534883722
0.6653392857142855 0.6302616279069766
0.7386785714285717 0.5949593023255816
0.7514375 0.5015232558139535
0.7259285714285713 0.433
0.6430178571428569 0.39770348837209285
0.5537321428571427 0.3582500000000002
0.4293660714285714 0.3520232558139535
0.8598571428571427 0.4143139534883721
0.8502857142857145 0.3582500000000002
0.8024553571428572 0.2938837209302326
0.7610000000000002 0.2419709302325583
0.7195446428571428 0.19629069767441862
}
