version: 2
n_points: 55
{
0.7555905511811022 0.9267457627118644
0.8466299212598425 0.842
0.9056850393700787 0.7201864406779663
0.9573622047244092 0.5559830508474576
0.9524409448818896 0.3758983050847457
0.898307086614173 0.227593220338983
0.807259842519685 0.1428474576271186
0.7039133858267717 0.08988135593220334
0.6227165354330707 0.10047457627118639
0.5390551181102361 0.12166101694915249
0.445551181102362 0.13755932203389853
0.35942519685039365 0.17993220338983074
0.2782283464566927 0.2117118644067799
0.22409448818897626 0.3017457627118644
0.16011811023622036 0.3812033898305087
0.10106299212598413 0.4500508474576271
0.06169291338582661 0.5559830508474576
0.03954330708661413 0.640728813559322
0.03708661417322823 0.7731525423728816
0.06414960629921251 0.9214576271186443
0.5292125984251967 0.7572542372881356
0.6227165354330707 0.7572542372881356
0.72851968503937 0.7413728813559325
0.8171023622047243 0.6354406779661019
0.8663149606299212 0.49772881355932225
0.8638582677165353 0.3123389830508474
0.7654330708661415 0.2064067796610169
0.6670078740157479 0.1905254237288138
0.5784251968503935 0.2064067796610169
0.5021417322834645 0.22230508474576294
0.41602362204724397 0.2540847457627121
0.3668110236220471 0.3017457627118644
0.33974015748031494 0.3547118644067796
0.3249763779527558 0.3970847457627118
0.3052913385826771 0.439457627118644
0.5218267716535432 0.8896779661016951
0.4824566929133858 0.8367118644067799
0.3815748031496061 0.7784406779661016
0.3298976377952755 0.852593220338983
0.2856062992125984 0.842
0.3102125984251968 0.7254745762711864
0.369267716535433 0.646033898305085
0.3938740157480314 0.5189152542372883
0.430787401574803 0.37061016949152564
0.48492125984251955 0.3653050847457627
0.5218267716535432 0.3812033898305087
0.5759606299212598 0.45535593220339005
0.6005669291338582 0.5347966101694914
0.6227165354330707 0.6036610169491528
0.6276377952755904 0.7201864406779663
0.5488976377952755 0.232898305084746
0.6227165354330707 0.28586440677966124
0.6891496062992125 0.30705084745762734
0.7654330708661415 0.32823728813559344
0.7949606299212597 0.3335254237288135
}
