version: 2
n_points: 55
{
0.8745980707395499 0.6069651741293532
0.9303311897106108 0.5074626865671642
0.9732057877813506 0.404641791044776
0.9839228295819936 0.27860696517412936
0.9517684887459807 0.17247263681592026
0.8938906752411575 0.09618407960199019
0.8145755627009645 0.04975124378109453
0.7224019292604502 0.026532338308457845
0.640942122186495 0.03980099502487562
0.5766334405144693 0.06965174129353234
0.49946302250803853 0.10945273631840796
0.405144694533762 0.15257213930348246
0.3193987138263664 0.21890547263681592
0.23365594855305438 0.3250398009950247
0.16934726688102864 0.46434328358208943
0.10074919614147937 0.54063184079602
0.04072990353697725 0.613597014925373
0.015006430868166887 0.7329999999999999
0.027868167202572125 0.8888905472636818
0.06430868167202575 0.9751243781094527
0.5573408360128617 0.6666666666666666
0.6580932475884245 0.6434477611940297
0.7374051446945337 0.5804328358208957
0.797427652733119 0.4709800995024877
0.8445884244372992 0.3648407960199003
0.8553054662379421 0.22553731343283595
0.7931414790996786 0.16252238805970137
0.7052508038585208 0.12935323383084577
0.595926045016077 0.15920398009950248
0.5101832797427654 0.19900497512437812
0.41372025723472683 0.24875621890547264
0.33440514469453375 0.32172636815920413
0.3001061093247588 0.3681592039800995
0.2722411575562699 0.42786069651741293
0.23794212218649513 0.5207313432835823
0.5037524115755627 0.7329999999999999
0.42015112540192934 0.7396368159203982
0.3622733118971062 0.7728009950248754
0.3001061093247588 0.8092885572139304
0.33869131832797417 0.7694875621890549
0.38585209003215437 0.7429502487562187
0.405144694533762 0.6633482587064675
0.3987138263665595 0.5671641791044776
0.37942122186495175 0.4510796019900499
0.4115755627009646 0.3880597014925373
0.4823151125401929 0.3383084577114428
0.5487684887459808 0.35489054726368147
0.6023569131832797 0.41127860696517426
0.6323697749196142 0.5008308457711445
0.6473729903536977 0.6003333333333335
0.47159807073954996 0.2653383084577113
0.5423376205787782 0.24212437810945261
0.6216495176848873 0.2321741293532337
0.707395498392283 0.2321741293532337
0.797427652733119 0.2719751243781096
}
