version: 2
n_points: 55
{
0.1402601626016261 0.707337662337662
0.07251219512195108 0.6099350649350647
0.04089430894308921 0.48006493506493475
0.04089430894308921 0.3321688311688311
0.07251219512195108 0.21311688311688348
0.12670731707317057 0.11932467532467517
0.21478861788617873 0.07963636363636373
0.30512195121951197 0.07602597402597389
0.41126016260162584 0.07602597402597389
0.5083739837398372 0.09045454545454512
0.6009674796747966 0.1337532467532465
0.693560975609756 0.1950779220779223
0.7613089430894311 0.2744415584415585
0.8268048780487806 0.3538051948051948
0.8742276422764226 0.4584285714285712
0.9148780487804876 0.5666493506493507
0.9464959349593495 0.653233766233766
0.9600406504065039 0.7903116883116881
0.9510081300813007 0.8805064935064932
0.9103577235772357 0.9382207792207792
0.372869918699187 0.5846883116883119
0.298349593495935 0.6243766233766234
0.22608130081300806 0.6243766233766234
0.17865040650406497 0.653233766233766
0.13574796747967482 0.5558311688311686
0.13799999999999993 0.4584285714285712
0.1741382113821137 0.3429870129870133
0.212528455284553 0.2455844155844159
0.27576422764227626 0.2058961038961037
0.345772357723577 0.1878571428571425
0.3977154471544714 0.1878571428571425
0.47675609756097576 0.18064935064935095
0.5264390243902439 0.20950649350649364
0.5896747967479673 0.26001298701298725
0.6416178861788616 0.32855844155844127
0.4428780487804877 0.8155714285714283
0.5219268292682927 0.7831038961038959
0.5964471544715447 0.7758831168831168
0.6619430894308942 0.8263896103896105
0.6619430894308942 0.7217792207792207
0.6416178861788616 0.6424025974025971
0.5806422764227641 0.5666493506493507
0.5919349593495934 0.4584285714285712
0.5580569105691059 0.38266233766233726
0.5083739837398372 0.32133766233766226
0.43384552845528457 0.306909090909091
0.37965040650406506 0.32855844155844127
0.339 0.4043116883116884
0.3231869918699188 0.519753246753247
0.2960894308943088 0.5919090909090909
0.4451382113821139 0.22032467532467503
0.38642276422764205 0.24919480519480508
0.3435121951219513 0.2852597402597399
0.30286178861788626 0.2997012987012987
0.2418861788617887 0.3032987012987012
}
