version: 2
n_points: 55
{
0.3422921348314607 0.14436458333333313
0.5003033707865168 0.07926041666666646
0.6934157303370787 0.056479166666666934
0.8584494382022471 0.10530208333333313
0.9216516853932583 0.1801770833333336
0.935696629213483 0.28108333333333313
0.9181348314606741 0.37222916666666644
0.8935617977528089 0.4601250000000003
0.8338651685393258 0.5317395833333336
0.7706629213483146 0.6261354166666665
0.7144831460674157 0.7075208333333336
0.6547977528089886 0.7888958333333331
0.6021235955056179 0.8670208333333331
0.4967865168539326 0.9060833333333331
0.37389887640449426 0.9288750000000002
0.26153932584269646 0.9484062500000002
0.13513483146067395 0.9386354166666665
0.07193258426966276 0.8995729166666665
0.0543707865168539 0.837729166666667
0.06491011235955046 0.7856458333333336
0.3563370786516854 0.41780208333333313
0.3914494382022472 0.3168958333333336
0.45816853932584256 0.22248958333333313
0.5529662921348315 0.1801770833333336
0.6477752808988763 0.16389583333333313
0.7706629213483146 0.18668750000000026
0.8549325842696629 0.22248958333333313
0.8724943820224718 0.3429375000000003
0.8303595505617976 0.4210625000000003
0.7741797752808988 0.505697916666667
0.7250224719101122 0.5903333333333336
0.6723483146067415 0.6521770833333331
0.6231910112359551 0.7107708333333331
0.5354157303370786 0.7726250000000002
0.4476292134831461 0.7726250000000002
0.2720674157303371 0.4047812499999998
0.2650449438202247 0.505697916666667
0.2580224719101123 0.5805624999999998
0.20535955056179755 0.6098645833333336
0.19833707865168526 0.6717083333333331
0.2790898876404494 0.6456666666666665
0.3703820224719101 0.6261354166666665
0.45816853932584256 0.6651979166666665
0.5389213483146067 0.6456666666666665
0.5705280898876404 0.5805624999999998
0.5740337078651685 0.5154583333333331
0.5670112359550561 0.46988541666666644
0.5389213483146067 0.4243124999999998
0.46519101123595485 0.3754895833333336
0.4195393258426966 0.3429375000000003
0.7531123595505617 0.4796562500000003
0.7636404494382022 0.4275729166666669
0.7706629213483146 0.3494479166666669
0.7636404494382022 0.2680624999999998
0.760134831460674 0.21272916666666694
}
