version: 2
n_points: 55
{
0.8105263157894737 0.8855063291139242
0.8775105263157893 0.7704303797468355
0.9349263157894738 0.6611012658227848
0.9708157894736841 0.5287721518987342
0.9708157894736841 0.36191139240506337
0.9492842105263156 0.2295696202531645
0.8894736842105263 0.14902531645569617
0.7961736842105265 0.0914810126582279
0.6956947368421054 0.07422784810126588
0.5808631578947367 0.10874683544303808
0.492342105263158 0.1432658227848103
0.3775105263157893 0.14902531645569617
0.2866052631578947 0.1893037974683546
0.20286842105263136 0.2698481012658229
0.10717894736842126 0.37341772151898733
0.06172105263157879 0.4424683544303799
0.035405263157894606 0.5287721518987342
0.023447368421052883 0.6380886075949366
0.025042105263158088 0.7368607594936708
0.026636842105263292 0.821253164556962
0.5107631578947369 0.8796582278481012
0.5871631578947367 0.8551518987341771
0.6550736842105263 0.8388227848101265
0.7331736842105263 0.8265696202531646
0.7790157894736841 0.7326582278481012
0.852021052631579 0.5039873417721519
0.8774842105263156 0.30798734177215176
0.8095736842105264 0.24265822784810112
0.739963157894737 0.20182278481012644
0.666957894736842 0.1895822784810127
0.6007473684210526 0.19774683544303814
0.5192526315789474 0.20182278481012644
0.4530368421052632 0.2099873417721519
0.39361578947368414 0.2753291139240507
0.33758947368421055 0.381493670886076
0.4802052631578946 0.9368227848101268
0.43945789473684216 0.8755696202531644
0.3970105263157896 0.8510759493670887
0.34947368421052616 0.8510759493670887
0.30023684210526325 0.8061518987341773
0.33079473684210525 0.7408227848101266
0.37663684210526305 0.7040759493670888
0.39531052631578933 0.6060759493670885
0.4292684210526315 0.4958227848101264
0.46831578947368435 0.5162405063291138
0.5124631578947368 0.5407341772151898
0.532836842105263 0.614240506329114
0.5684894736842103 0.6632405063291138
0.5990473684210527 0.7367341772151899
0.6177263157894737 0.8388227848101265
0.5769789473684209 0.25082278481012654
0.6448894736842106 0.2875696202531644
0.6941263157894737 0.3324936708860759
0.7552473684210527 0.3774050632911392
0.8197631578947369 0.45091139240506345
}
