version: 2
n_points: 55
{
0.755132867132867 0.05799999999999983
0.8322937062937064 0.12606578947368408
0.9094615384615384 0.2168026315789474
0.9600979020979021 0.4209736842105263
0.9504545454545454 0.5843157894736841
0.9166923076923076 0.7113552631578945
0.8467622377622377 0.8157105263157894
0.7671888111888112 0.8973815789473684
0.6538531468531467 0.9291447368421054
0.54293006993007 0.9336842105263159
0.4392377622377621 0.9019210526315788
0.34278321678321655 0.8474736842105262
0.2632097902097903 0.7703421052631578
0.20051048951048955 0.6569078947368423
0.15951748251748232 0.6342236842105262
0.09923776223776204 0.5707105263157894
0.04859440559440564 0.4890394736842105
0.029307692307692146 0.34384210526315795
0.04136363636363649 0.26217105263157914
0.05824475524475525 0.20319736842105274
0.5447622377622379 0.2869210526315791
0.6099230769230769 0.2390657894736844
0.694160839160839 0.21813157894736845
0.7815734265734264 0.20915789473684188
0.8387902097902098 0.23309210526315793
0.8991818181818182 0.3198157894736844
0.9214335664335663 0.4364342105263159
0.888055944055944 0.5919342105263157
0.8387902097902098 0.699592105263158
0.7497832167832168 0.8102368421052633
0.6591958041958041 0.8610789473684212
0.555888111888112 0.8820131578947367
0.4589440559440561 0.834157894736842
0.36358041958041976 0.7354736842105261
0.3159020979020978 0.624828947368421
0.5241048951048951 0.11646052631578951
0.4764265734265736 0.21514473684210522
0.4096713286713288 0.26897368421052636
0.34451048951048946 0.2271052631578946
0.2888811188811189 0.2719605263157896
0.3317972027972028 0.3556973684210525
0.3842447552447552 0.4155000000000001
0.4017272727272727 0.5530657894736841
0.4382797202797202 0.5919342105263157
0.4954965034965034 0.5829736842105264
0.5415874125874126 0.5560526315789472
0.57813986013986 0.49324999999999997
0.5988041958041959 0.43046052631578957
0.6210489510489511 0.3257894736842104
0.6321748251748253 0.24803947368421053
0.5082097902097901 0.8042631578947368
0.5733706293706295 0.8042631578947368
0.6607832167832168 0.7683684210526314
0.7386643356643359 0.7025789473684209
0.7974685314685316 0.6607236842105264
}
