version: 2
n_points: 55
{
0.2436315789473683 0.1675111111111114
0.1598947368421051 0.2685111111111117
0.09410526315789457 0.39477777777777745
0.06718421052631572 0.5564000000000002
0.11205263157894725 0.6877111111111112
0.2017631578947369 0.7937777777777784
0.29446052631578934 0.8594222222222218
0.39913157894736845 0.8796222222222229
0.4828552631578948 0.8695333333333337
0.5606052631578947 0.8240666666666673
0.6622894736842105 0.7786222222222224
0.754986842105263 0.7079111111111109
0.8118026315789474 0.6321555555555556
0.8626447368421054 0.5564000000000002
0.9045131578947367 0.4604444444444451
0.931421052631579 0.36446666666666694
0.937407894736842 0.2634666666666665
0.937407894736842 0.1978000000000002
0.931421052631579 0.14224444444444473
0.9344210526315788 0.10184444444444507
0.5083289473684212 0.2806444444444449
0.3929473684210527 0.25328888888888945
0.2876842105263158 0.2362000000000004
0.20873684210526322 0.33193333333333364
0.174328947368421 0.4242222222222216
0.15813157894736843 0.5678222222222227
0.16419736842105281 0.684066666666667
0.23505263157894743 0.7353333333333327
0.3180526315789473 0.7729555555555558
0.3990263157894736 0.7968888888888892
0.46784210526315806 0.8071333333333339
0.5467894736842107 0.7832000000000006
0.6075263157894737 0.7387555555555562
0.6500394736842104 0.6806444444444448
0.6864736842105262 0.6225111111111106
0.5022631578947369 0.15073333333333372
0.5751315789473685 0.19517777777777812
0.6480131578947368 0.191755555555556
0.6945657894736843 0.16782222222222265
0.759342105263158 0.17124444444444487
0.7208815789473685 0.284066666666667
0.6419342105263158 0.39004444444444486
0.6216973684210526 0.48917777777777727
0.6075263157894737 0.5780666666666662
0.5670394736842105 0.6669555555555551
0.5002368421052632 0.6635555555555559
0.46177631578947365 0.5951777777777781
0.42938157894736856 0.48917777777777727
0.405092105263158 0.40371111111111047
0.3929473684210527 0.31482222222222167
0.4961842105263159 0.7524444444444447
0.41319736842105254 0.718244444444445
0.35246052631578956 0.6669555555555551
0.26744736842105254 0.5883333333333338
0.22898684210526304 0.5336222222222218
}
