version: 2
n_points: 55
{
0.12322666666666654 0.42940816326530606
0.08852000000000014 0.538428571428571
0.0702533333333334 0.6390816326530612
0.07573333333333343 0.7117551020408164
0.10313333333333352 0.7956326530612243
0.15610666666666664 0.8599387755102041
0.2273333333333335 0.8823061224489797
0.30588000000000004 0.8711224489795919
0.3716266666666668 0.8152040816326529
0.43373333333333336 0.7788571428571426
0.5049600000000002 0.7369183673469389
0.5908 0.7173469387755103
0.6876133333333333 0.6390816326530612
0.7624933333333335 0.5272448979591833
0.8501733333333334 0.4238163265306122
0.8921733333333335 0.36510204081632625
0.9341866666666666 0.2979999999999995
0.9396666666666665 0.22812244897959177
0.9213999999999999 0.15542857142857114
0.8775600000000001 0.09112244897959132
0.40450666666666657 0.28681632653061173
0.31866666666666676 0.3343469387755098
0.2656933333333332 0.4126326530612243
0.21637333333333345 0.5524081632653057
0.18350666666666673 0.6782244897959184
0.17072000000000004 0.7592857142857146
0.21089333333333343 0.8207959183673468
0.26934666666666657 0.8263877551020407
0.34788000000000013 0.7844489795918365
0.42094666666666664 0.734122448979592
0.4793866666666668 0.6921836734693878
0.5396666666666666 0.6754285714285715
0.59628 0.6278979591836733
0.6291600000000002 0.5747755102040814
0.6693466666666665 0.4992857142857138
0.4373866666666667 0.2309183673469387
0.46294666666666673 0.2504897959183674
0.56524 0.23930612244897953
0.6090666666666668 0.1805918367346937
0.6474266666666665 0.1945714285714284
0.6437733333333332 0.28681632653061173
0.6090666666666668 0.32316326530612205
0.5835066666666667 0.4042448979591835
0.5451466666666666 0.4936938775510199
0.5232266666666665 0.5691836734693875
0.4684266666666667 0.6167142857142855
0.41181333333333325 0.59434693877551
0.36614666666666684 0.5300408163265302
0.34422666666666674 0.44897959183673475
0.32596 0.35671428571428543
0.4684266666666667 0.6865918367346939
0.3990266666666666 0.6782244897959184
0.32596 0.6754285714285715
0.2620399999999999 0.6865918367346939
0.23646666666666685 0.7453061224489799
}
