version: 2
n_points: 55
{
0.8545756302521008 0.42881666666666685
0.9088487394957983 0.5607666666666666
0.9701218487394958 0.6857666666666666
0.9753739495798319 0.8316
0.9281050420168068 0.9184
0.8440714285714286 0.9566
0.7635378151260503 0.9461833333333334
0.6900084033613445 0.9079833333333334
0.6112268907563024 0.8559
0.5289453781512605 0.7829833333333334
0.48342857142857165 0.7413166666666666
0.4046470588235296 0.7066
0.32936554621848746 0.6614583333333333
0.2505840336134454 0.6024333333333334
0.19456302521008417 0.5538166666666666
0.14028991596638662 0.5086833333333334
0.08426890756302541 0.4600666666666666
0.026495798319327912 0.3107666666666664
0.019491596638655517 0.14409999999999978
0.05625630252100844 0.03645833333333337
0.5744621848739495 0.3732666666666664
0.6602478991596639 0.41145833333333337
0.7845462184873948 0.4774333333333334
0.8423193277310923 0.57465
0.9000924369747898 0.7066
0.9088487394957983 0.8142333333333334
0.868579831932773 0.8836833333333334
0.8038067226890755 0.8836833333333334
0.7390294117647059 0.88715
0.6760042016806723 0.8559
0.6059747899159663 0.80035
0.5692100840336134 0.7447916666666667
0.4939327731092439 0.7413166666666666
0.4344075630252101 0.7135416666666667
0.36263025210084054 0.6267333333333334
0.5499537815126051 0.33506666666666685
0.49568067226890744 0.38020833333333337
0.3976428571428572 0.33506666666666685
0.30485714285714305 0.23784999999999978
0.33111764705882374 0.3454833333333336
0.383638655462185 0.40104166666666663
0.40639495798319314 0.5399333333333334
0.4554159663865547 0.61285
0.50268487394958 0.6336833333333334
0.5534537815126049 0.6545166666666666
0.5937226890756304 0.6649333333333334
0.6234831932773109 0.6267333333333334
0.6374873949579831 0.5816
0.6304873949579833 0.5017333333333334
0.6357394957983196 0.4184000000000002
0.6269831932773109 0.76215
0.6812563025210084 0.7517333333333334
0.7355294117647058 0.7517333333333334
0.8038067226890755 0.765625
0.861579831932773 0.734375
}
