version: 2
n_points: 55
{
0.8496080000000001 0.3271304347826087
0.9231199999999999 0.4563913043478258
0.9598800000000001 0.6169855072463768
0.9425839999999999 0.7697536231884058
0.8755520000000001 0.867666666666667
0.7847440000000001 0.9185942028985504
0.691768 0.9264202898550725
0.626904 0.8950869565217394
0.5533919999999999 0.875507246376812
0.4777199999999998 0.8363333333333333
0.41501600000000005 0.7736666666666664
0.36096000000000006 0.738405797101449
0.296096 0.707072463768116
0.22907200000000016 0.6835797101449271
0.15988000000000013 0.5974057971014493
0.11231199999999986 0.5112318840579707
0.07771999999999979 0.4133043478260866
0.03880000000000017 0.2801304347826088
0.03447200000000017 0.1861159420289853
0.0906880000000001 0.06078260869565244
0.592312 0.3075507246376812
0.68312 0.34279710144927567
0.771768 0.39372463768115906
0.84096 0.47205797101449276
0.8733919999999998 0.5856521739130438
0.866904 0.7344927536231884
0.8236640000000002 0.8206666666666663
0.745824 0.8441739130434781
0.6788000000000002 0.8285072463768112
0.6117680000000001 0.8010869565217388
0.5382559999999998 0.7697536231884058
0.466904 0.738405797101449
0.40203999999999995 0.7188260869565216
0.35447200000000023 0.6835797101449271
0.3090720000000001 0.6130724637681162
0.564208 0.2801304347826088
0.510152 0.31930434782608674
0.4258240000000001 0.3153768115942033
0.3847440000000002 0.23704347826086947
0.32420800000000005 0.22137681159420253
0.3306880000000001 0.3232173913043481
0.3631199999999999 0.3819710144927535
0.371768 0.4798985507246377
0.39339199999999985 0.577811594202899
0.46042399999999994 0.6522463768115941
0.5209600000000001 0.6287391304347824
0.564208 0.5738985507246375
0.6139360000000001 0.4916376811594203
0.6225839999999998 0.409391304347826
0.6377199999999998 0.34671014492753627
0.5188000000000001 0.7423333333333334
0.5858240000000001 0.722739130434783
0.6442080000000001 0.6914057971014491
0.7004239999999999 0.6953188405797097
0.7998800000000001 0.6326521739130437
}
