version: 2
n_points: 55
{
0.16815742397137745 0.016605166051660514
0.08765652951699464 0.1605166051660517
0.025044722719141325 0.3044280442804428
0.008944543828264758 0.507380073800738
0.046511627906976744 0.6992619926199262
0.11985688729874776 0.8321033210332103
0.19141323792486584 0.9280442804428044
0.2826475849731664 0.9797047970479705
0.370304114490161 0.9686346863468634
0.4525939177101968 0.9354243542435424
0.5330948121645797 0.9169741697416974
0.6064400715563506 0.8653136531365313
0.669051878354204 0.8099630996309963
0.738819320214669 0.7583025830258303
0.8103756708407871 0.6512915129151291
0.851520572450805 0.570110701107011
0.9069767441860465 0.466789667896679
0.964221824686941 0.37084870848708484
0.9910554561717353 0.26383763837638374
0.9731663685152058 0.15682656826568264
0.35241502683363146 0.1420664206642066
0.2844364937388193 0.13837638376383765
0.19856887298747763 0.14575645756457567
0.13416815742397137 0.23800738007380073
0.1073345259391771 0.33394833948339486
0.09660107334525939 0.507380073800738
0.13237924865831843 0.6660516605166051
0.17889087656529518 0.8136531365313653
0.26475849731663686 0.8394833948339484
0.334525939177102 0.8542435424354243
0.39713774597495527 0.8468634686346863
0.44364937388193204 0.8357933579335793
0.49552772808586765 0.8321033210332103
0.552772808586762 0.8173431734317343
0.5992844364937389 0.7472324723247232
0.38640429338103754 0.1162361623616236
0.48300536672629696 0.13099630996309963
0.5581395348837209 0.15682656826568264
0.627906976744186 0.0719557195571956
0.6869409660107334 0.05719557195571956
0.6905187835420393 0.16420664206642066
0.6082289803220036 0.3118081180811808
0.5831842576028623 0.43357933579335795
0.5688729874776386 0.5885608856088561
0.5152057245080501 0.6586715867158672
0.46153846153846156 0.6771217712177122
0.41144901610017887 0.6402214022140221
0.3685152057245081 0.540590405904059
0.33094812164579607 0.455719557195572
0.29338103756708406 0.23062730627306272
0.4400715563506261 0.8210332103321033
0.3667262969588551 0.7804428044280443
0.29874776386404295 0.7324723247232472
0.22361359570661896 0.7250922509225093
0.15026833631484796 0.603321033210332
}
