version: 2
n_points: 55
{
0.9393088685015291 0.6582622950819672
0.9745932721712538 0.5405628415300546
0.9840030581039756 0.39344262295081966
0.9534220183486238 0.25052459016393447
0.9110795107033639 0.19587978142076504
0.8616788990825688 0.14123497267759566
0.802868501529052 0.08659016393442624
0.7393547400611621 0.04875956284153007
0.6664311926605504 0.03194535519125685
0.5958593272171253 0.07397814207650279
0.5323455657492355 0.11601639344262292
0.46647706422018353 0.15804918032786885
0.37944036697247707 0.17906557377049184
0.28299082568807343 0.24212021857923494
0.1865443425076453 0.31357923497267753
0.12538226299694188 0.4438852459016393
0.07362996941896027 0.5952076502732241
0.03128746177370034 0.7549398907103825
0.012467889908256868 0.8768415300546447
0.01952599388379206 0.9735191256830601
0.5394036697247706 0.7381256830601093
0.6405565749235473 0.7002950819672131
0.7228899082568807 0.6456502732240437
0.7911070336391437 0.5741912568306011
0.8381559633027523 0.5153442622950819
0.8640305810397554 0.4186612021857924
0.826394495412844 0.3093715846994536
0.7864036697247706 0.2000819672131148
0.6570214067278288 0.14123497267759566
0.5817461773700305 0.16225136612021862
0.5441070336391438 0.19587978142076504
0.4735351681957186 0.20428961748633875
0.40531498470948013 0.22530601092896171
0.3465076452599388 0.2799508196721311
0.28299082568807343 0.39344262295081966
0.5370489296636085 0.9272786885245902
0.4923547400611621 0.8600273224043715
0.39355351681957185 0.8726338797814208
0.2994587155963303 0.9272786885245902
0.26181957186544347 0.9777213114754099
0.2571162079510704 0.8642295081967213
0.3041651376146789 0.7591420765027322
0.31827828746177367 0.6414480874316939
0.33003975535168195 0.5363606557377049
0.39825993883792044 0.43968306010928954
0.46412538226299693 0.3556120218579235
0.5417553516819571 0.35140983606557374
0.6029174311926606 0.42286885245901634
0.6382018348623854 0.5531748633879782
0.6570214067278288 0.6708688524590164
0.5723363914373089 0.21269398907103826
0.6334984709480123 0.2463224043715847
0.689954128440367 0.2631366120218579
0.7417064220183487 0.2799508196721311
0.7887553516819572 0.3009672131147541
}
