version: 2
n_points: 55
{
0.8400645161290323 0.27928301886792495
0.906236559139785 0.41475471698113153
0.9393225806451613 0.5502075471698102
0.906236559139785 0.7388867924528291
0.8428172043010753 0.8453207547169815
0.7683763440860215 0.8936981132075469
0.6801505376344086 0.9033773584905664
0.6084623655913977 0.9033773584905664
0.5312688172043012 0.9033773584905664
0.451311827956989 0.8743584905660379
0.37135483870967745 0.8259811320754725
0.3134516129032259 0.7775849056603772
0.2638279569892473 0.7098679245283028
0.21420430107526878 0.6227735849056594
0.16456989247311837 0.5260188679245287
0.10943010752688198 0.45828301886792433
0.07359139784946234 0.37603773584905564
0.04877419354838708 0.27445283018868016
0.04877419354838708 0.17769811320754725
0.06531182795698942 0.08577358490566134
0.5650215053763443 0.3116981132075468
0.6396344086021504 0.323264150943397
0.7208279569892474 0.35020754716981195
0.7954408602150538 0.4079811320754726
0.8678494623655915 0.5003773584905657
0.8897956989247312 0.615905660377359
0.8459139784946235 0.7583773584905653
0.7647204301075269 0.8084339622641505
0.692301075268817 0.8315471698113208
0.6067204301075271 0.8392452830188682
0.5277204301075267 0.8353962264150935
0.45530107526881736 0.8007358490566031
0.38727956989247303 0.7622264150943401
0.32363440860215065 0.6967735849056599
0.26219354838709696 0.615905660377359
0.5101612903225805 0.21930188679245377
0.45530107526881736 0.2500943396226414
0.4070215053763442 0.2616415094339616
0.3609462365591396 0.20773584905660358
0.3214408602150538 0.2500943396226414
0.3455806451612904 0.3540566037735846
0.41361290322580657 0.442622641509433
0.4158064516129034 0.5504528301886789
0.44213978494623685 0.6621132075471695
0.5101612903225805 0.6890566037735846
0.5650215053763443 0.6736603773584897
0.5979354838709678 0.5850943396226413
0.6176881720430107 0.4965283018867931
0.6264623655913981 0.4310754716981128
0.6374408602150536 0.3540566037735846
0.5847741935483872 0.7468301886792452
0.6549892473118278 0.6967735849056599
0.7230215053763442 0.6544150943396221
0.784462365591398 0.6043584905660369
0.8239677419354838 0.5504528301886789
}
