version: 2
n_points: 55
{
0.8331770833333333 0.1103064516129032
0.8961145833333334 0.28000000000000025
0.9460208333333333 0.46480645161290346
0.9286666666666666 0.6765000000000002
0.88309375 0.7907419354838712
0.7962812499999999 0.8848387096774196
0.698625 0.911709677419355
0.60965625 0.8982741935483873
0.5380416666666668 0.851225806451613
0.46425000000000016 0.7840322580645164
0.38612500000000016 0.7235483870967745
0.3058333333333335 0.6765000000000002
0.24507291666666653 0.6395322580645163
0.18430208333333342 0.568967741935484
0.1387291666666668 0.4748870967741937
0.08882291666666653 0.3572741935483873
0.05192708333333351 0.22959677419354863
0.0823124999999999 0.1422258064516131
0.1495833333333335 0.08174193548387121
0.23421875000000014 0.07838709677419375
0.5488854166666666 0.2967903225806453
0.6378645833333334 0.26319354838709696
0.7376875 0.3001612903225809
0.8114791666666666 0.3505645161290325
0.8570520833333334 0.431209677419355
0.8896041666666666 0.5488064516129034
0.8765833333333334 0.6630645161290325
0.8418541666666667 0.773951612903226
0.7615625 0.8478709677419357
0.6704166666666667 0.851225806451613
0.57059375 0.804193548387097
0.5033125 0.743709677419355
0.4034895833333335 0.6899354838709679
0.31234375000000014 0.5958548387096776
0.2363854166666668 0.521935483870968
0.590125 0.19935483870967763
0.5163333333333333 0.19262903225806471
0.45991666666666653 0.21951612903225826
0.40565625000000016 0.17582258064516143
0.3557499999999999 0.13550000000000018
0.31885416666666677 0.2161451612903228
0.3752812499999999 0.34048387096774213
0.36226041666666653 0.4379193548387098
0.3991458333333334 0.521935483870968
0.47944791666666653 0.5488064516129034
0.5271874999999999 0.46480645161290346
0.5749270833333333 0.4446451612903227
0.6139895833333333 0.3942419354838712
0.6465416666666666 0.3438387096774196
0.6812708333333333 0.31024193548387113
0.5597395833333334 0.7537903225806454
0.6183333333333334 0.7504193548387098
0.7159895833333334 0.7369838709677421
0.7897708333333333 0.6697741935483872
0.8288333333333333 0.605935483870968
}
