version: 2
n_points: 55
{
0.20340666666666682 0.15014285714285724
0.12648666666666675 0.2661428571428571
0.05212666666666678 0.45539682539682536
0.03674000000000016 0.6873809523809524
0.10854000000000004 0.8827460317460317
0.19571333333333352 0.9132698412698412
0.2880266666666667 0.894952380952381
0.3931533333333334 0.8522222222222222
0.4726400000000001 0.8522222222222222
0.5726400000000001 0.8461111111111113
0.6316133333333335 0.8339047619047619
0.6880266666666667 0.7728571428571428
0.7470000000000001 0.7423333333333333
0.7957133333333335 0.6812857142857144
0.8495600000000002 0.6263333333333334
0.9034066666666668 0.5652857142857143
0.9495600000000002 0.46150793650793653
0.9726400000000001 0.3333015873015871
0.9700733333333335 0.17457142857142838
0.9187933333333335 0.07077777777777783
0.4367400000000002 0.10130158730158734
0.3598200000000001 0.1623650793650796
0.2752066666666667 0.2844603174603173
0.20340666666666682 0.4309841269841268
0.14443333333333347 0.5897142857142857
0.10597333333333343 0.7423333333333333
0.1675133333333334 0.7972857142857143
0.23418000000000005 0.8155873015873016
0.2957133333333335 0.7972857142857143
0.35212666666666675 0.7667460317460318
0.41366666666666674 0.778968253968254
0.45982000000000006 0.7850634920634921
0.5239200000000002 0.7728571428571428
0.5905866666666668 0.7301269841269842
0.6444333333333335 0.6812857142857144
0.49058666666666684 0.09520634920634907
0.5649466666666668 0.14404761904761887
0.6495600000000001 0.205095238095238
0.7085400000000001 0.07077777777777783
0.7572533333333334 0.09520634920634907
0.7187933333333334 0.21119047619047626
0.6572533333333335 0.2722539682539681
0.6264866666666667 0.4187619047619049
0.6136666666666667 0.546968253968254
0.5495600000000002 0.6385555555555555
0.4700733333333335 0.6812857142857144
0.41110000000000013 0.662968253968254
0.3777666666666668 0.540873015873016
0.3649466666666668 0.4004603174603176
0.35469333333333336 0.2417301587301589
0.35212666666666675 0.7362222222222223
0.3034066666666668 0.7056984126984127
0.2598200000000001 0.6934920634920634
0.21110000000000015 0.6690793650793652
0.1700733333333335 0.6934920634920634
}
