version: 2
n_points: 55
{
0.6394230769230769 0.08940397350993377
0.5240384615384616 0.056291390728476824
0.39903846153846156 0.029801324503311258
0.25 0.016556291390728478
0.14423076923076922 0.06622516556291391
0.057692307692307696 0.15562913907284767
0.02403846153846154 0.25165562913907286
0.028846153846153848 0.3576158940397351
0.07211538461538461 0.46357615894039733
0.12980769230769232 0.5529801324503312
0.19230769230769232 0.6291390728476821
0.27403846153846156 0.7119205298013245
0.3701923076923077 0.7980132450331126
0.46634615384615385 0.8609271523178808
0.5576923076923077 0.9105960264900662
0.6538461538461539 0.9470198675496688
0.7644230769230769 0.9768211920529801
0.8509615384615384 0.9834437086092715
0.9134615384615384 0.9768211920529801
0.9759615384615384 0.9701986754966887
0.6971153846153846 0.39072847682119205
0.6778846153846154 0.32450331125827814
0.6346153846153846 0.23178807947019867
0.5480769230769231 0.17549668874172186
0.4519230769230769 0.12582781456953643
0.33653846153846156 0.11589403973509933
0.22115384615384615 0.1423841059602649
0.12980769230769232 0.1986754966887417
0.1201923076923077 0.27483443708609273
0.125 0.3675496688741722
0.16826923076923078 0.4602649006622517
0.22596153846153846 0.5298013245033113
0.28846153846153844 0.6225165562913907
0.375 0.6920529801324503
0.5 0.7317880794701986
0.7932692307692307 0.3741721854304636
0.7596153846153846 0.4470198675496689
0.7548076923076923 0.5562913907284768
0.8221153846153846 0.5894039735099338
0.8605769230769231 0.6589403973509934
0.7788461538461539 0.6655629139072847
0.7067307692307693 0.6258278145695364
0.5913461538461539 0.6390728476821192
0.5048076923076923 0.6258278145695364
0.47596153846153844 0.543046357615894
0.49038461538461536 0.4735099337748344
0.5240384615384616 0.4337748344370861
0.5480769230769231 0.39072847682119205
0.5625 0.3576158940397351
0.6346153846153846 0.32781456953642385
0.32211538461538464 0.609271523178808
0.25 0.5066225165562914
0.25 0.4370860927152318
0.2548076923076923 0.304635761589404
0.3173076923076923 0.18543046357615894
}
