version: 2
n_points: 55
{
0.9208590604026847 0.6677733333333337
0.9544161073825506 0.5255599999999997
0.9656040268456376 0.3877733333333337
0.934281879194631 0.24556000000000003
0.8582214765100671 0.13889333333333334
0.7776845637583892 0.08556000000000002
0.6904362416107382 0.07222666666666669
0.6031879194630873 0.07666666666666666
0.5450201342281882 0.11222666666666668
0.47343624161073805 0.14333333333333334
0.4018456375838926 0.17443999999999998
0.33920805369127494 0.19666666666666666
0.28104026845637586 0.21444
0.20497986577181193 0.25444
0.1356241610738257 0.33
0.09088590604026825 0.42777333333333367
0.0483758389261747 0.5744400000000004
0.03271812080536918 0.7433333333333333
0.05508724832214784 0.8544400000000003
0.09312080536912748 0.938893333333333
0.5942416107382549 0.7255599999999996
0.6703020134228188 0.6766666666666666
0.7664966442953022 0.61
0.8380872483221476 0.5255599999999997
0.8850671140939598 0.4322266666666663
0.8850671140939598 0.3122266666666667
0.8291409395973153 0.2277733333333333
0.7732080536912753 0.17889333333333335
0.7105704697986577 0.16556
0.641221476510067 0.15666666666666668
0.5763422818791946 0.18333333333333332
0.4958053691275168 0.22333333333333333
0.4219798657718121 0.2633333333333333
0.35486577181208057 0.29
0.2832751677852351 0.361106666666667
0.5718657718120808 0.721106666666667
0.5025167785234899 0.6544400000000004
0.4443489932885908 0.6633333333333333
0.38618791946308706 0.77
0.3414429530201343 0.7522266666666663
0.3436778523489935 0.681106666666667
0.375 0.6233333333333333
0.36828859060402686 0.5433333333333333
0.39961073825503335 0.41889333333333295
0.46001342281879176 0.3744400000000004
0.5137046979865769 0.38333333333333336
0.5517315436241612 0.41444000000000036
0.585288590604027 0.4766666666666667
0.6143758389261743 0.5833333333333334
0.6322684563758392 0.6544400000000004
0.5383087248322149 0.23666666666666666
0.5987114093959733 0.29444
0.6971476510067114 0.33
0.764261744966443 0.37
0.8380872483221476 0.45
}
