version: 2
n_points: 55
{
0.7967479674796748 0.21052631578947367
0.8780487804878049 0.381578947368421
0.9349593495934959 0.5394736842105263
0.959349593495935 0.736842105263158
0.9105691056910569 0.881578947368421
0.8048780487804879 0.9342105263157895
0.7154471544715447 0.9210526315789473
0.6504065040650406 0.8947368421052632
0.5772357723577235 0.8421052631578947
0.5040650406504066 0.7894736842105263
0.4227642276422764 0.7105263157894737
0.34959349593495936 0.6710526315789473
0.26016260162601623 0.618421052631579
0.1869918699186992 0.5394736842105263
0.12195121951219512 0.4605263157894737
0.08130081300813008 0.39473684210526316
0.04878048780487809 0.2894736842105263
0.04065040650406504 0.1578947368421053
0.08130081300813008 0.09210526315789469
0.13008130081300817 0.06578947368421051
0.6341463414634146 0.3026315789473685
0.7154471544715447 0.39473684210526316
0.7804878048780488 0.4473684210526315
0.8373983739837398 0.5657894736842105
0.8699186991869918 0.6578947368421053
0.8699186991869918 0.7763157894736842
0.8130081300813008 0.8552631578947368
0.7073170731707317 0.8552631578947368
0.6422764227642277 0.8157894736842105
0.5609756097560976 0.7631578947368421
0.4796747967479674 0.7105263157894737
0.4227642276422764 0.6447368421052632
0.36585365853658536 0.5921052631578947
0.31707317073170727 0.5263157894736843
0.2520325203252033 0.4342105263157895
0.6341463414634146 0.19736842105263153
0.5853658536585367 0.2763157894736842
0.46341463414634143 0.26315789473684215
0.4065040650406504 0.17105263157894735
0.33333333333333337 0.19736842105263153
0.33333333333333337 0.2894736842105263
0.3902439024390244 0.3421052631578947
0.39837398373983735 0.4342105263157895
0.4390243902439024 0.4605263157894737
0.5040650406504066 0.5263157894736843
0.5691056910569106 0.5263157894736843
0.6097560975609756 0.513157894736842
0.6341463414634146 0.4736842105263158
0.6504065040650406 0.42105263157894735
0.6747967479674797 0.381578947368421
0.4878048780487805 0.6710526315789473
0.5528455284552846 0.6842105263157895
0.6504065040650406 0.6973684210526316
0.7317073170731707 0.7105263157894737
0.8211382113821138 0.7236842105263157
}
