version: 2
n_points: 55
{
0.3027605633802816 0.9407260273972603
0.17781690140845072 0.9053698630136984
0.09149295774647881 0.799315068493151
0.046056338028168956 0.6799999999999998
0.041514084507042325 0.5518630136986301
0.06877464788732388 0.4325479452054797
0.12556338028169023 0.3220684931506852
0.19826056338028164 0.24253424657534228
0.26868309859154926 0.19393150684931482
0.3504647887323943 0.13647945205479484
0.42997183098591557 0.10112328767123291
0.5117535211267606 0.07902739726027408
0.5867183098591551 0.07019178082191813
0.6571408450704227 0.08787671232876737
0.7366549295774649 0.14973972602739705
0.8252464788732394 0.17624657534246557
0.8775000000000002 0.22043835616438334
0.9320211267605633 0.2955616438356168
0.9592816901408452 0.39278082191780817
0.9683661971830985 0.4855753424657534
0.49130985915492953 0.6534931506849313
0.4049859154929578 0.7462876712328765
0.3141197183098591 0.7728082191780825
0.22552112676056338 0.7374520547945206
0.1619154929577464 0.6667534246575343
0.12783802816901402 0.5606986301369861
0.13692253521126768 0.41045205479452085
0.20053521126760562 0.3176575342465756
0.2800422535211267 0.24253424657534228
0.35500704225352114 0.18950684931506856
0.4345140845070422 0.17183561643835588
0.49812676056338034 0.15857534246575367
0.5571901408450705 0.16298630136986336
0.6185211267605633 0.20276712328767155
0.6525985915492957 0.2690410958904108
0.5253873239436619 0.7418767123287668
0.5708169014084505 0.6534931506849313
0.6435140845070424 0.5960410958904113
0.7003028169014084 0.6048904109589038
0.6798591549295776 0.5606986301369861
0.604894366197183 0.5430136986301368
0.5889929577464789 0.4590547945205483
0.582176056338028 0.3839315068493149
0.5367464788732393 0.3353287671232874
0.49585211267605633 0.35742465753424635
0.464049295774648 0.41045205479452085
0.42542957746478877 0.4723150684931505
0.4049859154929578 0.5341780821917809
0.3822676056338029 0.6004657534246576
0.3822676056338029 0.6799999999999998
0.4595070422535211 0.2116027397260274
0.38680985915492955 0.26020547945205486
0.3027605633802816 0.3309178082191778
0.23460563380281685 0.4192876712328768
0.17781690140845072 0.5386027397260271
}
