version: 2
n_points: 55
{
0.8448480565371024 0.9729536423841063
0.9155194346289752 0.8171324503311255
0.9633286219081273 0.6301390728476818
0.9799575971731448 0.43535761589403993
0.9363074204946997 0.24058278145695347
0.8573215547703181 0.11981456953642373
0.7533922261484098 0.04969536423841072
0.6411484098939929 0.034112582781456645
0.5330636042402828 0.07307284768211915
0.4457632508833923 0.10033774834437055
0.35222968197879856 0.14708609271523204
0.27532155477031817 0.21720529801324504
0.19425795053003536 0.29511920529801317
0.1215088339222613 0.37303311258278127
0.06538515901060082 0.4470463576158942
0.023812720848056634 0.5600198675496688
0.015501766784452142 0.649615894039735
0.03212720848056527 0.7703841059602647
0.07577738515901078 0.8638741721854308
0.1298197879858658 0.9300993377483447
0.5538480565371025 0.8015496688741721
0.6369929328621908 0.8405033112582785
0.7284487632508834 0.8288145695364235
0.8074346289752651 0.7859668874172188
0.8739505300353356 0.7041589403973508
0.919678445229682 0.6028741721854304
0.9279929328621909 0.4509403973509933
0.8926572438162544 0.30680794701986736
0.8323780918727914 0.21331125827814593
0.7471554770318021 0.14319205298013216
0.6577773851590106 0.14708609271523204
0.5912650176678445 0.17435761589403956
0.5018869257950529 0.21720529801324504
0.43744876325088344 0.2678476821192056
0.3709363957597174 0.3652384105960262
0.5018869257950529 0.9417880794701989
0.44992226148409886 0.9378940397350991
0.39795759717314494 0.8794569536423841
0.33767844522968193 0.9106225165562916
0.2711625441696114 0.9145165562913906
0.2857137809187278 0.7703841059602647
0.3896431095406361 0.6729933774834435
0.4000353356890458 0.5600198675496688
0.43537102473498224 0.4509403973509933
0.5102014134275619 0.39640397350993356
0.6078939929328622 0.39250993377483445
0.639070671378092 0.48210596026490066
0.6494628975265018 0.6145562913907285
0.6494628975265018 0.731423841059603
0.6723286219081273 0.8210264900662253
0.6369929328621908 0.19772847682119185
0.7097420494699648 0.2639536423841058
0.7908056537102474 0.3652384105960262
0.8365335689045935 0.44315231788079507
0.8677137809187279 0.5444370860927155
}
