version: 2
n_points: 55
{
0.20827981651376148 0.040529411764705925
0.06883027522935778 0.15817647058823525
0.024793577981651382 0.41700000000000004
0.03396788990825689 0.6562156862745098
0.08534403669724773 0.8326862745098039
0.15690366972477063 0.9385686274509804
0.24314220183486238 0.9503333333333334
0.3312155963302753 0.9189607843137255
0.4211238532110092 0.9307254901960784
0.5202064220183487 0.9307254901960784
0.5936009174311927 0.9150392156862746
0.6669954128440367 0.8875882352941177
0.744059633027523 0.8483725490196078
0.7936009174311927 0.824843137254902
0.8559862385321102 0.7973921568627451
0.909197247706422 0.7424901960784314
0.9550688073394494 0.6522941176470588
0.980756880733945 0.5150392156862746
0.9679128440366972 0.41307843137254907
0.9348853211009175 0.3228823529411764
0.46149082568807337 0.18170588235294127
0.3605733944954128 0.13464705882352934
0.25048165137614675 0.13464705882352934
0.14405963302752295 0.24445098039215685
0.09818807339449542 0.420921568627451
0.0835091743119266 0.5934705882352942
0.10736238532110093 0.7620980392156863
0.15873853211009176 0.8483725490196078
0.23947247706422023 0.9111176470588235
0.32020642201834865 0.8875882352941177
0.38809633027522933 0.8758235294117648
0.4394724770642202 0.8915098039215686
0.490848623853211 0.8758235294117648
0.5569036697247707 0.8444509803921568
0.6247935779816515 0.8405294117647059
0.5238761467889909 0.1307254901960785
0.5587385321100917 0.240529411764706
0.6413073394495413 0.3385686274509805
0.727545871559633 0.29150980392156856
0.7936009174311927 0.29150980392156856
0.6614908256880735 0.3503333333333333
0.6339678899082569 0.40523529411764714
0.6321330275229358 0.5581764705882353
0.6688302752293578 0.7111176470588235
0.5880963302752295 0.7699411764705882
0.5036926605504587 0.7464117647058823
0.4596559633027523 0.5464117647058824
0.41745412844036694 0.41700000000000004
0.3752522935779817 0.25621568627450986
0.3440596330275229 0.15817647058823525
0.4578211009174312 0.820921568627451
0.3715825688073394 0.7581764705882353
0.2890137614678899 0.7071960784313726
0.20461009174311923 0.6444509803921569
0.14405963302752295 0.5542549019607843
}
