version: 2
n_points: 55
{
0.15625 0.22857142857142856
0.25 0.15714285714285714
0.375 0.1
0.53125 0.07142857142857142
0.6875 0.11428571428571428
0.78125 0.17142857142857143
0.8125 0.24285714285714285
0.84375 0.32857142857142857
0.84375 0.4
0.84375 0.4714285714285714
0.84375 0.5428571428571428
0.84375 0.6
0.8125 0.6571428571428571
0.71875 0.7142857142857143
0.625 0.7714285714285715
0.59375 0.8428571428571429
0.53125 0.8857142857142857
0.40625 0.9285714285714286
0.28125 0.9285714285714286
0.15625 0.9
0.1875 0.42857142857142855
0.1875 0.37142857142857144
0.1875 0.2857142857142857
0.3125 0.24285714285714285
0.46875 0.21428571428571427
0.65625 0.21428571428571427
0.6875 0.2571428571428571
0.71875 0.3
0.75 0.35714285714285715
0.75 0.4
0.71875 0.45714285714285713
0.75 0.5
0.71875 0.5571428571428572
0.65625 0.5857142857142857
0.59375 0.6285714285714286
0.16965624999999918 0.4774714285714286
0.22940625000000026 0.5279
0.22940625000000026 0.5993285714285714
0.16506250000000122 0.6497428571428572
0.16506250000000122 0.7043714285714288
0.23859374999999972 0.7022714285714284
0.3167187499999997 0.5993285714285714
0.4821562499999992 0.5909285714285716
0.5648750000000007 0.5552142857142859
0.6108437500000008 0.5026857142857141
0.6246250000000018 0.439657142857143
0.6062499999999993 0.37874285714285716
0.5235312500000013 0.35352857142857164
0.39025000000000176 0.36192857142857154
0.24778124999999918 0.3556285714285715
0.7119375000000012 0.32201428571428564
0.6705937499999983 0.29469999999999985
0.6475937499999986 0.2716
0.6200312500000003 0.24218571428571434
0.5878750000000004 0.2190714285714287
}
