version: 2
n_points: 55
{
0.8234880952380953 0.16489169675090237
0.701136904761905 0.09068592057761735
0.5424047619047621 0.032523465703971174
0.37705952380952384 0.018483754512635394
0.2348630952380952 0.05458483754512637
0.12242857142857133 0.12879061371841138
0.05629166666666663 0.21904332129963883
0.029839285714285915 0.30127436823104686
0.08936309523809544 0.4035595667870034
0.14227380952380977 0.49381227436823083
0.19187500000000007 0.5900830324909746
0.267934523809524 0.6823429602888087
0.35391071428571425 0.7685812274368233
0.4597321428571429 0.8387797833935018
0.5357916666666669 0.8768844765342962
0.6151547619047619 0.9410649819494583
0.7143630952380955 0.979173285198556
0.8301011904761905 0.9831841155234656
0.9028511904761903 0.9671371841155236
0.9756071428571431 0.9470830324909747
0.7507380952380954 0.4075703971119135
0.737511904761905 0.29726353790613713
0.654839285714286 0.19898916967509028
0.539095238095238 0.1227761732851986
0.39689880952380935 0.10672924187725619
0.25470833333333365 0.13079783393501804
0.1356607142857146 0.20500361010830304
0.1455773809523809 0.27921299638989167
0.1521904761904761 0.34740433212996386
0.1687261904761905 0.41358844765342945
0.19518452380952414 0.46774007220216596
0.23817261904761924 0.5279097472924188
0.2844702380952384 0.5900830324909746
0.35391071428571425 0.6422274368231049
0.44319642857142855 0.6783285198555958
0.892934523809524 0.4817797833935017
0.8995476190476192 0.5439530685920576
0.8797083333333336 0.6101407942238267
0.9226964285714288 0.6783285198555958
0.8962380952380952 0.7124259927797834
0.7904226190476193 0.7044043321299639
0.6846011904761907 0.6582743682310469
0.618464285714286 0.6121444043321298
0.5159464285714284 0.6061263537906139
0.423357142857143 0.5760433212996389
0.3572202380952383 0.5198880866425993
0.3605238095238094 0.44768592057761736
0.42997023809523816 0.38951985559566804
0.5556309523809524 0.35341877256317705
0.6879047619047618 0.32333574007220206
0.2580119047619048 0.4877978339350181
0.24808928571428557 0.39754512635379063
0.2513988095238096 0.3293537906137184
0.24478571428571444 0.277205776173285
0.19518452380952414 0.2290722021660649
}
