version: 2
n_points: 55
{
0.7315703125000002 0.9180169491525425
0.8610312499999999 0.7630508474576269
0.9391562499999999 0.5645084745762718
0.9547812499999999 0.34659322033898327
0.9034453125000002 0.1674067796610171
0.8342421875000001 0.09477966101694889
0.7695156249999999 0.09477966101694889
0.6913906249999999 0.12383050847457598
0.6132656249999999 0.15772881355932175
0.5440703125000002 0.1916271186440675
0.4726406249999999 0.22552542372881326
0.4101406249999999 0.27394915254237306
0.35210156250000013 0.3272203389830506
0.2985312499999999 0.3853389830508477
0.21147656250000013 0.4531355932203392
0.1400468749999999 0.5015593220338981
0.05969531250000015 0.5741864406779653
0.032906249999999915 0.714627118644068
0.05746093750000014 0.850220338983051
0.11326562499999993 0.9277118644067799
0.5954062499999999 0.7775762711864399
0.7025468749999999 0.7678983050847464
0.7806718749999999 0.714627118644068
0.8409453125000002 0.5741864406779653
0.8833515625000001 0.4289152542372878
0.8900468749999999 0.2981694915254235
0.8230859375000001 0.17225423728813577
0.7538906249999999 0.21100000000000022
0.6891562499999999 0.2691016949152544
0.6244218749999999 0.2836440677966104
0.5507656249999999 0.2884745762711861
0.4704062499999999 0.2884745762711861
0.41460156250000013 0.3611186440677963
0.36772656250000013 0.43859322033898324
0.32532031250000015 0.4676610169491523
0.5753203125000002 0.8889661016949145
0.5016562499999999 0.8114745762711857
0.4279921875000001 0.7969491525423725
0.38335156250000013 0.8550677966101687
0.3297812499999999 0.8647457627118641
0.3476406249999999 0.8017966101694922
0.4079062499999999 0.7485254237288137
0.4369218749999999 0.6371525423728811
0.4436171875000001 0.5645084745762718
0.4681718749999999 0.5209322033898307
0.5373671875000001 0.4918644067796607
0.5931718749999999 0.5160847457627121
0.6221953125000002 0.5838813559322026
0.6392656250000002 0.6440169491525416
0.6605703125 0.7441694915254229
0.669453125 0.3011864406779658
0.7209453125 0.3011864406779658
0.7742109374999999 0.32428813559322
0.8203749999999999 0.3897796610169494
0.8523359374999999 0.43599999999999983
}
