version: 2
n_points: 55
{
0.1262016460905351 0.5593922651933702
0.07064609053497954 0.44889502762430933
0.03155144032921823 0.35220994475138123
0.021263374485596596 0.2638121546961326
0.05212757201646103 0.16160220994475138
0.11179835390946515 0.09254143646408841
0.19204526748971207 0.05386740331491713
0.27640740740740755 0.03176795580110503
0.375172839506173 0.05110497237569056
0.4739382716049384 0.08701657458563539
0.5706460905349795 0.12016574585635365
0.6426625514403294 0.17817679558011046
0.7146790123456791 0.2417127071823204
0.7640617283950618 0.3080110497237569
0.8381358024691359 0.44613259668508287
0.8936913580246915 0.5400552486187845
0.9533621399176956 0.6339779005524862
0.9801111111111113 0.7334254143646409
0.9780534979423869 0.8411602209944752
0.9451316872427985 0.9765193370165746
0.4514897119341563 0.5444475138121548
0.38040740740740725 0.539425414364641
0.31119753086419744 0.5118011049723759
0.2513415637860083 0.47915469613259654
0.19896296296296279 0.4213977900552488
0.15406995884773647 0.3561049723756905
0.15032921810699576 0.2757403314917126
0.17090534979423858 0.19538121546961307
0.23450617283950623 0.14766298342541417
0.3299053497942388 0.14766298342541417
0.4215596707818929 0.14264088397790042
0.5319259259259261 0.16775690607734794
0.5955226337448559 0.23304972375690614
0.6628641975308643 0.3209447513812156
0.7058847736625513 0.44650828729281766
0.47580658436213985 0.6675027624309391
0.5244403292181069 0.6549447513812156
0.5992633744855966 0.6574585635359116
0.6460288065843622 0.7453535911602209
0.7077572016460906 0.8006022099447513
0.6927901234567899 0.6875966850828729
0.6478971193415637 0.639878453038674
0.6291934156378601 0.5344033149171269
0.6235802469135802 0.43646408839779005
0.5599835390946503 0.3812154696132597
0.4907736625514405 0.37619337016574583
0.4346543209876542 0.3711712707182322
0.3878930041152265 0.38623756906077344
0.3504814814814816 0.44399999999999984
0.34486831275720164 0.5092928176795581
0.5019958847736626 0.19035911602209943
0.4084691358024693 0.17780110497237578
0.3130699588477367 0.19538121546961307
0.2438600823045269 0.2230055248618783
0.18213168724279852 0.27071823204419887
}
