version: 2
n_points: 55
{
0.7031935483870968 0.2326172839506171
0.7978129032258064 0.2819999999999998
0.8709354838709678 0.3848888888888894
0.9354516129032259 0.5248024691358026
0.9655548387096774 0.7017530864197529
0.9225483870967742 0.8457901234567903
0.8451290322580646 0.9322098765432101
0.7548064516129033 0.9322098765432101
0.666632258064516 0.9157530864197536
0.5655548387096774 0.8745925925925924
0.47738709677419355 0.8005185185185183
0.40856774193548373 0.73879012345679
0.32900000000000007 0.6564938271604943
0.25803225806451613 0.5741851851851854
0.1892129032258063 0.45896296296296346
0.14566451612903208 0.38346913580246955
0.1033225806451612 0.30630864197530905
0.06703225806451607 0.22143209876543257
0.05090322580645157 0.14041975308642007
0.03074193548387083 0.0516790123456794
0.5549354838709677 0.24072839506172872
0.627516129032258 0.3217407407407412
0.7242903225806451 0.3757530864197536
0.7787290322580643 0.46062962962963006
0.8392129032258064 0.5493703703703707
0.8513096774193549 0.6573950617283953
0.845258064516129 0.8117160493827164
0.784774193548387 0.8348641975308645
0.6980838709677417 0.8194320987654324
0.627516129032258 0.8194320987654324
0.544858064516129 0.7962839506172843
0.45816129032258057 0.7229753086419757
0.40372903225806434 0.6843950617283955
0.3694516129032257 0.6188148148148152
0.3311483870967741 0.5416543209876545
0.48437419354838696 0.1751358024691363
0.3835677419354837 0.18671604938271635
0.3190516129032256 0.1712839506172843
0.30090322580645157 0.11340740740740785
0.2545354838709676 0.10183950617283977
0.2867935483870966 0.1712839506172843
0.3573548387096773 0.2484444444444447
0.38759999999999983 0.3564691358024694
0.3855806451612902 0.49535802469135837
0.43799999999999994 0.6226666666666671
0.5005032258064515 0.6805432098765435
0.5871935483870967 0.6959753086419755
0.6214709677419353 0.603382716049383
0.6315483870967742 0.5030740740740743
0.6436451612903225 0.38346913580246955
0.5206645161290321 0.757703703703704
0.5932451612903225 0.7808518518518521
0.6799354838709677 0.75383950617284
0.7505032258064515 0.7152592592592597
0.8089677419354838 0.6651111111111114
}
