version: 2
n_points: 55
{
0.8671406249999999 0.1764497041420118
0.7336770833333333 0.08954142011834315
0.6295104166666666 0.01927514792899404
0.4049010416666666 0.01742603550295854
0.25516145833333326 0.03961538461538457
0.1412291666666666 0.07844674556213013
0.06310416666666659 0.13207100591715973
0.030552083333333258 0.21713017751479285
0.03706249999999992 0.29479289940828396
0.06635937499999993 0.3595118343195266
0.12495312499999993 0.41868343195266267
0.18680208333333326 0.4944970414201183
0.24214062499999991 0.5943491124260355
0.29422395833333326 0.6683136094674555
0.3658385416666666 0.7552218934911242
0.47000520833333326 0.8550739644970414
0.6067239583333333 0.9290384615384615
0.7564635416666666 0.9863609467455621
0.9062031249999999 0.960473372781065
0.9778177083333333 0.8735650887573964
0.7792499999999999 0.41868343195266267
0.7239114583333333 0.29479289940828396
0.6620624999999999 0.1764497041420118
0.6034687499999999 0.10433431952662718
0.45047395833333326 0.06920118343195263
0.2974791666666666 0.07474852071005914
0.1900572916666666 0.11357988165680469
0.10867708333333326 0.17275147928994078
0.11193229166666659 0.2596597633136094
0.12820833333333326 0.33177514792899404
0.19331249999999991 0.4038905325443787
0.28445833333333326 0.4871005917159763
0.30398958333333326 0.5721597633136094
0.38862499999999994 0.6664644970414201
0.5090677083333333 0.7348816568047337
0.8410989583333333 0.39464497041420116
0.7922708333333333 0.44272189349112423
0.7434427083333333 0.5851035502958579
0.8118020833333333 0.636878698224852
0.9029479166666666 0.7274852071005917
0.8443541666666666 0.6812573964497041
0.7369322916666666 0.6572189349112426
0.6490416666666666 0.6701627218934911
0.5546406249999999 0.62948224852071
0.4732604166666666 0.5592159763313609
0.4732604166666666 0.5092899408284023
0.5546406249999999 0.4279289940828402
0.6099791666666666 0.3761538461538461
0.6783385416666666 0.34471893491124256
0.7369322916666666 0.31143491124260353
0.2974791666666666 0.45936390532544374
0.29422395833333326 0.41128698224852067
0.2974791666666666 0.3502662721893491
0.29422395833333326 0.27445266272189345
0.34305208333333326 0.17460059171597628
}
