version: 2
n_points: 55
{
0.8334838709677419 0.7992280701754383
0.9201048387096773 0.5912982456140352
0.9529596774193548 0.38336842105263114
0.9111370967741935 0.22742105263157933
0.8571612903225807 0.14708771929824588
0.785475806451613 0.11589473684210516
0.7173790322580647 0.10029824561403482
0.647483870967742 0.10419298245614073
0.5901370967741937 0.13149122807017552
0.5381612903225809 0.16657894736842113
0.5023225806451614 0.19777192982456182
0.44138709677419374 0.20556140350877167
0.37866935483870956 0.2172631578947371
0.3033951612903224 0.2484561403508768
0.2352983870967743 0.30303508771929866
0.167193548387097 0.37710526315789483
0.10805645161290323 0.5018596491228069
0.06862903225806449 0.5759298245614031
0.03995967741935469 0.7201929824561402
0.06862903225806449 0.9151228070175434
0.5757983870967742 0.7552807017543858
0.6582338709677418 0.6695087719298242
0.7496370967741937 0.6149298245614033
0.8105645161290322 0.5837368421052636
0.8428225806451612 0.41608771929824534
0.8410322580645162 0.28354385964912243
0.8105645161290322 0.23675438596491236
0.724540322580645 0.20166666666666674
0.6564435483870967 0.22896491228070154
0.5919274193548387 0.2484561403508768
0.5130725806451611 0.29914035087719276
0.4216774193548388 0.3108245614035085
0.33028225806451605 0.3420175438596492
0.26934677419354836 0.400491228070175
0.2317096774193551 0.4940701754385961
0.5901370967741937 0.7942631578947372
0.5274112903225807 0.7630701754385966
0.4324274193548385 0.727982456140351
0.3858306451612905 0.7981578947368422
0.3338629032258065 0.8293508771929828
0.31354032258064535 0.777526315789474
0.3450080645161291 0.6577192982456141
0.3253387096774192 0.5635789473684215
0.3351774193548388 0.5079473684210521
0.39580645161290307 0.48854385964912245
0.4729435483870966 0.46947368421052615
0.5272903225806453 0.4732982456140352
0.5798870967741936 0.5381403508771926
0.6061854838709675 0.5953333333333338
0.6096935483870966 0.6678070175438596
0.36424999999999974 0.41228070175438597
0.47820967741935483 0.3665087719298249
0.5833951612903227 0.38938596491228056
0.6675483870967742 0.4198947368421057
0.7762419354838709 0.4618596491228074
}
