version: 2
n_points: 55
{
0.8161636363636362 0.6082222222222223
0.9032848484848484 0.44502222222222215
0.9582060606060605 0.3130777777777777
0.9638909090909089 0.16029999999999991
0.8957090909090908 0.06307777777777769
0.8123757575757574 0.05961111111111121
0.7441939393939392 0.1360000000000001
0.6684363636363635 0.1985000000000001
0.5983575757575756 0.24363333333333326
0.5263878787878786 0.29224444444444436
0.44684242424242415 0.33391111111111105
0.37676969696969675 0.3721111111111112
0.29911515151515145 0.42766666666666675
0.234721212121212 0.5179444444444445
0.18358787878787863 0.5665555555555557
0.14759999999999995 0.6394666666666666
0.09456969696969686 0.6950222222222221
0.03964848484848471 0.7644666666666668
0.026387878787878738 0.8616888888888892
0.041539393939393876 0.9554444444444445
0.593787878787879 0.6669444444444446
0.6686545454545453 0.5656333333333334
0.7506545454545455 0.47085555555555564
0.7969999999999999 0.3499444444444445
0.8273030303030302 0.22903333333333334
0.8183878787878788 0.11465555555555543
0.7756060606060607 0.12772222222222226
0.7346121212121213 0.1865444444444443
0.6686545454545453 0.24209999999999987
0.6027030303030305 0.2715111111111112
0.5474424242424241 0.2845888888888889
0.49396969696969695 0.3107333333333334
0.4155393939393941 0.3564777777777778
0.3691939393939392 0.425111111111111
0.3602787878787881 0.5329555555555556
0.5590727272727274 0.7452111111111113
0.48981212121212137 0.7028888888888888
0.4248727272727272 0.6817222222222221
0.37581212121212126 0.769022222222222
0.31664848484848496 0.835166666666667
0.3209757575757577 0.7637333333333333
0.39601212121212115 0.6684999999999999
0.4191030303030302 0.5467999999999998
0.43064848484848495 0.42246666666666655
0.4883696969696971 0.35367777777777765
0.5504181818181819 0.34574444444444435
0.600921212121212 0.34838888888888875
0.6283393939393939 0.4012999999999999
0.6384363636363635 0.4806666666666666
0.654309090909091 0.5362222222222222
0.6211212121212122 0.2848999999999999
0.6644121212121211 0.2848999999999999
0.7149151515151516 0.2954777777777777
0.7481090909090908 0.30341111111111096
0.7841818181818181 0.3139999999999999
}
