version: 2
n_points: 55
{
0.47191025641025675 0.11854255319148907
0.36382051282051264 0.06848936170212754
0.2406410256410254 0.06222340425531904
0.12248717948717915 0.10811702127659586
0.06970512820512835 0.189468085106383
0.06467948717948738 0.28959574468085086
0.08478205128205128 0.3792872340425534
0.1300384615384612 0.47107446808510645
0.19539743589743572 0.5545106382978726
0.2632692307692311 0.6400319148936171
0.3286282051282049 0.7213829787234043
0.40152564102564126 0.7902234042553192
0.48448717948717973 0.8319361702127659
0.5624102564102563 0.8840851063829785
0.635307692307692 0.9216382978723405
0.7107307692307694 0.9362340425531912
0.783628205128205 0.9487553191489361
0.8464743589743586 0.9404042553191492
0.8992692307692304 0.9132872340425531
0.9394871794871792 0.8820000000000001
0.6001153846153849 0.4168404255319148
0.5297307692307694 0.32713829787234017
0.5171666666666667 0.2562234042553189
0.44174358974358996 0.1852978723404256
0.32611538461538475 0.15609574468085108
0.2406410256410254 0.1706914893617023
0.18030769230769259 0.2249255319148933
0.16774358974358977 0.29168085106382985
0.17276923076923076 0.3792872340425534
0.17276923076923076 0.45646808510638315
0.20544871794871766 0.5232234042553191
0.278346153846154 0.5816276595744682
0.34370512820512855 0.6379468085106381
0.40403846153846135 0.6963510638297872
0.4769358974358977 0.704691489361702
0.6931282051282054 0.47107446808510645
0.7082179487179485 0.5482553191489362
0.7157564102564103 0.612914893617021
0.793679487179487 0.6400319148936171
0.7886538461538459 0.6859255319148934
0.6981538461538463 0.6900957446808513
0.6453717948717949 0.6358617021276597
0.5674358974358973 0.6358617021276597
0.48448717948717973 0.6191702127659574
0.40152564102564126 0.5649361702127658
0.36382051282051264 0.500276595744681
0.37135897435897447 0.45021276595744675
0.42164102564102535 0.4064042553191489
0.49202564102564084 0.3792872340425534
0.5297307692307694 0.34799999999999986
0.20571794871794863 0.4401382978723403
0.21662820512820502 0.3677021276595747
0.21662820512820502 0.3111170212765958
0.20571794871794863 0.2613191489361704
0.22480769230769262 0.2228404255319149
}
