version: 2
n_points: 55
{
0.9021788856304986 0.36017788461538447
0.965017595307918 0.49067307692307693
0.9838709677419355 0.6142980769230769
0.9796803519061584 0.7550961538461538
0.9335982404692081 0.8684182692307693
0.8540000000000002 0.9302307692307692
0.7639296187683284 0.9714423076923077
0.6591964809384163 0.9714423076923077
0.5733137829912023 0.9405336538461538
0.49162170087976553 0.8787211538461539
0.4162140762463342 0.8237740384615384
0.3345190615835778 0.7688317307692307
0.23397653958944264 0.6795432692307692
0.15228445747800612 0.5593509615384616
0.09153665689149548 0.43572596153846144
0.045454545454545414 0.3361394230769229
0.02241348973607049 0.24341826923076915
0.011938416422287101 0.1506971153846155
0.02241348973607049 0.09918749999999987
0.03288563049853355 0.023639423076922905
0.5984486803519062 0.24685096153846164
0.7115630498533725 0.32926923076923076
0.8121085043988269 0.43229326923076905
0.8728533724340177 0.5593509615384616
0.8791378299120233 0.7070192307692308
0.8498123167155424 0.8375096153846153
0.7639296187683284 0.864985576923077
0.6738592375366568 0.8787211538461539
0.5795982404692083 0.8306442307692308
0.5 0.7447932692307693
0.4329706744868036 0.7070192307692308
0.35546627565982425 0.6692403846153846
0.3051935483870969 0.5799567307692306
0.27168035190615847 0.4631971153846155
0.23607038123167157 0.36017788461538447
0.5418944281524924 0.22281250000000008
0.4811466275659825 0.22281250000000008
0.41202346041055715 0.22968269230769234
0.3868885630498533 0.17473557692307706
0.32823753665689137 0.12665865384615393
0.3303313782991203 0.22625000000000006
0.3680351906158358 0.284625
0.36594134897360686 0.36704326923076935
0.37850733137829917 0.4597644230769229
0.4350645161290322 0.521576923076923
0.48533724340175954 0.507841346153846
0.5460821114369503 0.47350000000000003
0.6089237536656893 0.4288557692307692
0.6445337243401759 0.39795192307692306
0.6570997067448681 0.3430048076923078
0.5314193548387098 0.7413557692307693
0.6089237536656893 0.7447932692307693
0.6885219941348972 0.7207548076923077
0.7660234604105574 0.6864134615384616
0.8477155425219942 0.6383365384615385
}
