version: 2
n_points: 55
{
0.054289999999999734 0.5968928571428569
0.060960000000000035 0.7377678571428571
0.10985000000000014 0.8330089285714288
0.17206999999999995 0.9163392857142857
0.28096000000000004 0.9480892857142855
0.4165100000000001 0.9460982142857145
0.54096 0.9242767857142857
0.6387400000000002 0.8826071428571426
0.7031799999999998 0.8210982142857145
0.7654000000000002 0.7357857142857145
0.8187400000000002 0.6584017857142856
0.8787400000000002 0.5750714285714287
0.9276299999999997 0.47388392857142847
0.95207 0.3746696428571431
0.9565100000000001 0.29531249999999987
0.9387400000000002 0.19411607142857135
0.8920699999999999 0.1147499999999998
0.83207 0.06117857142857119
0.7587400000000002 0.037374999999999825
0.68096 0.057214285714285884
0.4165100000000001 0.45800892857142883
0.31874000000000025 0.4917410714285714
0.21874000000000024 0.5651517857142859
0.17206999999999995 0.6405446428571427
0.14985000000000015 0.729830357142857
0.22762999999999978 0.8151517857142859
0.31874000000000025 0.8707053571428571
0.44317999999999985 0.8865803571428573
0.5498500000000002 0.8647499999999998
0.6454000000000002 0.7794375000000002
0.71207 0.7278482142857143
0.7431799999999998 0.630625
0.79651 0.539357142857143
0.8342899999999998 0.4520535714285714
0.8387400000000003 0.3607857142857144
0.3098500000000001 0.4163392857142857
0.4276299999999998 0.40641964285714294
0.5054000000000002 0.3290357142857141
0.5054000000000002 0.28141964285714294
0.55207 0.23380357142857122
0.60096 0.24768749999999984
0.6142899999999998 0.3468928571428569
0.6387400000000002 0.40840178571428554
0.6631799999999999 0.4401517857142859
0.6587400000000002 0.49768749999999984
0.6231799999999998 0.5572142857142859
0.5276299999999998 0.5849910714285715
0.46762999999999977 0.5790357142857141
0.41206999999999994 0.5532410714285716
0.32762999999999975 0.5155446428571427
0.7165100000000001 0.6345982142857142
0.6654000000000002 0.7000714285714287
0.5387400000000002 0.7457053571428571
0.4276299999999998 0.7675267857142859
0.24317999999999984 0.7595982142857142
}
