version: 2
n_points: 55
{
0.8377717391304347 0.2983870967741935
0.9138586956521738 0.4629032258064517
0.9725543478260869 0.6790322580645161
0.9529891304347827 0.8338709677419356
0.8703804347826085 0.9209677419354839
0.7595108695652174 0.9564516129032258
0.6573369565217391 0.9532258064516129
0.5638586956521738 0.8951612903225806
0.5029891304347827 0.8435483870967742
0.40951086956521754 0.7758064516129031
0.3377717391304347 0.7209677419354839
0.2682065217391305 0.6596774193548388
0.20516304347826086 0.5951612903225807
0.15298913043478246 0.5145161290322582
0.10951086956521727 0.43387096774193556
0.06385869565217395 0.35967741935483866
0.03777173913043508 0.27903225806451604
0.022554347826086785 0.16290322580645156
0.03777173913043508 0.0693548387096774
0.105163043478261 0.040322580645161255
0.5073369565217393 0.27258064516129044
0.6029891304347825 0.3403225806451612
0.7160326086956521 0.4209677419354838
0.7769021739130434 0.4951612903225807
0.8334239130434784 0.5983870967741934
0.872554347826087 0.7274193548387096
0.872554347826087 0.8274193548387097
0.798641304347826 0.8822580645161291
0.7008152173913043 0.8983870967741936
0.6421195652173912 0.8629032258064516
0.5616847826086957 0.814516129032258
0.48994565217391295 0.75
0.4008152173913043 0.6983870967741935
0.3116847826086958 0.6338709677419354
0.23125000000000007 0.5048387096774193
0.5377717391304347 0.24354838709677407
0.4703804347826087 0.24677419354838703
0.4160326086956523 0.21451612903225803
0.372554347826087 0.15645161290322585
0.33124999999999993 0.17580645161290331
0.31820652173913044 0.23709677419354847
0.3464673913043478 0.25322580645161297
0.3529891304347825 0.34354838709677415
0.34429347826086965 0.41129032258064513
0.3899456521739131 0.5016129032258063
0.45081521739130426 0.5370967741935484
0.513858695652174 0.5629032258064517
0.5638586956521738 0.5403225806451613
0.589945652173913 0.46612903225806457
0.6116847826086957 0.3790322580645161
0.2855978260869566 0.5435483870967742
0.40951086956521754 0.6435483870967743
0.5269021739130434 0.6822580645161289
0.6855978260869564 0.6790322580645161
0.7834239130434781 0.6629032258064516
}
