version: 2
n_points: 55
{
0.1130952380952381 0.9367088607594937
0.07738095238095238 0.7974683544303798
0.047619047619047616 0.6455696202531646
0.02976190476190476 0.5063291139240507
0.06547619047619048 0.3291139240506329
0.125 0.240506329113924
0.19642857142857142 0.12658227848101267
0.26785714285714285 0.06329113924050633
0.34523809523809523 0.06329113924050633
0.40476190476190477 0.17721518987341778
0.4644166666666666 0.22753164556962058
0.5318750000000001 0.2570632911392404
0.6112380952380951 0.2781645569620256
0.6925892857142858 0.31192405063291206
0.7858452380952381 0.3456708860759492
0.885047619047619 0.34989873417721584
0.9465595238095238 0.45537974683544324
0.9743333333333333 0.5524303797468361
0.9743333333333333 0.6832278481012661
0.9564761904761904 0.7887088607594935
0.416797619047619 0.9068607594936715
0.2739404761904761 0.8604430379746838
0.1806845238095239 0.7676202531645576
0.1211607142857144 0.6579113924050636
0.10330357142857154 0.4849113924050632
0.13108333333333327 0.3287974683544307
0.20846428571428566 0.2401898734177218
0.30568452380952393 0.1557974683544303
0.3810833333333333 0.21065822784810195
0.45052380952380944 0.29926582278481084
0.510047619047619 0.3287974683544307
0.5695714285714285 0.3456708860759492
0.6191785714285714 0.37098734177215187
0.67275 0.40053164556962084
0.7302857142857142 0.4638227848101273
0.4544940476190477 0.9152911392405062
0.4882261904761904 0.8519999999999999
0.5358452380952381 0.830911392405064
0.6033035714285715 0.8899746835443038
0.67275 0.8942025316455703
0.6469523809523808 0.7844936708860762
0.6251309523809523 0.6874430379746834
0.6251309523809523 0.5355443037974683
0.5874285714285714 0.4638227848101273
0.5179880952380952 0.44272151898734213
0.46242857142857136 0.44272151898734213
0.40092261904761917 0.49756962025316454
0.3612380952380952 0.5946202531645572
0.34735119047619056 0.712759493670886
0.34735119047619056 0.8646582278481012
0.44655952380952374 0.3456708860759492
0.38504761904761897 0.36677215189873447
0.32155952380952374 0.41740506329113947
0.26203571428571426 0.4806962025316459
0.2263214285714285 0.5650886075949374
}
