version: 2
n_points: 55
{
0.9223574297188754 0.52
0.9518072289156626 0.62
0.9759036144578314 0.7066699999999997
0.978582329317269 0.78
0.949128514056225 0.88
0.9062931726907629 0.9466699999999997
0.8340040160642569 0.9333300000000002
0.7751004016064257 0.9266699999999998
0.6706827309236948 0.8733300000000003
0.5876827309236949 0.8133300000000003
0.4752329317269077 0.76
0.4109759036144579 0.7066699999999997
0.3413654618473896 0.6933300000000002
0.27710843373493976 0.6666699999999997
0.1941084337349399 0.6466699999999997
0.12181927710843388 0.56
0.057562248995983833 0.42666999999999977
0.02008032128514059 0.22667000000000026
0.03079116465863463 0.12667000000000028
0.06559437751004005 0.04667000000000032
0.5716184738955825 0.11332999999999971
0.6412329317269075 0.26
0.7376184738955822 0.3533299999999997
0.7831325301204819 0.5133300000000003
0.8179397590361445 0.7133300000000002
0.8527429718875503 0.88
0.7858112449799196 0.88
0.7215542168674698 0.84
0.6358755020080322 0.7866699999999998
0.5769759036144577 0.76
0.5180722891566265 0.7266699999999997
0.4645261044176706 0.6599999999999999
0.42704016064257044 0.6066699999999997
0.3975903614457831 0.5733300000000003
0.37081526104417684 0.54
0.523425702811245 0.06667000000000034
0.4591686746987953 0.17332999999999965
0.38152610441767065 0.21999999999999997
0.31191566265060233 0.17332999999999965
0.2556907630522087 0.14
0.33065461847389566 0.2133299999999997
0.3949116465863455 0.2533299999999997
0.4109759036144579 0.34667000000000026
0.4538152610441767 0.4333300000000002
0.5127188755020079 0.5
0.5742971887550201 0.5466699999999998
0.6171365461847389 0.5933300000000002
0.6626506024096386 0.5933300000000002
0.6760361445783134 0.52
0.6706827309236948 0.3533299999999997
0.6706827309236948 0.7733300000000003
0.697457831325301 0.7533300000000003
0.729586345381526 0.7333300000000003
0.7617148594377509 0.7133300000000002
0.7884859437751005 0.6733300000000002
}
