version: 2
n_points: 55
{
0.8189880952380951 0.24285714285714244
0.9015952380952382 0.4385918367346936
0.93075 0.5760408163265306
0.9258809523809524 0.7509591836734699
0.8481428571428571 0.8425918367346934
0.7582500000000001 0.8717551020408165
0.7072261904761906 0.8800816326530617
0.639202380952381 0.8759183673469391
0.5663095238095237 0.8675918367346939
0.5007142857142857 0.8425918367346934
0.43026190476190473 0.8176122448979589
0.3622261904761904 0.7842857142857145
0.30392857142857144 0.7343061224489795
0.24075000000000013 0.6551836734693874
0.17758333333333332 0.5635510204081629
0.09011904761904754 0.47191836734693926
0.07311904761904753 0.38861224489795865
0.04882142857142857 0.29699999999999993
0.05367857142857124 0.18036734693877599
0.06826190476190486 0.08873469387755129
0.5408571428571427 0.27669387755102026
0.6330238095238097 0.26683673469387736
0.7405476190476189 0.28987755102040835
0.8039047619047618 0.3556938775510199
0.859595238095238 0.45116326530612305
0.8826309523809522 0.5400408163265304
0.8864761904761904 0.6947346938775505
0.840392857142857 0.7704489795918369
0.7731904761904763 0.8165306122448978
0.6982976190476191 0.8099387755102043
0.6330238095238097 0.8000816326530613
0.563892857142857 0.7967755102040811
0.48133333333333317 0.7868979591836733
0.42180952380952363 0.7704489795918369
0.35844047619047625 0.7276530612244893
0.5446904761904761 0.16479591836734675
0.48324999999999985 0.21744897959183618
0.43525000000000014 0.22404081632653083
0.3968452380952382 0.17465306122448965
0.30852380952380953 0.19112244897959207
0.32388095238095227 0.3063265306122447
0.3968452380952382 0.3853265306122443
0.39108333333333334 0.5071224489795916
0.4160476190476191 0.5861224489795924
0.4678928571428571 0.6651224489795919
0.53125 0.6552448979591843
0.5773333333333335 0.5894081632653055
0.6138214285714286 0.4972448979591838
0.6407023809523809 0.39191836734693897
0.6733452380952382 0.309612244897959
0.6080595238095238 0.7902040816326537
0.6560595238095239 0.7540000000000006
0.7251904761904762 0.7013265306122451
0.80775 0.6453673469387753
0.8519166666666668 0.628918367346939
}
