version: 2
n_points: 55
{
0.6337234848484848 0.07515831134564648
0.4847348484848486 0.015350923482849561
0.3180681818181819 0.017110817941952544
0.16907575757575746 0.04525593667546186
0.07311742424242423 0.12265171503957788
0.04281439393939393 0.22995250659630617
0.022613636363636468 0.33021635883905026
0.055439393939393816 0.4357572559366756
0.10846969696969684 0.5201899736147758
0.16149999999999987 0.5940686015831136
0.21200757575757587 0.6732242744063326
0.280189393939394 0.7330290237467018
0.3433181818181817 0.7664511873350921
0.41149999999999987 0.8016306068601583
0.4872575757575756 0.8631978891820582
0.5857424242424241 0.9300395778364113
0.714530303030303 0.9757730870712401
0.8433181818181817 0.9880870712401053
0.926651515151515 0.9617018469656989
0.9822083333333333 0.9159683377308708
0.6217083333333332 0.34200791556728255
0.5648901515151514 0.23481794195250655
0.5151742424242424 0.15731134564643795
0.4181098484848484 0.10948812664907646
0.3328825757575756 0.09959366754617409
0.2074090909090908 0.14411873350923476
0.13875378787878778 0.2100817941952506
0.10324242424242414 0.2958337730870715
0.141121212121212 0.38158575197889205
0.18136742424242414 0.45909234828496065
0.2074090909090908 0.5333007915567285
0.2452878787878787 0.5827730870712403
0.2950037878787878 0.6240000000000002
0.33761742424242414 0.6553324538258578
0.4133749999999999 0.6916121372031665
0.7235075757575756 0.38323482849604246
0.7093030303030302 0.4574432717678103
0.6950984848484847 0.5333007915567285
0.7471818181818181 0.6091583113456467
0.7519166666666666 0.6553324538258578
0.6808939393939393 0.6322453825857522
0.6004015151515151 0.5827730870712403
0.5057045454545454 0.5844221635883907
0.4370492424242423 0.5794749340369396
0.3683939393939393 0.548142480211082
0.3281477272727272 0.49867018469657015
0.3328825757575756 0.4491978891820583
0.40153787878787867 0.4129182058047496
0.5057045454545454 0.38653298153034327
0.5814621212121212 0.3288153034300794
0.2547575757575756 0.5530897097625332
0.22634848484848474 0.47063588390501343
0.23818560606060596 0.3766385224274409
0.2452878787878787 0.26779947229551476
0.31631060606060596 0.15236411609498676
}
