version: 2
n_points: 55
{
0.1515158150851582 0.7996491935483875
0.06303892944038927 0.6273629032258065
0.012165450121654502 0.41108467741935506
0.06082725060827251 0.21680645161290335
0.1515158150851582 0.09950403225806415
0.22672019464720197 0.05551612903225822
0.3019245742092458 0.022524193548387195
0.36607055961070567 0.029854838709677423
0.4346374695863746 0.0775080645161289
0.4832992700729926 0.1031693548387097
0.5961070559610706 0.1691491935483873
0.689007299270073 0.22413709677419358
0.7774817518248177 0.29745161290322586
0.8416277372262776 0.38176209677419315
0.8902895377128957 0.469737903225806
0.9500121654501215 0.5503830645161286
0.9898248175182481 0.675016129032258
0.9898248175182481 0.7996491935483875
0.9721289537712897 0.9169516129032258
0.9212554744525546 0.9829354838709679
0.4479099756690998 0.6786814516129036
0.3461630170316302 0.6640201612903222
0.2621094890510948 0.6530201612903228
0.17363503649635045 0.5907056451612899
0.12276155717761567 0.5063951612903226
0.10727737226277374 0.3890927419354835
0.12054744525547435 0.2607943548387093
0.17142335766423367 0.17281854838709643
0.22229683698296845 0.12149596774193583
0.2930778588807787 0.1251612903225805
0.3638564476885644 0.1764838709677421
0.4368491484184914 0.18014919354838677
0.5209026763990268 0.20580645161290312
0.5850486618004868 0.2424637096774197
0.6779464720194647 0.3414395161290319
0.4368491484184914 0.861967741935484
0.4832992700729926 0.7996491935483875
0.5872603406326035 0.784987903225806
0.6469805352798056 0.8326411290322576
0.7044890510948907 0.8583024193548384
0.6801581508515817 0.6786814516129036
0.6204379562043796 0.5943709677419354
0.6204379562043796 0.535721774193548
0.6005304136253041 0.4514072580645164
0.5607177615571777 0.3964233870967746
0.5009951338199513 0.3964233870967746
0.44127493917274946 0.42941532258064474
0.38376399026763985 0.49906451612903235
0.3594330900243308 0.5760443548387094
0.3417396593673967 0.6456895161290326
0.45454501216545007 0.22413709677419358
0.3815523114355231 0.22413709677419358
0.30855961070559607 0.21680645161290335
0.2709586374695864 0.1948104838709681
0.22229683698296845 0.1508225806451613
}
