version: 2
n_points: 55
{
0.9637647058823529 0.21277573529411764
0.8219495798319328 0.11856617647058823
0.659142857142857 0.04503676470588235
0.4070420168067226 0.019761029411764705
0.228470588235294 0.06571691176470588
0.11816806722689085 0.13465073529411764
0.060403361344537713 0.21277573529411764
0.04989915966386545 0.3069852941176471
0.07090756302520998 0.3874080882352941
0.04989915966386545 0.4678308823529412
0.04989915966386545 0.5643382352941176
0.09191596638655453 0.6401654411764706
0.16018487394957992 0.7090992647058824
0.23371428571428582 0.7550551470588235
0.32825210084033624 0.8331801470588235
0.41228571428571437 0.8975183823529411
0.5068235294117648 0.9434742647058824
0.6118655462184875 0.9733455882352942
0.706403361344538 0.9848345588235294
0.890235294117647 0.9779411764705882
0.8797310924369747 0.43106617647058826
0.8324537815126052 0.3506433823529412
0.7851932773109243 0.2495404411764706
0.7326722689075629 0.16911764705882354
0.6748907563025212 0.1323529411764706
0.5330924369747898 0.09329044117647059
0.31250420168067217 0.11626838235294118
0.202201680672269 0.1875
0.19169747899159673 0.23345588235294118
0.21796638655462175 0.28170955882352944
0.1969579831932772 0.3322610294117647
0.19169747899159673 0.39659926470588236
0.17594957983193268 0.4655330882352941
0.1706890756302522 0.5229779411764706
0.17594957983193268 0.5643382352941176
0.9637647058823529 0.5183823529411765
0.8797310924369747 0.5689338235294118
0.8272100840336133 0.6332720588235294
0.9217478991596638 0.6700367647058824
0.932252100840336 0.7366727941176471
0.7851932773109243 0.7090992647058824
0.7274117647058824 0.6263786764705882
0.5120840336134452 0.6034007352941176
0.40178151260504213 0.5436580882352942
0.39127731092436985 0.48621323529411764
0.43329411764705894 0.44485294117647056
0.5278319327731094 0.40349264705882354
0.5961176470588234 0.3782169117647059
0.6906554621848738 0.36443014705882354
0.7956974789915965 0.36902573529411764
0.202201680672269 0.4241727941176471
0.24421848739495808 0.35753676470588236
0.344016806722689 0.2702205882352941
0.41228571428571437 0.19439338235294118
0.4805714285714285 0.13465073529411764
}
