version: 2
n_points: 55
{
0.8419691358024691 0.6912043010752692
0.9114135802469135 0.5803118279569898
0.9442098765432098 0.4257419354838715
0.967358024691358 0.3148602150537639
0.9326358024691357 0.18380645161290377
0.8631913580246913 0.09644086021505431
0.7667407407407407 0.05948387096774235
0.6837901234567901 0.07292473118279612
0.6201358024691357 0.08300000000000055
0.5506913580246913 0.10988172043010808
0.47738888888888886 0.1367634408602156
0.40215432098765436 0.17036559139785
0.32113580246913576 0.2207741935483875
0.24397530864197536 0.2913333333333339
0.1841790123456789 0.361903225806452
0.11473456790123449 0.4795053763440866
0.06458024691358022 0.5971182795698929
0.02985802469135801 0.7483225806451619
0.045290123456790066 0.8457741935483876
0.07422222222222219 0.9465806451612907
0.6182037037037037 0.6307204301075273
0.7204444444444444 0.6206344086021511
0.8053209876543209 0.5399892473118285
0.8670493827160493 0.45934408602150595
0.8844074074074074 0.3417419354838714
0.8689753086419754 0.23084946236559195
0.8091790123456789 0.16701075268817248
0.7281604938271604 0.14684946236559182
0.6471419753086419 0.17373118279569935
0.5815555555555555 0.19724731182795754
0.5198271604938272 0.21740860215053817
0.4523086419753086 0.2342150537634413
0.3558580246913581 0.29805376344086076
0.32113580246913576 0.37869892473118333
0.2574814814814814 0.42238709677419395
0.5641913580246913 0.7449677419354843
0.500537037037037 0.7281612903225811
0.44459259259259265 0.7684838709677425
0.40601234567901234 0.8256129032258068
0.3404259259259259 0.81889247311828
0.3095617283950617 0.7449677419354843
0.33078395061728383 0.6609569892473124
0.3384999999999999 0.5903978494623661
0.40794444444444433 0.4929462365591403
0.43687654320987657 0.4257419354838715
0.500537037037037 0.3854193548387102
0.5738395061728394 0.3820645161290327
0.6317098765432099 0.42238709677419395
0.654858024691358 0.513107526881721
0.6645 0.5971182795698929
0.36936419753086414 0.3148602150537639
0.48124691358024685 0.2610967741935488
0.6085617283950617 0.24765591397849504
0.7397345679012345 0.23756989247311883
0.8477592592592592 0.2678172043010757
}
