version: 2
n_points: 55
{
0.16174874371859294 0.2265625
0.28109547738693463 0.11371527777777778
0.4758190954773869 0.035590277777777776
0.6799597989949749 0.018229166666666668
0.8432763819095478 0.0703125
0.9469246231155778 0.1701388888888889
0.9689045226130654 0.2699652777777778
0.9720502512562813 0.3741319444444444
0.9280804020100502 0.4717881944444444
0.8684020100502513 0.5542534722222222
0.8212964824120602 0.6236979166666666
0.7584824120603014 0.7083333333333334
0.6799597989949749 0.7864583333333334
0.5606130653266332 0.8645833333333334
0.4915175879396986 0.9058159722222222
0.40985929648241215 0.9557291666666666
0.29993969849246227 0.9839409722222222
0.19629145728643227 0.9796006944444444
0.08637185929648239 0.9340277777777778
0.02041206030150755 0.8754340277777778
0.24026130653266342 0.3980034722222222
0.23397989949748754 0.3155381944444444
0.2779497487437187 0.2309027777777778
0.3501909547738693 0.16145833333333334
0.4758190954773869 0.14192708333333334
0.6328542713567838 0.15928819444444445
0.7867437185929649 0.20052083333333334
0.8684020100502513 0.2569444444444444
0.8527035175879396 0.36328125
0.8212964824120602 0.4565972222222222
0.780462311557789 0.5368923611111112
0.7427738693467337 0.5933159722222222
0.6893869346733668 0.6453993055555556
0.6077286432160803 0.6844618055555556
0.5574773869346733 0.7083333333333334
0.10521608040201003 0.4262152777777778
0.12406030150753766 0.4978298611111111
0.1271959798994976 0.5716145833333334
0.08009045226130651 0.6323784722222222
0.07694472361809046 0.71484375
0.21828140703517585 0.6931423611111112
0.2716683417085428 0.6236979166666666
0.40985929648241215 0.6280381944444444
0.5323517587939698 0.6258680555555556
0.6171457286432162 0.5933159722222222
0.6422713567839197 0.5238715277777778
0.6297085427135679 0.4544270833333333
0.5794572864321609 0.3980034722222222
0.4601105527638192 0.3654513888888889
0.32191959798994985 0.3003472222222222
0.7678994974874372 0.51953125
0.7741809045226131 0.4674479166666667
0.7867437185929649 0.3980034722222222
0.780462311557789 0.32421875
0.7553366834170855 0.2482638888888889
}
