version: 2
n_points: 55
{
0.5425686274509802 0.1469166666666667
0.44225490196078443 0.08231944444444433
0.30545098039215635 0.12754166666666655
0.15952941176470636 0.18568055555555554
0.10937254901960734 0.2696666666666666
0.10482352941176477 0.35040277777777795
0.12760784313725454 0.42147222222222225
0.17321568627450987 0.498986111111111
0.20968627450980426 0.5635833333333333
0.24617647058823544 0.6314166666666665
0.2689803921568631 0.6927916666666667
0.32368627450980353 0.7606111111111112
0.37841176470588195 0.8413611111111111
0.4513725490196075 0.896277777777778
0.5243333333333331 0.9318055555555552
0.6839215686274509 0.9350277777777778
0.7842549019607846 0.9059583333333335
0.8663333333333332 0.8575138888888891
0.9119215686274507 0.796138888888889
0.9119215686274507 0.7315416666666665
0.6109803921568633 0.34072222222222237
0.5471372549019607 0.29550000000000015
0.47872549019607885 0.2535138888888887
0.4103333333333337 0.2276666666666666
0.30545098039215635 0.21798611111111102
0.22337254901960776 0.2696666666666666
0.1823333333333329 0.3278055555555556
0.19145098039215705 0.4020833333333332
0.2324901960784319 0.4763750000000001
0.2644117647058826 0.5700416666666668
0.3100196078431368 0.6281805555555557
0.35560784313725535 0.7024722222222223
0.4012156862745096 0.7735416666666666
0.46505882352941214 0.7896805555555555
0.51521568627451 0.796138888888889
0.6699607843137256 0.37134722222222216
0.6699607843137256 0.44304166666666667
0.6952549019607849 0.510236111111111
0.7585098039215691 0.5326388888888888
0.739529411764706 0.6088055555555556
0.6699607843137256 0.6670555555555554
0.6256862745098044 0.6312083333333334
0.5371372549019608 0.6670555555555554
0.4612352941176475 0.6625694444444447
0.4612352941176475 0.6177638888888891
0.4612352941176475 0.5684861111111112
0.48652941176470565 0.5147222222222223
0.5055098039215687 0.47440277777777795
0.54978431372549 0.4385555555555555
0.5687450980392151 0.3803055555555556
0.3357647058823534 0.5937083333333335
0.2888627450980398 0.5182222222222224
0.2931372549019606 0.4367083333333335
0.3016470588235297 0.3582083333333333
0.3357647058823534 0.2917777777777779
}
