version: 2
n_points: 55
{
0.2410685714285715 0.7762545454545452
0.1112000000000002 0.6274909090909091
0.04366857142857173 0.4043545454545453
0.030680000000000162 0.2101363636363638
0.08002857142857141 0.08617272727272718
0.17353714285714303 0.05310909090909077
0.25925142857142874 0.06949090909090916
0.3551714285714284 0.09870909090909097
0.4368000000000003 0.14416363636363638
0.5143542857142854 0.1928727272727273
0.583742857142857 0.27079090909090886
0.6388457142857144 0.3162454545454543
0.7061885714285713 0.4071545454545453
0.7898628571428571 0.4623454545454546
0.8490457142857141 0.5402727272727273
0.8796571428571431 0.6506636363636362
0.8980285714285713 0.741572727272727
0.92456 0.8292363636363637
0.9388457142857143 0.8681909090909089
0.973537142857143 0.9558545454545455
0.3817028571428572 0.6604000000000001
0.3143542857142854 0.598709090909091
0.2510857142857146 0.5435181818181816
0.2000685714285711 0.4428727272727273
0.1633314285714284 0.3552090909090907
0.12659999999999985 0.26754545454545453
0.13475999999999982 0.1571545454545452
0.19394285714285744 0.12793636363636351
0.28374285714285696 0.12469090909090919
0.3633314285714284 0.1474181818181819
0.442925714285714 0.20909999999999984
0.5286399999999997 0.27728181818181796
0.5878228571428573 0.3227363636363634
0.6531314285714286 0.3811818181818183
0.7143542857142854 0.49806363636363615
0.4306800000000002 0.7707909090909089
0.5021085714285716 0.741572727272727
0.5857828571428568 0.7513090909090909
0.6510857142857146 0.832481818181818
0.7061885714285713 0.8292363636363637
0.6857828571428568 0.7578
0.6531314285714286 0.6246909090909092
0.6143542857142854 0.5013090909090909
0.5674171428571428 0.4136454545454543
0.4857828571428568 0.4006636363636362
0.4368000000000003 0.4266363636363637
0.3939428571428574 0.47533636363636345
0.3714971428571425 0.5337818181818182
0.3694571428571427 0.5694909090909092
0.373537142857143 0.6344272727272725
0.483742857142857 0.27079090909090886
0.4163942857142859 0.27403636363636363
0.32456 0.29351818181818157
0.2388457142857143 0.30650909090909106
0.17557714285714285 0.29676363636363634
}
