version: 2
n_points: 55
{
0.9186886792452831 0.7909533333333332
0.954625786163522 0.6671400000000002
0.9815817610062894 0.51476
0.9793364779874214 0.39095333333333315
0.9344119496855345 0.2528599999999998
0.8715188679245283 0.13857333333333335
0.7861635220125787 0.052859999999999824
0.6963176100628929 0.03857333333333334
0.6132075471698113 0.05761999999999982
0.5368364779874214 0.08142666666666666
0.4469905660377358 0.10524000000000001
0.35040566037735843 0.15761999999999982
0.28751257861635215 0.23380666666666683
0.22461949685534588 0.3290466666666669
0.1572327044025157 0.38619333333333317
0.08311006289308165 0.4766666666666667
0.029201257861635188 0.5957133333333335
0.01347798742138362 0.7528599999999999
0.026952830188679333 0.8814266666666667
0.049415094339622656 0.9671400000000002
0.5300974842767296 0.7385733333333333
0.5862547169811321 0.81
0.6738553459119496 0.7814266666666666
0.7726855345911949 0.7290466666666668
0.8400723270440251 0.6861933333333332
0.8760094339622642 0.5861933333333331
0.8670251572327043 0.38619333333333317
0.8265943396226415 0.2576199999999998
0.770440251572327 0.17190666666666668
0.6963176100628929 0.16714000000000018
0.5974842767295597 0.18142666666666665
0.5188679245283019 0.19095333333333314
0.43575786163522023 0.22904666666666684
0.37735849056603776 0.31476
0.31222012578616354 0.40524
0.5548081761006288 0.8957133333333335
0.48292767295597494 0.8623800000000001
0.42452830188679247 0.8004733333333335
0.3526509433962264 0.8338066666666668
0.30548113207547156 0.8671400000000001
0.3369276729559748 0.7195266666666665
0.4222830188679245 0.5909533333333331
0.4290220125786163 0.4719066666666667
0.4851761006289308 0.3576199999999998
0.5413301886792452 0.3480933333333333
0.5840062893081761 0.39095333333333315
0.6132075471698113 0.5004733333333335
0.626685534591195 0.61
0.6311761006289308 0.70524
0.6513930817610062 0.7719066666666666
0.5727767295597483 0.22904666666666684
0.6356698113207546 0.26238000000000017
0.703053459119497 0.3290466666666669
0.7839182389937107 0.4195266666666665
0.8310880503144654 0.49095333333333313
}
