version: 2
n_points: 55
{
0.9078295454545453 0.3339621212121212
0.9513901515151514 0.5082045454545454
0.9797992424242423 0.6521439393939394
0.9665416666666665 0.8225984848484849
0.9116174242424242 0.9172954545454546
0.8263901515151514 0.9551742424242424
0.752526515151515 0.9551742424242424
0.6824507575757575 0.9172954545454546
0.6161628787878787 0.8680530303030303
0.5460871212121211 0.8036590909090909
0.47601136363636354 0.765780303030303
0.40025378787878796 0.7279015151515151
0.3434356060606062 0.6900227272727273
0.28282954545454553 0.6369924242424243
0.20707196969696984 0.5650227272727273
0.15404166666666674 0.5195681818181819
0.08585984848484862 0.4665378787878788
0.01767803030303039 0.30365909090909093
0.019571969696969838 0.1332045454545454
0.09154166666666674 0.03471969696969701
0.5479810606060604 0.29608333333333337
0.6540416666666666 0.32638636363636364
0.7354810606060604 0.34532575757575756
0.8074507575757575 0.3832045454545454
0.8566931818181818 0.4665378787878788
0.9116174242424242 0.6369924242424243
0.9021477272727272 0.784719696969697
0.8377537878787877 0.8566893939393939
0.771465909090909 0.9021439393939394
0.718435606060606 0.8756287878787878
0.6407840909090908 0.8491136363636363
0.5801780303030302 0.8036590909090909
0.5138901515151515 0.7506287878787878
0.4286628787878789 0.7051742424242424
0.33207196969696984 0.6142651515151515
0.5044204545454545 0.2809318181818181
0.4343446969696969 0.2544166666666666
0.37373863636363647 0.20517424242424243
0.29229924242424254 0.11805303030303027
0.31278787878787884 0.19019696969696964
0.30934469696969713 0.2521818181818183
0.3592727272727271 0.32105303030303023
0.39543181818181816 0.4519090909090908
0.42298106060606067 0.5517651515151515
0.48324242424242436 0.5517651515151515
0.5590000000000002 0.5311060606060606
0.6020416666666668 0.4828939393939393
0.6261477272727273 0.4346893939393939
0.6364772727272726 0.4036969696969698
0.6416439393939395 0.3554848484848485
0.4970151515151515 0.717060606060606
0.6106515151515151 0.7411590909090908
0.6932954545454544 0.7377196969696969
0.7914356060606061 0.717060606060606
0.8689166666666667 0.6516287878787878
}
