version: 2
n_points: 55
{
0.1710000000000001 0.8762741935483872
0.10186614173228356 0.7110483870967743
0.04425196850393704 0.5182903225806449
0.04425196850393704 0.34912903225806446
0.09610236220472451 0.16029032258064524
0.16907874015748042 0.12095161290322576
0.25358267716535443 0.09735483870967743
0.32848031496063 0.09341935483870967
0.4149055118110237 0.15243548387096761
0.5032440944881891 0.2468387096774194
0.5454960629921259 0.2901129032258063
0.6127165354330708 0.3294516129032259
0.6722519685039371 0.3609354838709675
0.7279448818897639 0.39633870967741947
0.8182047244094489 0.475016129032258
0.8892677165354331 0.5497580645161292
0.95648031496063 0.6638387096774191
0.9641653543307087 0.7739838709677419
0.937275590551181 0.8762741935483872
0.8950236220472442 0.935274193548387
0.3841732283464566 0.7621935483870967
0.32079527559055127 0.7031774193548388
0.2382204724409448 0.6441612903225804
0.1710000000000001 0.5418870967741937
0.12107086614173232 0.4278064516129032
0.10570078740157486 0.31372580645161285
0.13451181102362203 0.22324193548387083
0.19981102362204728 0.17603225806451617
0.2881496062992126 0.15637096774193537
0.3688110236220472 0.19964516129032261
0.42642519685039376 0.29404838709677406
0.5166929133858268 0.31372580645161285
0.587748031496063 0.32551612903225813
0.6684094488188976 0.372725806451613
0.7260236220472442 0.502548387096774
0.3860944881889763 0.8565967741935485
0.4648346456692913 0.7661129032258064
0.576220472440945 0.7621935483870967
0.6511259842519685 0.8251290322580643
0.6895354330708662 0.8211935483870966
0.6914566929133859 0.7661129032258064
0.6511259842519685 0.7031774193548388
0.6626456692913386 0.5694193548387098
0.6280787401574802 0.45140322580645154
0.5397322834645669 0.4396129032258065
0.48980314960629934 0.4907419354838708
0.4590708661417322 0.5694193548387098
0.43795275590551186 0.6363064516129031
0.39185826771653537 0.6756451612903224
0.36496850393700786 0.7228548387096775
0.44947244094488187 0.32158064516129037
0.37841732283464563 0.32551612903225813
0.27855118110236227 0.34912903225806446
0.20748818897637794 0.3648548387096775
0.14987401574803144 0.38846774193548406
}
