version: 2
n_points: 55
{
0.5868286713286712 0.15542168674698795
0.4061783216783218 0.07911566265060262
0.29545454545454547 0.026908433734939556
0.1759895104895104 0.012850602409638756
0.08275174825174836 0.024898795180723094
0.033216783216783216 0.08313253012048193
0.01864685314685304 0.15542168674698795
0.021562937062937167 0.2538144578313255
0.024475524475524476 0.35220963855421666
0.062353146853146746 0.45863373493975923
0.13228321678321667 0.5449807228915661
0.1789055944055945 0.6132530120481928
0.22843706293706284 0.7016072289156624
0.27505944055944065 0.7899590361445785
0.38286713286713286 0.8742963855421689
0.5168986013986013 0.9325301204819277
0.6713286713286714 0.9767060240963857
0.7907937062937064 0.9887542168674701
0.8927727272727272 0.9847397590361444
0.9831013986013987 0.9847397590361444
0.6013986013986014 0.400402409638554
0.5343811188811187 0.32007951807228935
0.43822727272727263 0.2497999999999998
0.31584965034965024 0.19558313253012027
0.18764685314685325 0.1534144578313251
0.12062937062937062 0.1614457831325301
0.10897552447552458 0.21766987951807248
0.1148006993006992 0.32811325301204797
0.14394055944055956 0.43855421686746987
0.196388111888112 0.5188746987951809
0.23717832167832156 0.5811253012048191
0.27214335664335654 0.6534144578313251
0.3071083916083915 0.7196795180722889
0.4120034965034964 0.7698795180722892
0.5518636363636362 0.8481927710843373
0.6625874125874126 0.4566265060240964
0.6713286713286714 0.5329325301204817
0.668416083916084 0.619277108433735
0.7674825174825175 0.6694771084337351
0.8170174825174826 0.735742168674699
0.7587412587412588 0.7598385542168676
0.630534965034965 0.6975903614457831
0.5314685314685315 0.7116457831325304
0.4527972027972028 0.691566265060241
0.4120034965034964 0.6212843373493978
0.40034965034965037 0.5389566265060239
0.40326223776223763 0.47269156626506004
0.40326223776223763 0.41445783132530123
0.42074475524475513 0.36224819277108455
0.48484965034965044 0.3060240963855422
0.23135314685314695 0.5389566265060239
0.20804195804195805 0.4606433734939757
0.196388111888112 0.3863445783132532
0.19347202797202787 0.30200722891566284
0.2517482517482518 0.21566265060240963
}
