version: 2
n_points: 55
{
0.8211553398058253 0.24516176470588244
0.7649417475728154 0.1426066176470588
0.6831844660194174 0.07294852941176465
0.46346601941747595 0.020705882352941195
0.2692912621359223 0.026511029411764753
0.15687378640776686 0.07101470588235284
0.0904466019417476 0.13680514705882357
0.0700097087378642 0.20065808823529416
0.05467961165048549 0.27031617647058825
0.0904466019417476 0.36126102941176463
0.1262135922330097 0.4502720588235294
0.1262135922330097 0.539279411764706
0.16198058252427183 0.5992647058823529
0.1875339805825243 0.6747279411764704
0.23352427184466018 0.752128676470588
0.284621359223301 0.8392022058823531
0.4021456310679611 0.9127316176470589
0.5809902912621357 0.9553014705882352
0.7751650485436892 0.9785220588235295
0.9540097087378638 0.9843272058823528
0.8058252427184466 0.4638161764705883
0.8007184466019417 0.3709374999999999
0.7087378640776699 0.2587058823529412
0.6269805825242719 0.18324264705882348
0.5094563106796115 0.13486764705882362
0.2795048543689319 0.131
0.19774757281553393 0.16969852941176478
0.19264077669902926 0.23548897058823529
0.22330097087378642 0.3186911764705883
0.18241747572815523 0.38641544117647064
0.13643689320388347 0.4328566176470589
0.14154368932038844 0.5199301470588235
0.16198058252427183 0.585720588235294
0.24885436893203888 0.6360294117647058
0.3408252427184465 0.6611838235294117
0.8569223300970872 0.5141249999999999
0.8058252427184466 0.5489558823529411
0.7802718446601942 0.5953933823529411
0.8262621359223302 0.6515110294117648
0.8313786407766991 0.6979485294117647
0.7547281553398061 0.6418345588235292
0.6474174757281556 0.5934595588235296
0.49412621359223285 0.5953933823529411
0.3459417475728156 0.5818492647058823
0.27439805825242725 0.5276691176470588
0.2948349514563106 0.4754264705882352
0.35104854368932054 0.42511764705882354
0.42769902912621355 0.3883529411764706
0.5503300970873789 0.3709374999999999
0.7291747572815536 0.36126102941176463
0.2437378640776698 0.33997794117647057
0.2692912621359223 0.2974080882352941
0.2999514563106797 0.2567720588235294
0.3306116504854369 0.2064632352941177
0.3561553398058255 0.15808823529411764
}
