version: 2
n_points: 55
{
0.06741573033707865 0.4832089552238805
0.028089887640449437 0.34141791044776126
0.033707865168539325 0.18470149253731338
0.09269662921348315 0.09141791044776115
0.16091573033707848 0.04984328358208956
0.25521910112359536 0.03917910447761197
0.33948876404494366 0.07116417910447759
0.41974157303370785 0.11913432835820892
0.48796067415730354 0.17510447761194026
0.5561797752808989 0.2310746268656716
0.6384438202247189 0.2630597014925373
0.7066629213483147 0.303037313432836
0.7648483146067414 0.3456791044776122
0.8230337078651685 0.39632089552238825
0.8872415730337078 0.47094776119403003
0.9534494382022471 0.5988805970149254
0.9755224719101122 0.7241492537313433
0.9534494382022471 0.8440820895522391
0.911314606741573 0.9267089552238804
0.8390842696629215 0.9693507462686565
0.34349999999999986 0.638858208955224
0.2712696629213483 0.5962164179104475
0.20305056179775266 0.542910447761194
0.14486516853932585 0.46029104477611926
0.10874719101123612 0.36967164179104484
0.09871348314606757 0.2657238805970149
0.11878089887640433 0.16444776119402982
0.1729550561797753 0.09248507462686573
0.24117415730337063 0.08448507462686561
0.3274494382022472 0.11913432835820892
0.40569662921348315 0.18310447761194037
0.48996629213483145 0.25506716417910447
0.5561797752808989 0.28704477611940304
0.6344325842696628 0.33235820895522394
0.7026460674157304 0.42830597014925353
0.37359550561797755 0.7721194029850746
0.44181460674157286 0.7374701492537316
0.516050561797753 0.7321417910447763
0.538123595505618 0.782783582089552
0.6444606741573033 0.8174328358208955
0.6344325842696628 0.7614626865671642
0.5702247191011236 0.6441865671641793
0.6063426966292134 0.534917910447761
0.5862752808988766 0.4656194029850744
0.5260842696629212 0.42030597014925397
0.47191011235955055 0.4522910447761196
0.4077022471910114 0.49760447761194015
0.34751123595505634 0.49226865671641784
0.3113988764044942 0.5322462686567166
0.27929213483146065 0.5855522388059702
0.46589325842696616 0.2763880597014925
0.3896460674157305 0.2630597014925373
0.30337078651685395 0.25773134328358216
0.2351516853932586 0.2657238805970149
0.15690449438202234 0.2630597014925373
}
