version: 2
n_points: 55
{
0.5682966101694917 0.1618271604938272
0.46327118644067794 0.08210493827160487
0.33615254237288134 0.040018518518518544
0.22058474576271184 0.03159876543209894
0.11272881355932197 0.07930246913580234
0.043389830508474614 0.177506172839506
0.043389830508474614 0.2925432098765432
0.05494915254237295 0.40477777777777785
0.09346610169491522 0.5142037037037036
0.15510169491525416 0.6152160493827161
0.2360000000000001 0.7190308641975309
0.3091864406779659 0.7947901234567899
0.3977881355932205 0.8509074074074073
0.5017881355932204 0.8817716049382714
0.5826864406779662 0.9210493827160493
0.6982457627118642 0.968753086419753
0.7906949152542375 0.9743641975308641
0.8831440677966103 0.9743641975308641
0.9409237288135593 0.9603333333333334
0.964042372881356 0.9266604938271606
0.6520254237288138 0.42161111111111105
0.5942372881355933 0.3402407407407409
0.5364576271186442 0.25887654320987646
0.4247457627118644 0.17189506172839494
0.34770338983050847 0.13261111111111112
0.22444067796610154 0.1157777777777776
0.12428813559322031 0.15505555555555572
0.11658474576271191 0.22520370370370374
0.14355084745762706 0.30937654320987673
0.17050847457627122 0.38233333333333325
0.18206779661016956 0.486148148148148
0.21288135593220342 0.5647098765432099
0.2360000000000001 0.6348580246913579
0.2976271186440678 0.6881666666666667
0.3977881355932205 0.7330617283950616
0.7868474576271187 0.44406172839506164
0.7367711864406782 0.5170123456790122
0.7213559322033899 0.6067962962962962
0.7906949152542375 0.6573024691358025
0.8061016949152543 0.7302530864197531
0.6789830508474577 0.7162283950617284
0.6057966101694914 0.6657222222222221
0.4825338983050849 0.6853641975308642
0.39007627118644067 0.6629135802469136
0.3515593220338981 0.6096049382716048
0.32844915254237295 0.5394567901234568
0.3438559322033897 0.4693148148148148
0.3862288135593219 0.42161111111111105
0.4401610169491527 0.38513580246913576
0.5595677966101694 0.3654938271604937
0.2552542372881356 0.589962962962963
0.2591101694915253 0.4945617283950619
0.262957627118644 0.3683024691358026
0.2668135593220337 0.2897407407407407
0.28222033898305104 0.19714814814814807
}
