version: 2
n_points: 55
{
0.21505376344086022 0.23529411764705888
0.11827956989247312 0.3921568627450981
0.053763440860215055 0.5490196078431373
0.053763440860215055 0.7254901960784313
0.10752688172043011 0.8431372549019608
0.1935483870967742 0.9019607843137255
0.27956989247311825 0.9019607843137255
0.3763440860215054 0.9019607843137255
0.45161290322580644 0.8823529411764706
0.5268817204301075 0.8431372549019608
0.6021505376344086 0.8235294117647058
0.6989247311827957 0.7843137254901961
0.7599784946236559 0.6977058823529416
0.8069032258064514 0.6192745098039221
0.844043010752688 0.5408431372549025
0.881193548387097 0.46241176470588286
0.922247311827957 0.35903921568627406
0.9535268817204301 0.25207843137254893
0.9515698924731181 0.1665098039215679
0.9378817204301076 0.09521568627450971
0.4804086021505376 0.2770392156862749
0.40611827956989255 0.31625490196078465
0.3298709677419355 0.3839803921568633
0.249709677419355 0.47311764705882386
0.17933333333333332 0.5622352941176466
0.14413978494623658 0.6763137254901965
0.14413978494623658 0.7832745098039217
0.20083870967741932 0.8260588235294122
0.2751290322580644 0.8260588235294122
0.34746236559139776 0.8046666666666669
0.4041612903225805 0.7832745098039217
0.4862688172043012 0.7797058823529409
0.5546989247311827 0.7725882352941174
0.6544086021505378 0.7298039215686281
0.7032795698924729 0.5871960784313726
0.49409677419354864 0.21286274509803915
0.5840215053763443 0.2592156862745103
0.6563655913978492 0.2592156862745103
0.6915483870967745 0.19503921568627458
0.7384731182795699 0.20217647058823596
0.7111075268817202 0.2984313725490202
0.6270322580645163 0.34833333333333305
0.6250860215053762 0.533725490196079
0.5898924731182797 0.6478039215686276
0.5371075268817207 0.6834509803921567
0.4686774193548386 0.6834509803921567
0.42370967741935484 0.6406666666666663
0.3885268817204302 0.5871960784313726
0.3865698924731182 0.4945098039215692
0.3885268817204302 0.37686274509803974
0.4549892473118279 0.7654509803921571
0.3885268817204302 0.7511960784313721
0.32595698924731176 0.704843137254902
0.2653548387096774 0.6905882352941182
0.21061290322580634 0.6299803921568632
}
