version: 2
n_points: 55
{
0.1683944954128442 0.6660370370370372
0.10355045871559612 0.5504074074074073
0.04889908256880719 0.41643209876543197
0.06060550458715591 0.27196296296296296
0.13478899082568813 0.16427160493827175
0.2382385321100919 0.0933456790123458
0.34169724770642207 0.06708641975308638
0.44905504587155964 0.10385185185185197
0.5290825688073396 0.13012345679012338
0.6305871559633026 0.180037037037037
0.6969541284403671 0.2246913580246912
0.7477064220183486 0.2745925925925925
0.8043119266055048 0.3245061728395061
0.8589724770642201 0.4033086419753087
0.8999633027522936 0.49523456790123466
0.9292385321100916 0.5819259259259258
0.9546146788990826 0.6843703703703703
0.9526697247706423 0.773679012345679
0.9253394495412847 0.8761234567901236
0.8823944954128439 0.9470370370370371
0.4705229357798163 0.6817407407407408
0.37292660550458717 0.6292098765432099
0.31046788990825697 0.5871728395061729
0.2070091743119268 0.5031234567901233
0.14064220183486223 0.3928024691358025
0.12698165137614686 0.2745925925925925
0.21090825688073372 0.18791358024691363
0.31046788990825697 0.17214814814814794
0.396348623853211 0.17740740740740746
0.4861376146788989 0.1984197530864198
0.5525137614678898 0.2246913580246912
0.6013119266055047 0.24570370370370354
0.6442568807339448 0.26934567901234585
0.6891467889908258 0.31661728395061717
0.7223302752293577 0.3560246913580246
0.45100917431192683 0.726395061728395
0.5076146788990824 0.726395061728395
0.5661743119266057 0.7158888888888888
0.6110642201834862 0.7789259259259258
0.665724770642202 0.8130740740740742
0.6871926605504587 0.7158888888888888
0.6364403669724772 0.62658024691358
0.6579174311926608 0.5083703703703704
0.6442568807339448 0.424320987654321
0.6169266055045872 0.3612716049382716
0.5310366972477063 0.3612716049382716
0.4705229357798163 0.38229629629629636
0.4334403669724771 0.4479629629629629
0.40025688073394483 0.5162592592592593
0.36902752293577973 0.5950617283950616
0.4503577981651376 0.2954938271604939
0.3667706422018349 0.32292592592592606
0.29541284403669715 0.3613333333333333
0.25463302752293576 0.3942592592592593
0.21386238532110072 0.43540740740740747
}
