version: 2
n_points: 55
{
0.09972641509433988 0.22736619718309847
0.23450000000000026 0.14352582159624425
0.4029622641509434 0.06975117370892032
0.6253396226415094 0.026154929577464913
0.8072735849056606 0.06975117370892032
0.9083584905660378 0.1535868544600939
0.9377358490566036 0.21837558685446015
0.9452830188679244 0.2878591549295776
0.9377358490566036 0.36297652582159634
0.9226415094339624 0.4268262910798121
0.9150943396226415 0.49255399061032856
0.8924528301886795 0.565793427230047
0.850943396226415 0.6333990610328638
0.8056603773584904 0.7103943661971832
0.7188679245283018 0.7855117370892017
0.658490566037736 0.8587511737089202
0.5264150943396227 0.9432582159624413
0.38301886792452855 0.9789389671361503
0.1905660377358489 0.9808169014084507
0.047169811320754707 0.9376244131455401
0.2849056603773584 0.43997183098591547
0.26603773584905654 0.3610985915492957
0.3037735849056603 0.2878591549295776
0.34905660377358494 0.2202535211267605
0.44339622641509435 0.1676713615023474
0.5566037735849056 0.13574647887323937
0.692452830188679 0.14138028169014072
0.8056603773584904 0.1751830985915494
0.850943396226415 0.23715492957746484
0.839622641509434 0.3066384976525823
0.8547169811320757 0.35922065727699537
0.8660377358490567 0.42307042253521115
0.850943396226415 0.4887981220657276
0.8094339622641511 0.562037558685446
0.6962264150943398 0.6277652582159624
0.14905660377358498 0.45875117370892016
0.21698113207547165 0.49067605633802824
0.2433962264150944 0.5676713615023473
0.20566037735849063 0.6277652582159624
0.19811320754716977 0.6841032863849765
0.3037735849056603 0.6690798122065729
0.4207547169811323 0.6052300469483567
0.5716981132075474 0.5977183098591551
0.7 0.5676713615023473
0.7528301886792454 0.5019436619718309
0.7716981132075473 0.4456056338028168
0.7188679245283018 0.3911455399061034
0.5981132075471696 0.3686103286384977
0.4698113207547171 0.34419718309859165
0.3339622641509432 0.31039436619718297
0.8245283018867923 0.3235399061032863
0.8056603773584904 0.2878591549295776
0.7830188679245282 0.25217840375586853
0.7490566037735846 0.2164976525821595
0.7150943396226417 0.1676713615023474
}
