version: 2
n_points: 55
{
0.5883691275167784 0.09523976608187103
0.4509395973154362 0.045111111111111435
0.2911476510067112 0.03397660818713418
0.14093959731543623 0.07295906432748538
0.06423489932885924 0.15650292397660787
0.0354765100671141 0.27346198830409324
0.05784563758389281 0.40991228070175456
0.09939597315436244 0.4990233918128653
0.1505302013422817 0.5937076023391813
0.19846308724832232 0.688385964912281
0.3039328859060403 0.7886374269005846
0.4221812080536911 0.863824561403509
0.52444966442953 0.9139532163742686
0.6171275167785235 0.925087719298246
0.7098120805369128 0.9668596491228069
0.8184697986577181 0.9724327485380114
0.8951744966442952 0.9640760233918126
0.9558993288590603 0.9167368421052629
0.9686778523489935 0.8499005847953215
0.9622885906040266 0.7830701754385964
0.6363087248322148 0.39320467836257345
0.5755838926174497 0.2985263157894737
0.5148590604026846 0.22333333333333366
0.41898657718120785 0.17042690058479548
0.31671140939597314 0.1537192982456137
0.20485906040268456 0.18991812865497076
0.1121744966442953 0.28460233918128675
0.12176510067114076 0.38206432748537994
0.16011409395973172 0.4767485380116959
0.1888791946308723 0.5407953216374269
0.23042281879194648 0.6020584795321637
0.2911476510067112 0.6577543859649123
0.3678523489932886 0.7273742690058478
0.4285704697986579 0.7691461988304094
0.4637248322147653 0.7830701754385964
0.7034228187919463 0.4015614035087721
0.6906375838926173 0.4628245614035089
0.7257919463087247 0.5519356725146197
0.8248657718120803 0.6048479532163741
0.8376510067114095 0.688385964912281
0.7321812080536915 0.6828187134502921
0.6267181208053689 0.666111111111111
0.5180536912751678 0.6633274853801168
0.41578523489932884 0.6688947368421051
0.35187248322147635 0.5992748538011696
0.37743624161073824 0.4990233918128653
0.40939597315436244 0.44611695906432713
0.4509395973154362 0.40991228070175456
0.5084697986577181 0.3737134502923975
0.5755838926174497 0.3486491228070177
0.2847583892617448 0.5825672514619885
0.2527986577181206 0.49623976608187115
0.25599328859060383 0.38763742690058445
0.29753691275167804 0.30409356725146197
0.3486711409395973 0.2372573099415206
}
