version: 2
n_points: 55
{
0.9833949275362318 0.11987704918032786
0.9471630434782607 0.04986270491803278
0.9230072463768116 0.007172131147540984
0.8143115942028986 0.0037561475409836065
0.7056159420289855 0.005465163934426229
0.6089963768115942 0.056694672131147546
0.5274746376811594 0.1096311475409836
0.4550108695652174 0.1557377049180328
0.38556884057971014 0.20867418032786886
0.32518115942028986 0.29405737704918034
0.28290942028985505 0.3828545081967213
0.2647934782608696 0.4614077868852459
0.21346739130434783 0.567280737704918
0.2013876811594203 0.6543709016393443
0.1983695652173913 0.7585389344262294
0.20440942028985506 0.8558749999999999
0.26781521739130437 0.9583340163934426
0.34933695652173913 0.9907786885245902
0.4338768115942029 0.9754098360655737
0.5123804347826088 0.9344262295081968
0.7358079710144928 0.47506762295081967
0.7901557971014492 0.38797745901639347
0.8535615942028986 0.27527254098360654
0.8777173913043478 0.21379713114754098
0.832427536231884 0.10450819672131148
0.7720398550724638 0.03278688524590164
0.6814601449275363 0.0703545081967213
0.5848442028985508 0.13012295081967212
0.4761485507246377 0.1915983606557377
0.4067028985507246 0.28039549180327866
0.3523550724637681 0.3333340163934426
0.28894927536231885 0.39651639344262296
0.2708333333333333 0.4818995901639344
0.2587572463768116 0.5433749999999999
0.2708333333333333 0.6270491803278688
0.7478876811594203 0.5126372950819672
0.6512681159420289 0.5638668032786884
0.6331521739130435 0.6219262295081968
0.6452282608695652 0.6834016393442623
0.6301340579710145 0.7482930327868852
0.5455905797101449 0.6936475409836066
0.5455905797101449 0.6014344262295082
0.46709057971014495 0.562157786885246
0.3734891304347826 0.5006823770491803
0.38858695652173914 0.4016393442622951
0.4489746376811594 0.36577868852459017
0.5486123188405797 0.3350409836065574
0.6210760869565217 0.32991803278688525
0.6935398550724637 0.3709016393442623
0.7569456521739131 0.37260860655737704
0.43085869565217394 0.2616127049180328
0.5003007246376812 0.22062909836065575
0.5848442028985508 0.17452254098360656
0.6633442028985507 0.13353893442622952
0.7569456521739131 0.0942622950819672
}
