version: 2
n_points: 55
{
0.074072796934866 0.5476324324324325
0.030969348659003935 0.4496594594594595
0.021390804597701252 0.3483081081081082
0.033363984674329605 0.23344324324324328
0.0908352490421457 0.13547027027027037
0.1722528735632185 0.06114594594594602
0.2728275862068967 0.03074054054054065
0.3829808429118775 0.03749729729729734
0.4787662835249043 0.08479459459459471
0.5553946360153258 0.15911891891891905
0.6224444444444446 0.23344324324324328
0.7110459770114943 0.3179027027027028
0.7852796934865899 0.39898378378378385
0.849934865900383 0.5104702702702704
0.8978275862068964 0.5780378378378379
0.9529042145593869 0.6557405405405407
0.9816398467432949 0.7638486486486488
0.9840344827586206 0.8550648648648649
0.9481149425287355 0.9293891891891892
0.8930383141762451 0.9766864864864866
0.4212950191570882 0.6050648648648649
0.3039578544061304 0.5915513513513514
0.22254022988505756 0.5577675675675676
0.1483065134099618 0.49695675675675677
0.09562452107279704 0.38884864864864865
0.12914942528735643 0.24695675675675677
0.22493486590038325 0.13209189189189197
0.32790421455938706 0.11182162162162168
0.4117164750957855 0.12871351351351357
0.473977011494253 0.18614594594594602
0.5362375478927204 0.24357837837837848
0.5913141762452109 0.2976324324324324
0.6392068965517242 0.3550648648648649
0.6894942528735634 0.41587567567567574
0.7373869731800765 0.4902000000000001
0.42608429118773955 0.767227027027027
0.495528735632184 0.767227027027027
0.5673678160919541 0.7739837837837839
0.6176551724137932 0.8483081081081082
0.6823103448275863 0.8618216216216217
0.677521072796935 0.7874972972972973
0.6272337164750958 0.6726324324324325
0.6344176245210729 0.5408756756756757
0.6200498084291188 0.4496594594594595
0.5601839080459771 0.37195675675675677
0.495528735632184 0.3314162162162162
0.42608429118773955 0.3516864864864866
0.3781915708812262 0.4293891891891892
0.35424521072796944 0.4902000000000001
0.3111417624521074 0.5476324324324325
0.4859501915708813 0.2233081081081082
0.4069272030651342 0.18614594594594602
0.3350881226053641 0.19290270270270282
0.2512758620689656 0.2097945945945947
0.16506896551724148 0.26722702702702716
}
