version: 2
n_points: 55
{
0.28897972972972974 0.9358933333333335
0.15384459459459462 0.8282000000000002
0.07068918918918912 0.6897466666666666
0.03430405405405404 0.48974666666666655
0.0758851351351351 0.32564000000000004
0.1616418918918919 0.20769333333333329
0.22712837837837843 0.15628000000000009
0.28287162162162166 0.14961333333333338
0.3538175675675676 0.12294666666666676
0.4247635135135136 0.09294666666666673
0.5244256756756758 0.07961333333333342
0.6038175675675677 0.08294666666666672
0.6713851351351352 0.10628000000000004
0.740641891891892 0.15294666666666668
0.8048310810810811 0.21961333333333344
0.8588851351351352 0.2762800000000001
0.9011148648648649 0.35628000000000004
0.9298310810810811 0.45628
0.9484121621621622 0.5629466666666667
0.9703716216216217 0.7129466666666667
0.4973986486486487 0.8096133333333334
0.4348986486486487 0.8529466666666667
0.35043918918918926 0.8696133333333333
0.28793918918918926 0.81628
0.23726351351351357 0.7429466666666668
0.1882770270270271 0.6396133333333334
0.16125000000000006 0.5462800000000001
0.13591216216216223 0.4496133333333334
0.15111486486486492 0.34294666666666673
0.22543918918918926 0.2896133333333334
0.2997635135135136 0.24628000000000005
0.3605743243243244 0.21294666666666673
0.42645270270270275 0.1729466666666667
0.5244256756756758 0.1729466666666667
0.634222972972973 0.24628000000000005
0.5548310810810811 0.9029466666666667
0.6139527027027027 0.86628
0.6612500000000001 0.8096133333333334
0.7237500000000001 0.81628
0.7896283783783784 0.7929466666666667
0.767668918918919 0.6896133333333334
0.6916554054054055 0.60628
0.6291554054054055 0.5096133333333334
0.5886148648648649 0.45961333333333343
0.5159797297297298 0.45961333333333343
0.4619256756756757 0.47961333333333345
0.4247635135135136 0.5262800000000001
0.3977364864864866 0.6229466666666668
0.392668918918919 0.7296133333333333
0.3909797297297298 0.8129466666666667
0.3960472972972974 0.21294666666666673
0.3386148648648649 0.2762800000000001
0.2727364864864866 0.37294666666666676
0.22375000000000006 0.46961333333333344
0.1865878378378379 0.5296133333333334
}
