version: 2
n_points: 55
{
0.8760054945054945 0.6119197080291973
0.9401098901098902 0.48053284671532864
0.9712417582417584 0.354014598540146
0.9602527472527473 0.23722627737226276
0.9053076923076924 0.14963503649635038
0.826554945054945 0.08394160583941605
0.7423076923076924 0.04744525547445255
0.6452362637362636 0.037715328467153086
0.5408406593406593 0.07177372262773742
0.4620879120879122 0.1180072992700728
0.3723406593406594 0.1764014598540144
0.28626373626373636 0.23479562043795602
0.203846153846154 0.33941605839416056
0.1342472527472527 0.453773722627737
0.07197802197802206 0.5608248175182484
0.03717582417582399 0.6824817518248175
0.02618681318681293 0.7700729927007299
0.031681318681318515 0.838197080291971
0.04450549450549468 0.9038905109489053
0.050000000000000155 0.9695839416058396
0.5591538461538463 0.723846715328467
0.6470659340659342 0.672751824817518
0.7514615384615386 0.6070583941605837
0.7917582417582418 0.5802919708029197
0.8430384615384615 0.46837226277372246
0.8412087912087913 0.3588832116788319
0.7990824175824176 0.2420948905109487
0.7642857142857145 0.16666423357664253
0.6873626373626375 0.14963503649635038
0.5976153846153847 0.18613138686131386
0.5023791208791208 0.21532846715328466
0.4217912087912089 0.26155474452554767
0.36135164835164846 0.3248175182481752
0.3192307692307693 0.40754014598540167
0.26611538461538453 0.4975693430656932
0.5463351648351649 0.7846715328467153
0.5060439560439562 0.7457445255474451
0.4272857142857144 0.7384452554744524
0.3723406593406594 0.7992700729927007
0.31007142857142855 0.8308978102189783
0.2990824175824175 0.6995109489051097
0.3247252747252749 0.6216569343065691
0.33571428571428585 0.5462262773722629
0.3741758241758243 0.46837226277372246
0.4437692307692309 0.4197080291970803
0.5170329670329672 0.4172773722627735
0.5701428571428573 0.4440364963503652
0.6140989010989012 0.4878321167883214
0.6452362637362636 0.5462262773722629
0.6708791208791209 0.61921897810219
0.45475824175824187 0.2980510948905111
0.5445054945054946 0.26885401459854036
0.6379120879120881 0.2664233576642336
0.7093406593406595 0.2785912408759122
0.7642857142857145 0.29075182481751843
}
