version: 2
n_points: 55
{
0.560551282051282 0.07954901960784344
0.7117564102564102 0.08456862745098015
0.8366794871794871 0.08456862745098015
0.895846153846154 0.19517647058823429
0.9320128205128205 0.2957254901960783
0.9071923076923076 0.41680392156862645
0.861948717948718 0.514843137254902
0.7959615384615384 0.5955882352941176
0.7337435897435898 0.6590196078431375
0.6639871794871794 0.7426470588235294
0.5980000000000001 0.8349215686274514
0.5282435897435898 0.8752745098039217
0.44339743589743585 0.8868235294117649
0.36608974358974367 0.8925882352941175
0.3114230769230769 0.8925882352941175
0.2510897435897437 0.8868235294117649
0.20394871794871783 0.8695098039215692
0.15493589743589753 0.8522156862745103
0.10214102564102578 0.8089607843137256
0.06066666666666665 0.7340000000000004
0.47167948717948716 0.34184313725490134
0.5527435897435897 0.29282352941176415
0.6225 0.2495686274509794
0.6696410256410257 0.22072549019607746
0.7657948717948718 0.20919607843137222
0.8317820512820513 0.21207843137254967
0.8713717948717948 0.28703921568627466
0.8600641025641025 0.3966274509803912
0.8242435897435897 0.4514117647058833
0.7639102564102563 0.4946666666666668
0.7262051282051283 0.552333333333333
0.6847179487179487 0.6157647058823529
0.6357051282051281 0.6907450980392158
0.6017692307692308 0.757058823529412
0.5546282051282051 0.794549019607843
0.4207692307692307 0.3821960784313718
0.3774102564102565 0.4542941176470585
0.34535897435897434 0.5090784313725494
0.27183333333333337 0.506196078431372
0.24355128205128218 0.5696274509803919
0.30198717948717957 0.5955882352941176
0.37929487179487176 0.5379215686274514
0.4339743589743589 0.5667450980392157
0.4471666666666667 0.6330588235294118
0.5074999999999998 0.6417254901960786
0.5546282051282051 0.5840392156862746
0.5734871794871794 0.514843137254902
0.5847948717948719 0.44852941176470584
0.5753717948717949 0.39950980392156865
0.5470897435897436 0.3331764705882345
0.7186538461538463 0.5263725490196084
0.7526025641025642 0.44852941176470584
0.7771025641025642 0.36778431372548914
0.7789871794871794 0.2985882352941167
0.7827564102564104 0.22937254901960746
}
