version: 2
n_points: 55
{
0.1764497041420118 0.1328593750000001
0.08954142011834315 0.26632291666666674
0.01927514792899404 0.37048958333333337
0.01742603550295854 0.5950989583333335
0.03961538461538457 0.7448385416666667
0.07844674556213013 0.8587708333333334
0.13207100591715973 0.9368958333333334
0.21713017751479285 0.9694479166666667
0.29479289940828396 0.9629375000000001
0.3595118343195266 0.9336406250000001
0.41868343195266267 0.8750468750000001
0.4944970414201183 0.8131979166666667
0.5943491124260355 0.7578593750000001
0.6683136094674555 0.7057760416666667
0.7552218934911242 0.6341614583333335
0.8550739644970414 0.5299947916666667
0.9290384615384615 0.39327604166666674
0.9863609467455621 0.24353645833333337
0.960473372781065 0.09379687500000011
0.8735650887573964 0.022182291666666742
0.41868343195266267 0.2207500000000001
0.29479289940828396 0.27608854166666674
0.1764497041420118 0.3379375000000001
0.10433431952662718 0.3965312500000001
0.06920118343195263 0.5495260416666667
0.07474852071005914 0.7025208333333335
0.11357988165680469 0.8099427083333334
0.17275147928994078 0.8913229166666667
0.2596597633136094 0.8880677083333334
0.33177514792899404 0.8717916666666667
0.4038905325443787 0.8066875000000001
0.4871005917159763 0.7155416666666667
0.5721597633136094 0.6960104166666667
0.6664644970414201 0.611375
0.7348816568047337 0.49093229166666674
0.39464497041420116 0.15890104166666674
0.44272189349112423 0.20772916666666674
0.5851035502958579 0.25655729166666674
0.636878698224852 0.18819791666666674
0.7274852071005917 0.09705208333333337
0.6812573964497041 0.15564583333333337
0.6572189349112426 0.26306770833333337
0.6701627218934911 0.35095833333333337
0.62948224852071 0.4453593750000001
0.5592159763313609 0.5267395833333335
0.5092899408284023 0.5267395833333335
0.4279289940828402 0.4453593750000001
0.3761538461538461 0.39002083333333337
0.34471893491124256 0.32166145833333337
0.31143491124260353 0.26306770833333337
0.45936390532544374 0.7025208333333335
0.41128698224852067 0.7057760416666667
0.3502662721893491 0.7025208333333335
0.27445266272189345 0.7057760416666667
0.17460059171597628 0.6569479166666667
}
