version: 2
n_points: 55
{
0.9218318584070794 0.0780330788804072
0.7684336283185843 0.06785496183206115
0.6209469026548671 0.035623409669211195
0.4852477876106197 0.013569974554707303
0.30236283185840684 0.02714249363867692
0.14896460176991175 0.07124681933842239
0.13126548672566396 0.15945801526717565
0.11420353982300861 0.2515445292620864
0.09523893805309736 0.34969211195928745
0.06362831858407078 0.44965394402035636
0.04467256637168143 0.558704834605598
0.06995575221238914 0.6586692111959287
0.15845132743362808 0.7659033078880407
0.27854867256637167 0.8313333333333331
0.3986548672566372 0.8949465648854961
0.5313982300884956 0.9603791348600511
0.6325309734513275 0.9821882951653944
0.7652743362831859 0.9876412213740459
0.8727345132743365 0.9712824427480915
0.9612300884955755 0.9312977099236641
0.8600884955752213 0.353325699745547
0.7589557522123894 0.28789567430025453
0.626212389380531 0.19883715012722653
0.45553982300884954 0.1443104325699747
0.2911946902654865 0.10977862595419854
0.25326548672566396 0.14612977099236635
0.24061946902654865 0.20974300254452918
0.2090176991150445 0.3097048346055981
0.11420353982300861 0.37695419847328254
0.09523893805309736 0.4351145038167939
0.0889203539823009 0.4969109414758268
0.10787610619469025 0.558704834605598
0.16476991150442502 0.6150483460559798
0.2595840707964604 0.6804809160305343
0.39232743362831884 0.7150127226463104
0.8664159292035396 0.38967684478371506
0.752637168141593 0.43147837150127233
0.6830973451327433 0.5169033078880408
0.7715929203539823 0.5696106870229007
0.7715929203539823 0.6059618320610688
0.5882831858407079 0.629590330788804
0.48715044247787614 0.6005089058524173
0.36704424778761063 0.5750636132315522
0.2848672566371681 0.5459821882951654
0.2659115044247788 0.4878218829516541
0.3291150442477876 0.44056743002544535
0.45553982300884954 0.41875572519083976
0.5566814159292033 0.40785241730279886
0.6578141592920357 0.3951297709923663
0.8284867256637171 0.3824071246819337
0.2911946902654865 0.29698218829516554
0.3354424778761059 0.264267175572519
0.38600884955752235 0.2260992366412213
0.4239380530973449 0.19702035623409664
0.45553982300884954 0.16612213740458
}
