version: 2
n_points: 55
{
0.7199098360655738 0.9283880597014925
0.8114098360655737 0.8485522388059694
0.874311475409836 0.7652537313432843
0.9315 0.6333582089552231
0.9581885245901639 0.48062686567164176
0.9372213114754099 0.3105522388059704
0.8838442622950821 0.18905970149253776
0.796155737704918 0.12658208955223874
0.7122868852459017 0.08840298507462689
0.6169754098360655 0.09534328358209006
0.5197622950819673 0.1127014925373141
0.43016393442622947 0.13005970149253815
0.35200819672131145 0.1612985074626868
0.2738606557377049 0.20295522388059636
0.18426229508196734 0.30361194029850724
0.119450819672131 0.3799701492537309
0.06417213114754106 0.47022388059701486
0.037483606557376925 0.6021194029850744
0.04320491803278703 0.7166567164179098
0.05845081967213095 0.8034328358208961
0.5655081967213114 0.6819552238805975
0.6608196721311476 0.7166567164179098
0.7485 0.7235970149253731
0.8247540983606558 0.6541791044776125
0.880032786885246 0.5569850746268654
0.8819426229508197 0.4459253731343277
0.8552540983606558 0.32791044776119443
0.7942540983606557 0.2411343283582082
0.7408770491803278 0.1855970149253723
0.6455655737704917 0.14741791044776048
0.5616967213114753 0.15088059701492593
0.4835409836065573 0.16476119402985057
0.39776229508196714 0.18905970149253776
0.33866393442622955 0.2168358208955227
0.28148360655737714 0.2550149253731345
0.5235737704918033 0.8034328358208961
0.4778196721311476 0.7860746268656721
0.3996639344262294 0.7374925373134333
0.355827868852459 0.796492537313433
0.2929180327868852 0.7860746268656721
0.3310409836065574 0.6507164179104471
0.3882295081967213 0.6160000000000008
0.3996639344262294 0.5118656716417904
0.4187295081967214 0.4112089552238813
0.4530409836065573 0.38691044776119404
0.5235737704918033 0.3660895522388063
0.5940983606557376 0.39385074626865724
0.6322213114754098 0.47022388059701486
0.6493770491803278 0.5569850746268654
0.6512868852459016 0.6576567164179102
0.37298360655737695 0.3209701492537313
0.4701967213114755 0.2307164179104473
0.5788524590163935 0.22029850746268642
0.7180081967213116 0.28973134328358263
0.8171311475409836 0.3799701492537309
}
