version: 2
n_points: 55
{
0.8790821917808219 0.15346753246753253
0.9418698630136985 0.30859740259740265
0.9627945205479451 0.5286493506493508
0.9247465753424656 0.7090259740259743
0.8467397260273974 0.864142857142857
0.7458972602739726 0.9326883116883118
0.6526712328767125 0.9218701298701296
0.5632534246575344 0.8605454545454545
0.4662191780821917 0.7919999999999998
0.3844109589041097 0.737883116883117
0.31971917808219164 0.6873766233766234
0.26264383561643834 0.6224415584415584
0.2169794520547943 0.5430779220779222
0.17512328767123275 0.5214415584415586
0.12184931506849328 0.46732467532467503
0.06477397260273965 0.4023896103896102
0.03243150684931517 0.3266363636363637
0.028623287671232678 0.20397402597402625
0.07428767123287672 0.0704935064935065
0.17512328767123275 0.05245454545454531
0.62413698630137 0.3049870129870127
0.7059452054794519 0.23283116883116883
0.7896575342465755 0.2508701298701299
0.858150684931507 0.2725194805194803
0.8904999999999998 0.3915714285714287
0.888595890410959 0.5719350649350647
0.8448356164383561 0.7270649350649347
0.7763424657534247 0.8100389610389609
0.6983356164383561 0.8064285714285717
0.6222328767123289 0.7775714285714285
0.542321917808219 0.7559220779220781
0.4719246575342466 0.7054155844155845
0.420554794520548 0.6585194805194807
0.37869863013698646 0.5935844155844159
0.3444520547945207 0.5394675324675323
0.5917876712328768 0.08853246753246757
0.5251986301369862 0.1751168831168829
0.4700273972602741 0.2003636363636363
0.40343150684931517 0.1462597402597403
0.3444520547945207 0.13542857142857134
0.3653835616438357 0.2256233766233765
0.42436301369863005 0.28333766233766244
0.441486301369863 0.36270129870129864
0.44909589041095876 0.47453246753246736
0.48904794520547956 0.5430779220779222
0.5461301369863014 0.5394675324675323
0.5898904109589043 0.5142207792207796
0.6336506849315067 0.4528961038961038
0.6640890410958904 0.36992207792207765
0.711650684931507 0.2689090909090911
0.5213972602739727 0.6909870129870133
0.5670547945205481 0.7054155844155845
0.6336506849315067 0.7487142857142859
0.7002397260273974 0.7703506493506495
0.7668287671232876 0.7631428571428571
}
