version: 2
n_points: 55
{
0.18177922077922096 0.37305084745762696
0.117844155844156 0.47213559322033893
0.06789610389610401 0.6051186440677966
0.08988311688311679 0.7407118644067796
0.17379220779220786 0.8606610169491524
0.2717012987012986 0.9049999999999997
0.3715974025974026 0.9049999999999997
0.4655064935064934 0.8815254237288134
0.5674025974025974 0.8528474576271183
0.6573116883116883 0.8033050847457623
0.7372337662337661 0.7355084745762709
0.7991688311688312 0.657271186440678
0.8451168831168833 0.5842542372881356
0.8830779220779222 0.48516949152542377
0.9230389610389612 0.4121694915254235
0.9410259740259741 0.32350847457627097
0.9270389610389611 0.21659322033898298
0.853116883116883 0.14357627118644078
0.8151558441558441 0.08361016949152533
0.7691948051948053 0.06796610169491513
0.3995714285714285 0.46432203389830473
0.3456233766233766 0.4199830508474576
0.2717012987012986 0.43042372881355906
0.2177532467532467 0.47996610169491494
0.18577922077922088 0.5529661016949152
0.20576623376623368 0.6546610169491525
0.2517142857142858 0.7485423728813557
0.3176493506493507 0.7537457627118644
0.3835844155844156 0.743322033898305
0.48948051948051946 0.7407118644067796
0.5793896103896103 0.7172542372881353
0.6413246753246754 0.6833559322033895
0.6872857142857142 0.6285932203389828
0.6992727272727272 0.5686101694915254
0.7072597402597403 0.4747457627118643
0.46150649350649353 0.2869999999999999
0.5334285714285716 0.27657627118644035
0.5574155844155844 0.2400677966101693
0.6093636363636362 0.1983389830508474
0.6373246753246755 0.20616949152542352
0.6573116883116883 0.3052542372881354
0.5993636363636365 0.4121694915254235
0.6273376623376624 0.5034237288135592
0.6173506493506493 0.5816610169491523
0.5614025974025976 0.6129491525423727
0.48548051948051957 0.607728813559322
0.4195454545454546 0.5790508474576269
0.3975714285714286 0.5347118644067796
0.3675974025974027 0.4903898305084744
0.3256363636363638 0.4486610169491526
0.47549350649350647 0.7172542372881353
0.4075584415584416 0.7094237288135592
0.33563636363636357 0.7146440677966099
0.28967532467532475 0.7276779661016948
0.24971428571428583 0.7094237288135592
}
