version: 2
n_points: 55
{
0.8793103448275862 0.5671891891891895
0.947560344827586 0.4170450450450448
0.9547413793103449 0.22560360360360338
0.8577586206896551 0.0829549549549552
0.7356293103448278 0.04917117117117141
0.6206896551724138 0.060432432432432674
0.5129310344827587 0.08671171171171171
0.4244396551724139 0.14318918918918924
0.35390517241379305 0.21484684684684696
0.28925 0.27627927927927903
0.23831034482758628 0.34589189189189196
0.19128448275862087 0.4052702702702704
0.15406034482758602 0.4666936936936937
0.12075862068965504 0.5465495495495493
0.10704310344827561 0.6141171171171169
0.060017241379310304 0.6939639639639638
0.04238793103448257 0.8168198198198195
0.08156896551724124 0.9150990990990993
0.16386206896551703 0.9580900900900902
0.25986206896551733 0.9171441441441441
0.4812586206896554 0.5874954954954954
0.5948965517241378 0.5404054054054055
0.7104913793103447 0.48717117117117137
0.8280431034482758 0.435981981981982
0.880939655172414 0.36227027027027014
0.8731034482758618 0.25784684684684667
0.8104137931034481 0.17799999999999983
0.6948103448275863 0.13500000000000012
0.6046896551724139 0.14318918918918924
0.5126034482758619 0.15752252252252263
0.4518706896551722 0.1964234234234234
0.3793793103448274 0.26194594594594617
0.312758620689655 0.3377027027027028
0.2500689655172412 0.4544054054054056
0.26769827586206896 0.5711171171171172
0.5184827586206897 0.6734954954954954
0.457741379310345 0.6816846846846845
0.4205172413793101 0.7144414414414414
0.4126810344827585 0.7861081081081079
0.36369827586206915 0.8024864864864867
0.33039655172413807 0.7615315315315313
0.3617413793103448 0.6775855855855855
0.37350000000000017 0.5711171171171172
0.35782758620689636 0.5117387387387388
0.38721551724137904 0.43802702702702684
0.4244396551724139 0.38683783783783804
0.48713793103448255 0.38683783783783804
0.5596293103448273 0.40936036036036055
0.6203620689655172 0.4564594594594592
0.669344827586207 0.48511711711711725
0.3029655172413793 0.4277927927927929
0.38721551724137904 0.2926576576576578
0.48909482758620704 0.21280180180180164
0.6340775862068966 0.1759459459459457
0.7653448275862067 0.17799999999999983
}
