version: 2
n_points: 55
{
0.17489344262295073 0.3853536585365852
0.11604918032786898 0.5073048780487803
0.05509836065573754 0.626121951219512
0.04878688524590163 0.7512073170731706
0.09292622950819664 0.8356341463414633
0.16228688524590146 0.8825365853658536
0.23163934426229502 0.920060975609756
0.2988934426229506 0.9294390243902438
0.3703524590163934 0.9138048780487806
0.4355081967213115 0.8606463414634143
0.5006639344262297 0.8074878048780487
0.5679754098360656 0.7480365853658537
0.6413114754098361 0.6966829268292681
0.7146475409836066 0.6421341463414632
0.7815163934426231 0.5522682926829268
0.8440737704918031 0.46241463414634154
0.9152540983606557 0.3436707317073169
0.960549180327869 0.22171951219512176
0.954081967213115 0.1286585365853653
0.9087868852459018 0.051634146341463905
0.40835245901639355 0.3372560975609753
0.3263852459016395 0.36934146341463414
0.2616721311475408 0.4078536585365856
0.19480327868852476 0.47525609756097564
0.14735245901639324 0.5843658536585367
0.13440983606557397 0.6934756097560977
0.16891803278688527 0.7897560975609755
0.24010655737704922 0.8346829268292685
0.3112868852459014 0.841109756097561
0.3910983606557377 0.8186341463414633
0.46227868852459036 0.7672926829268294
0.5442459016393445 0.7063170731707318
0.6154262295081967 0.6645975609756098
0.6736639344262296 0.6164634146341466
0.7297459016393443 0.5426463414634148
0.4397459016393443 0.22002439024390208
0.5057786885245901 0.2403536585365854
0.5854672131147542 0.23696341463414616
0.6287295081967211 0.17259756097560996
0.6674344262295083 0.14550000000000052
0.6697131147540982 0.2098658536585366
0.6219016393442625 0.2809999999999997
0.6219016393442625 0.3860121951219515
0.6196229508196721 0.4876463414634149
0.5831885245901639 0.5553902439024387
0.5080573770491804 0.6062073170731708
0.43519672131147535 0.5892682926829267
0.40104098360655754 0.5147439024390243
0.3691639344262296 0.446987804878049
0.34412295081967215 0.3894024390243901
0.5262704918032786 0.6739512195121953
0.4420245901639346 0.6976707317073172
0.3532295081967213 0.6908902439024392
0.2780901639344264 0.6705731707317075
0.1961229508196723 0.6671829268292684
}
