version: 2
n_points: 55
{
0.8255135802469136 0.6407500000000002
0.9222222222222223 0.4222560975609756
0.9860074074074073 0.3003048780487805
0.9798345679012345 0.20884146341463414
0.9263382716049383 0.1173780487804878
0.8719580246913581 0.0683780487804878
0.797883950617284 0.05531097560975626
0.707935802469136 0.037890243902439016
0.6356271604938271 0.042249999999999836
0.5650790123456789 0.042249999999999836
0.4980592592592594 0.03353658536585366
0.4380962962962962 0.037890243902439016
0.35520246913580245 0.0683780487804878
0.274074074074074 0.12064634146341464
0.19118271604938297 0.2338841463414636
0.11887160493827165 0.28179268292682924
0.0659604938271604 0.41245731707317057
0.03774320987654334 0.5474756097560975
0.011286419753086196 0.739109756097561
0.028923456790123314 0.9699451219512196
0.5227506172839508 0.6999146341463415
0.6091703703703706 0.6520060975609755
0.7114641975308642 0.6040914634146343
0.759083950617284 0.551829268292683
0.8243382716049382 0.38196951219512176
0.8578493827160494 0.27308536585365856
0.854320987654321 0.12935365853658537
0.7925925925925926 0.10757926829268276
0.7149901234567901 0.1032256097560974
0.655027160493827 0.13371341463414618
0.5968246913580249 0.13371341463414618
0.5121703703703704 0.1032256097560974
0.4398592592592593 0.10757926829268276
0.3569654320987655 0.18597560975609756
0.2758370370370372 0.2861524390243901
0.4751333333333333 0.7957317073170732
0.4292765432098765 0.712981707317073
0.37283950617283945 0.6563597560975608
0.31816543209876536 0.6999146341463415
0.2529111111111111 0.7434695121951218
0.30581975308641973 0.625871951219512
0.33756543209876555 0.5648963414634145
0.34109382716049386 0.4865
0.36931111111111115 0.37761585365853645
0.42398518518518535 0.28179268292682924
0.4857135802469137 0.3209939024390242
0.524516049382716 0.3601890243902441
0.5615530864197531 0.42552439024390243
0.5844790123456791 0.5082743902439026
0.602116049382716 0.6084512195121952
0.5756617283950618 0.1467743902439026
0.6250444444444445 0.212109756097561
0.6832444444444445 0.29485975609756115
0.7326271604938273 0.3558353658536587
0.7925925925925926 0.36890243902439024
}
