version: 2
n_points: 55
{
0.9826375000000002 0.19349730700179538
0.8669 0.09575044883303406
0.7557875000000001 0.037901256732495496
0.5150458333333333 0.011969479353680484
0.292825 0.009974865350089838
0.18634166666666666 0.037901256732495496
0.1076375 0.09176122082585277
0.056712499999999985 0.16756373429084376
0.02430416666666666 0.2573303411131059
0.06134166666666667 0.37103590664272895
0.12152916666666667 0.4448438061041293
0.1400458333333333 0.5366050269299819
0.15856666666666666 0.6283662477558348
0.2094916666666667 0.718132854578097
0.269675 0.8158779174147216
0.3483791666666667 0.899660682226212
0.4872666666666666 0.9654901256732495
0.6724541666666667 0.9914219030520646
0.8298625000000001 0.96748473967684
0.8761583333333333 0.9136247755834828
0.894675 0.4548168761220827
0.8761583333333333 0.35707181328545784
0.84375 0.2413716337522441
0.792825 0.14562118491921003
0.6770833333333334 0.07779712746858164
0.5243041666666667 0.047876122082585335
0.3622666666666667 0.03590664272890485
0.2280083333333333 0.07380789946140034
0.17708333333333334 0.12766786355475762
0.12615833333333332 0.19349730700179538
0.11689999999999999 0.2792746858168762
0.17245416666666666 0.36704488330341106
0.2048625 0.43885816876122075
0.22337916666666668 0.5326157989228005
0.24652916666666666 0.618391382405745
0.9733791666666666 0.47277019748653515
0.8761583333333333 0.50867684021544
0.7789333333333333 0.6144021543985637
0.8391208333333334 0.67624236983842
0.9085666666666667 0.7580287253141831
0.8483791666666666 0.7081579892280071
0.7743041666666667 0.6622782764811488
0.6122666666666666 0.656294434470377
0.5104166666666666 0.6283662477558348
0.47800833333333337 0.5565529622980251
0.5659708333333333 0.5026929982046678
0.6631958333333333 0.4548168761220827
0.7233791666666666 0.4109317773788151
0.7881958333333333 0.3730305206463196
0.8530083333333334 0.347096947935368
0.2557875 0.4687809694793539
0.28356666666666663 0.39297845601436265
0.34375 0.2952315978456014
0.4131958333333333 0.19748653500897667
0.5057875000000001 0.09575044883303406
}
