version: 2
n_points: 55
{
0.30656043956043943 0.11161370716510896
0.44876923076923103 0.0676323987538942
0.5618956043956043 0.038311526479750786
0.717032967032967 0.016320872274143403
0.8495494505494509 0.043809968847351985
0.9271153846153847 0.09878504672897208
0.9659010989010988 0.17391900311526473
0.9723681318681319 0.25821495327102784
0.946510989010989 0.33884423676012465
0.9012582417582418 0.4249719626168226
0.836620879120879 0.494607476635514
0.713802197802198 0.580735202492212
0.626532967032967 0.6686947040498441
0.5651263736263734 0.7291682242990657
0.47139560439560435 0.8189626168224298
0.4002912087912085 0.8812679127725855
0.30979120879120847 0.92891277258567
0.22575824175824155 0.9637289719626168
0.0997087912087915 0.9857196261682241
0.022137362637362656 0.9490685358255454
0.2031373626373627 0.4231401869158878
0.2871703296703296 0.3241838006230529
0.3873626373626373 0.24171962616822426
0.503714285714286 0.19224299065420572
0.6459285714285712 0.1390996884735201
0.74289010989011 0.11710903426791272
0.859241758241758 0.1390996884735201
0.894796703296703 0.1959096573208721
0.891565934065934 0.26554205607476644
0.8240329670329674 0.3576510903426793
0.7401703296703297 0.46750467289719616
0.6678736263736264 0.5298099688473519
0.595576923076923 0.5757196261682245
0.52039010989011 0.6544205607476634
0.4451978021978019 0.6855732087227413
0.11263736263736268 0.4920996884735204
0.16758241758241754 0.5248909657320873
0.16758241758241754 0.5691619937694705
0.1068516483516484 0.6429439252336449
0.10974725274725305 0.687214953271028
0.15890659340659363 0.6740965732087227
0.18493406593406603 0.6249096573208723
0.2687967032967036 0.6167102803738319
0.36133516483516503 0.6085109034267913
0.43941758241758266 0.6134299065420559
0.5261703296703298 0.5544049844236761
0.5493076923076925 0.47734267912772577
0.5030384615384615 0.4183177570093457
0.4220659340659343 0.3871651090342678
0.315065934065934 0.35601246105918993
0.6216043956043953 0.5248909657320873
0.6447362637362637 0.45602803738317754
0.6476263736263739 0.3625700934579439
0.615818681318681 0.29698442367601247
0.5579835164835165 0.24615887850467305
}
