version: 2
n_points: 55
{
0.918359223300971 0.4209310344827588
0.9404223300970873 0.3519655172413795
0.9669029126213593 0.2798689655172415
0.973519417475728 0.20463448275862087
0.9470436893203884 0.12313103448275851
0.9051213592233012 0.07297241379310357
0.8499563106796117 0.041620689655172585
0.770519417475728 0.03535172413793087
0.6955000000000001 0.041620689655172585
0.6116504854368932 0.07297241379310357
0.5123543689320387 0.14506896551724155
0.4461601941747573 0.2109034482758622
0.3667233009708736 0.25792413793103447
0.276257281553398 0.33629655172413775
0.18358252427184463 0.4522827586206898
0.09752912621359222 0.5337862068965518
0.04016019417475736 0.6560413793103447
0.02030097087378646 0.7657586206896554
0.03133495145631093 0.8754758620689657
0.0556067961165051 0.9695241379310346
0.5980776699029124 0.6745241379310344
0.6820970873786405 0.5816827586206896
0.7399757281553395 0.4914965517241379
0.7922524271844658 0.3747862068965517
0.8258592233009706 0.2501172413793103
0.8258592233009706 0.13075172413793107
0.7511796116504856 0.10157931034482748
0.667160194174757 0.12279999999999988
0.5756747572815537 0.17319310344827585
0.5121941747572814 0.21033103448275856
0.44871359223300944 0.2660344827586206
0.37589805825242695 0.2925586206896551
0.3310873786407764 0.33764827586206897
0.3012135922330095 0.4066137931034483
0.27507766990291294 0.4729310344827585
0.508461165048544 0.6930896551724137
0.403902912621359 0.6851310344827586
0.31801941747572793 0.7302275862068964
0.2732087378640774 0.7434896551724137
0.2769417475728153 0.7222689655172413
0.3553592233009706 0.7010482758620689
0.38896601941747555 0.5975999999999999
0.3609611650485435 0.5100620689655173
0.3553592233009706 0.41457241379310344
0.38336407766990266 0.3694827586206896
0.4449805825242721 0.3588689655172414
0.5308640776699027 0.36152413793103444
0.6018106796116502 0.38539999999999985
0.6503543689320386 0.45171034482758615
0.6914320388349512 0.5100620689655173
0.4953883495145629 0.2660344827586206
0.5570048543689323 0.26073103448275853
0.6148834951456313 0.23420000000000002
0.6951650485436891 0.21033103448275856
0.756776699029126 0.18380689655172405
}
