version: 2
n_points: 55
{
0.2 0.8860759493670886
0.12121212121212122 0.7341772151898734
0.06060606060606061 0.569620253164557
0.030303030303030304 0.3924050632911392
0.08484848484848485 0.21518987341772156
0.15151515151515152 0.1392405063291139
0.20606060606060606 0.08860759493670889
0.28484848484848485 0.06329113924050633
0.3696969696969697 0.07594936708860756
0.4484848484848485 0.11392405063291133
0.5393939393939394 0.15189873417721522
0.6181818181818182 0.17721518987341778
0.6848484848484848 0.22784810126582278
0.7515151515151515 0.2911392405063291
0.8303030303030303 0.3417721518987342
0.896969696969697 0.4430379746835442
0.9515151515151515 0.5569620253164557
0.9696969696969697 0.7468354430379747
0.9272727272727272 0.8734177215189873
0.8787878787878788 0.9367088607594937
0.45454545454545453 0.7974683544303798
0.3575757575757576 0.7468354430379747
0.2606060606060606 0.6835443037974683
0.18787878787878787 0.569620253164557
0.14545454545454545 0.4177215189873418
0.13333333333333333 0.26582278481012656
0.20606060606060606 0.17721518987341778
0.28484848484848485 0.1392405063291139
0.37575757575757573 0.15189873417721522
0.44242424242424244 0.189873417721519
0.509090909090909 0.22784810126582278
0.5818181818181818 0.240506329113924
0.6181818181818182 0.2911392405063291
0.6606060606060606 0.35443037974683544
0.7090909090909091 0.40506329113924044
0.46060606060606063 0.9113924050632911
0.503030303030303 0.8607594936708861
0.5636363636363636 0.8227848101265823
0.6242424242424243 0.7848101265822784
0.6787878787878788 0.8607594936708861
0.7151515151515152 0.8481012658227848
0.6666666666666666 0.7468354430379747
0.6424242424242425 0.620253164556962
0.6181818181818182 0.4683544303797469
0.5515151515151515 0.40506329113924044
0.47878787878787876 0.40506329113924044
0.41818181818181815 0.45569620253164556
0.38181818181818183 0.5443037974683544
0.3696969696969697 0.6582278481012658
0.3696969696969697 0.7215189873417721
0.4909090909090909 0.26582278481012656
0.3878787878787879 0.25316455696202533
0.3090909090909091 0.2784810126582278
0.24242424242424243 0.36708860759493667
0.18787878787878787 0.40506329113924044
}
