version: 2
n_points: 55
{
0.5568181818181818 0.04424778761061947
0.42045454545454547 0.022123893805309734
0.2878787878787879 0.011061946902654867
0.16287878787878787 0.028761061946902654
0.06818181818181818 0.07079646017699115
0.030303030303030304 0.12831858407079647
0.01893939393939394 0.21238938053097345
0.030303030303030304 0.2920353982300885
0.056818181818181816 0.3827433628318584
0.09848484848484848 0.4469026548672566
0.1553030303030303 0.504424778761062
0.21212121212121213 0.5796460176991151
0.26515151515151514 0.6570796460176991
0.3143939393939394 0.7256637168141593
0.3712121212121212 0.8075221238938053
0.4659090909090909 0.8738938053097345
0.5568181818181818 0.9336283185840708
0.6931818181818182 0.9712389380530974
0.8598484848484849 0.9889380530973452
0.9810606060606061 0.9380530973451328
0.7196969696969697 0.3274336283185841
0.6136363636363636 0.2743362831858407
0.5340909090909091 0.20353982300884957
0.4696969696969697 0.16592920353982302
0.3446969696969697 0.11946902654867257
0.1893939393939394 0.09513274336283185
0.10606060606060606 0.13274336283185842
0.04924242424242424 0.20353982300884957
0.04924242424242424 0.2809734513274336
0.0946969696969697 0.34292035398230086
0.16666666666666666 0.41814159292035397
0.26515151515151514 0.5420353982300885
0.3522727272727273 0.6526548672566371
0.42803030303030304 0.7079646017699115
0.5151515151515151 0.7610619469026548
0.7765151515151515 0.3141592920353982
0.7121212121212122 0.36504424778761063
0.7121212121212122 0.504424778761062
0.8446969696969697 0.5796460176991151
0.8560606060606061 0.6283185840707964
0.7310606060606061 0.6637168141592921
0.6666666666666666 0.6261061946902655
0.5984848484848485 0.6261061946902655
0.5265151515151515 0.5929203539823009
0.4810606060606061 0.5398230088495575
0.44696969696969696 0.4889380530973451
0.45454545454545453 0.4314159292035398
0.5227272727272727 0.40486725663716816
0.5871212121212122 0.38716814159292035
0.6742424242424242 0.38495575221238937
0.2765151515151515 0.48672566371681414
0.2840909090909091 0.4247787610619469
0.3106060606060606 0.3606194690265487
0.3371212121212121 0.28982300884955753
0.3939393939393939 0.20353982300884957
}
