version: 2
n_points: 55
{
0.5648892857142856 0.12629501084598693
0.45179642857142854 0.06845119305856842
0.32679642857142854 0.026874186550976162
0.21072499999999994 0.01241214750542295
0.11251071428571424 0.043143167028199585
0.044057142857142906 0.09737310195227768
0.02917500000000004 0.17510195227765724
0.02024642857142861 0.2691019522776574
0.05298571428571433 0.35948373101952275
0.11548571428571433 0.4643297180043385
0.16608214285714282 0.5510976138828634
0.2047714285714286 0.6306334056399132
0.28810357142857146 0.7101713665943601
0.37441428571428576 0.7788633405639914
0.49941428571428576 0.8674381778741863
0.5857249999999999 0.9216681127982644
0.6720321428571427 0.9758980477223425
0.7881035714285713 0.990360086767896
0.9547714285714286 0.9397440347071583
0.9845321428571427 0.8059783080260304
0.6809607142857143 0.4064837310195228
0.6125107142857142 0.32875488069414327
0.5410821428571428 0.2528329718004339
0.48751071428571424 0.18594793926247283
0.39822499999999994 0.13533405639913235
0.27620000000000006 0.1046030368763557
0.15417500000000003 0.10641214750542308
0.1035821428571428 0.14798698481561817
0.08572499999999995 0.2239088937093275
0.09167500000000003 0.2926008676789588
0.1452464285714286 0.37394577006507596
0.18691428571428576 0.44806073752711506
0.23751071428571424 0.53482863340564
0.30298571428571436 0.648711496746204
0.47560357142857135 0.722824295010846
0.7434607142857143 0.3920216919739696
0.7017964285714285 0.44806073752711506
0.716675 0.5510976138828634
0.7732249999999999 0.5926724511930586
0.8178678571428571 0.6450954446854664
0.7702464285714286 0.6649804772234275
0.7226285714285715 0.6270195227765728
0.6214392857142856 0.6143644251626897
0.5589392857142856 0.6234034707158351
0.4577464285714285 0.5908655097613883
0.41012857142857145 0.5203665943600868
0.3952464285714285 0.4552906724511931
0.43393928571428564 0.4064837310195228
0.529175 0.36852277657266813
0.5827464285714286 0.31971583514099783
0.26131785714285716 0.522173535791757
0.25238928571428576 0.43179175704989164
0.25238928571428576 0.3540607375271149
0.24346071428571434 0.26006290672451193
0.2702464285714286 0.18052494577006503
}
