version: 2
n_points: 55
{
0.7827542857142857 0.060153846153846224
0.8671085714285715 0.17005128205128217
0.9405771428571429 0.2738333333333335
0.9677885714285714 0.3959358974358975
0.9432971428571428 0.5607692307692309
0.8834342857142857 0.6584487179487181
0.8371714285714286 0.713397435897436
0.7718685714285715 0.7500256410256412
0.6929542857142856 0.8110769230769233
0.6303714285714286 0.8599102564102565
0.5487371428571428 0.9270641025641027
0.4480571428571428 0.9209615384615386
0.3528228571428571 0.8904358974358976
0.26574285714285717 0.8416025641025642
0.16506285714285707 0.7072820512820513
0.10519999999999996 0.6035000000000001
0.058942857142857075 0.481397435897436
0.023571428571428577 0.38371794871794884
0.023571428571428577 0.25551282051282065
0.0671085714285714 0.18835897435897442
0.5296914285714285 0.11510256410256425
0.6249314285714286 0.1334230769230771
0.7228857142857142 0.13952564102564113
0.7881942857142857 0.2005769230769232
0.8535028571428571 0.3043589743589745
0.90792 0.4203589743589745
0.8562228571428572 0.5607692307692309
0.7827542857142857 0.6096025641025642
0.70384 0.6706538461538463
0.6222057142857143 0.7622307692307693
0.5487371428571428 0.8354871794871795
0.46710857142857143 0.8477051282051283
0.3528228571428571 0.7683333333333334
0.2630228571428571 0.6889743589743591
0.1732285714285714 0.597397435897436
0.47798857142857143 0.1212051282051283
0.4181257142857143 0.18225641025641037
0.3446571428571429 0.17005128205128217
0.2984 0.11510256410256425
0.2385371428571429 0.1456282051282053
0.2739085714285714 0.33488461538461556
0.34737714285714283 0.43866666666666676
0.3691485714285714 0.627923076923077
0.40723999999999994 0.713397435897436
0.4888742857142857 0.6828717948717951
0.5514571428571429 0.621820512820513
0.59772 0.536346153846154
0.6140457142857143 0.4203589743589745
0.5922742857142858 0.2738333333333335
0.59772 0.1456282051282053
0.6330914285714285 0.6157179487179488
0.70384 0.5180384615384617
0.7446571428571429 0.45087179487179496
0.7854742857142857 0.4020384615384617
0.8126857142857142 0.37151282051282064
}
