version: 2
n_points: 55
{
0.16044339622641515 0.1949122807017546
0.09569811320754722 0.353157894736842
0.07534905660377353 0.4735438596491226
0.05500000000000012 0.5801929824561403
0.0827452830188678 0.700578947368421
0.13453773584905657 0.8106666666666666
0.21038679245283007 0.8897894736842104
0.34171698113207527 0.906982456140351
0.4564056603773587 0.8657017543859649
0.5507452830188682 0.8175438596491227
0.6191886792452832 0.7487543859649124
0.6672830188679247 0.6937017543859649
0.7301792452830189 0.6283508771929824
0.7819716981132077 0.5561052631578949
0.8337641509433964 0.4735438596491226
0.87261320754717 0.4013157894736842
0.8948113207547171 0.31875438596491246
0.9225566037735848 0.25682456140350896
0.9540000000000002 0.1880350877192981
0.9373584905660378 0.0813859649122809
0.43050943396226427 0.21898245614035083
0.354669811320755 0.2121052631578948
0.2843773584905661 0.25682456140350896
0.20668867924528295 0.26715789473684226
0.1678396226415094 0.35659649122807
0.13453773584905657 0.5423508771929823
0.1770849056603775 0.6180350877192984
0.22702830188679243 0.700578947368421
0.2880754716981132 0.7831403508771931
0.37316981132075455 0.7934736842105264
0.43975471698113183 0.7487543859649124
0.5100471698113207 0.7143508771929823
0.5784905660377357 0.6627543859649121
0.6376886792452833 0.6077017543859651
0.680235849056604 0.5079473684210527
0.47305660377358494 0.16738596491228064
0.5433490566037739 0.18115789473684196
0.606235849056604 0.15363157894736856
0.6469339622641508 0.09515789473684222
0.674679245283019 0.13987719298245638
0.6247358490566036 0.21898245614035083
0.5932924528301887 0.30842105263157915
0.5988396226415093 0.4529122807017544
0.5636981132075473 0.5148245614035087
0.5174528301886795 0.5457894736842108
0.4508584905660377 0.5285964912280701
0.4101603773584903 0.4701052631578946
0.3805660377358488 0.39787719298245616
0.35651886792452825 0.31531578947368444
0.3324716981132077 0.25682456140350896
0.4212641509433962 0.7281052631578949
0.3713207547169813 0.7109122807017543
0.3269245283018868 0.6937017543859649
0.2843773584905661 0.6902631578947368
0.24552830188679256 0.6592982456140353
}
