version: 2
n_points: 55
{
0.8696736111111112 0.29161904761904744
0.9090902777777777 0.39458333333333306
0.9597638888888889 0.5425833333333333
0.9635208333333334 0.6648452380952379
0.942875 0.7710238095238098
0.9053333333333333 0.857892857142857
0.8265069444444444 0.9061547619047621
0.7195277777777778 0.9351190476190477
0.6144236111111112 0.9286785714285716
0.5280833333333335 0.8932857142857143
0.43799305555555557 0.832154761904762
0.3554097222222222 0.7710238095238098
0.2803333333333333 0.6905833333333335
0.19963194444444454 0.5940595238095239
0.13206249999999997 0.4750119047619049
0.06824999999999981 0.40101190476190474
0.04009722222222223 0.2948333333333336
0.03446527777777797 0.2079642857142856
0.0607430555555557 0.12752380952380937
0.08326388888888892 0.05352380952380931
0.5224513888888889 0.33666666666666634
0.5975277777777779 0.32379761904761917
0.7401736111111112 0.37848809523809535
0.8133680555555556 0.4331904761904759
0.8696736111111112 0.5297142857142855
0.8922013888888889 0.5844047619047616
0.9034583333333335 0.7002380952380951
0.8640416666666666 0.7774642857142859
0.7852152777777778 0.8353809523809527
0.7007569444444444 0.8675476190476193
0.6313124999999999 0.8611190476190477
0.5412222222222223 0.8096309523809526
0.43986805555555564 0.7452857142857141
0.38356250000000003 0.6873690476190473
0.3291319444444445 0.6423214285714284
0.552486111111111 0.2337023809523806
0.4924236111111111 0.2079642857142856
0.4079652777777779 0.19830952380952405
0.38168749999999996 0.24014285714285744
0.3291319444444445 0.2111785714285711
0.3610416666666667 0.2562261904761908
0.4211041666666667 0.32701190476190467
0.41922222222222216 0.41388095238095257
0.4361180555555555 0.5232738095238093
0.45863888888888893 0.5715357142857145
0.5168194444444445 0.6230238095238095
0.582513888888889 0.6165833333333335
0.6162986111111113 0.5618928571428573
0.6275555555555555 0.4524880952380954
0.6500833333333333 0.3720595238095237
0.5168194444444445 0.7613690476190474
0.6200486111111112 0.7517261904761903
0.708263888888889 0.7259761904761908
0.7870902777777778 0.6841547619047619
0.8509097222222223 0.6037142857142856
}
