version: 2
n_points: 55
{
0.782608695652174 0.6387434554973822
0.8972332015810277 0.4816753926701571
0.9723320158102767 0.3507853403141361
0.9802371541501976 0.15706806282722513
0.9169960474308301 0.06282722513089005
0.8221343873517787 0.02617801047120419
0.7351778656126482 0.041884816753926704
0.6284584980237153 0.09947643979057591
0.5454545454545454 0.16230366492146597
0.4347826086956522 0.2198952879581152
0.3517786561264822 0.29842931937172773
0.27667984189723316 0.39790575916230364
0.23320158102766797 0.47643979057591623
0.17786561264822132 0.5392670157068062
0.11067193675889331 0.6020942408376964
0.055335968379446654 0.6701570680628273
0.01976284584980237 0.7696335078534031
0.0513833992094862 0.8900523560209425
0.11462450592885376 0.9424083769633508
0.18577075098814233 0.9738219895287958
0.6561264822134387 0.612565445026178
0.7233201581027668 0.5445026178010471
0.7905138339920948 0.4607329842931937
0.849802371541502 0.3403141361256545
0.8814229249011858 0.225130890052356
0.8616600790513834 0.14136125654450263
0.7984189723320159 0.1099476439790576
0.7272727272727273 0.12041884816753927
0.6679841897233201 0.16230366492146597
0.5928853754940712 0.2356020942408377
0.5217391304347826 0.25654450261780104
0.47430830039525695 0.2879581151832461
0.43083003952569165 0.3193717277486911
0.4031620553359684 0.35602094240837695
0.37944664031620556 0.3717277486910995
0.6126482213438735 0.6387434554973822
0.541501976284585 0.6282722513089005
0.4861660079051383 0.643979057591623
0.4624505928853755 0.7172774869109948
0.4031620553359684 0.7696335078534031
0.4110671936758893 0.7172774869109948
0.4426877470355731 0.6701570680628273
0.43083003952569165 0.612565445026178
0.44664031620553357 0.5130890052356021
0.4782608695652174 0.44502617801047123
0.5256916996047432 0.4031413612565445
0.5770750988142292 0.3717277486910995
0.6245059288537549 0.4031413612565445
0.6600790513833992 0.4816753926701571
0.6996047430830039 0.5497382198952879
0.616600790513834 0.24607329842931938
0.6758893280632411 0.24607329842931938
0.7391304347826086 0.23036649214659685
0.7984189723320159 0.2198952879581152
0.8577075098814229 0.21465968586387435
}
