version: 2
n_points: 55
{
0.15515194346289757 0.02704635761589369
0.08448056537102479 0.18286754966887453
0.03667137809187274 0.3698609271523182
0.020042402826855214 0.56464238410596
0.06369257950530027 0.7594172185430466
0.14267844522968193 0.8801854304635762
0.2466077738515902 0.9503046357615893
0.3588515901060071 0.9658874172185433
0.46693639575971724 0.9269271523178808
0.5542367491166077 0.8996622516556294
0.6477703180212014 0.852913907284768
0.7246784452296818 0.7827947019867549
0.8057420494699646 0.7048807947019868
0.8784911660777387 0.6269668874172187
0.9346148409893992 0.5529536423841058
0.9761872791519434 0.4399801324503312
0.9844982332155479 0.35038410596026504
0.9678727915194347 0.22961589403973526
0.9242226148409892 0.13612582781456917
0.8701802120141342 0.06990066225165525
0.4461519434628976 0.19845033112582788
0.36300706713780917 0.15949668874172152
0.2715512367491166 0.17118543046357648
0.19256537102473492 0.21403311258278124
0.1260494699646644 0.29584105960264917
0.08032155477031801 0.3971258278145696
0.07200706713780913 0.5490596026490067
0.10734275618374553 0.6931920529801326
0.16762190812720854 0.7866887417218541
0.2528445229681979 0.8568079470198678
0.34222261484098937 0.852913907284768
0.40873498233215555 0.8256423841059605
0.49811307420494705 0.7827947019867549
0.5625512367491166 0.7321523178807944
0.6290636042402826 0.6347615894039738
0.49811307420494705 0.058211920529801064
0.5500777385159011 0.062105960264900895
0.6020424028268551 0.12054304635761592
0.6623215547703181 0.08937748344370844
0.7288374558303886 0.08548344370860939
0.7142862190812722 0.22961589403973526
0.6103568904593639 0.32700662251655654
0.5999646643109542 0.4399801324503312
0.5646289752650178 0.5490596026490067
0.4897985865724382 0.6035960264900664
0.39210600706713783 0.6074900662251655
0.360929328621908 0.5178940397350993
0.35053710247349823 0.38544370860927146
0.35053710247349823 0.268576158940397
0.32767137809187274 0.1789735099337747
0.36300706713780917 0.8022715231788081
0.2902579505300352 0.7360463576158942
0.20919434628975264 0.6347615894039738
0.16346643109540646 0.556847682119205
0.13228621908127214 0.45556291390728454
}
