version: 2
n_points: 55
{
0.12832799999999997 0.8849115044247788
0.08658800000000019 0.6963805309734513
0.03789199999999983 0.504
0.02223999999999978 0.33469911504424776
0.07093600000000015 0.16540707964601775
0.14398000000000002 0.07306194690265488
0.23441600000000018 0.046132743362831796
0.3335439999999999 0.07691150442477879
0.41354399999999986 0.11153982300884968
0.4952840000000001 0.15385840707964604
0.5578919999999998 0.18464601769911515
0.6309360000000002 0.16925663716814165
0.7231120000000001 0.22312389380530973
0.7857199999999998 0.2962212389380532
0.8448519999999998 0.34239823008849557
0.90398 0.45013274336283193
0.94398 0.5617079646017701
0.9631120000000001 0.704070796460177
0.9822399999999998 0.8425929203539823
0.9822399999999998 0.9618672566371682
0.4031120000000001 0.8079646017699116
0.32485199999999986 0.7194690265486726
0.23789199999999983 0.6540530973451326
0.19441600000000017 0.5078407079646017
0.16485199999999986 0.32315929203539817
0.17006800000000022 0.18464601769911515
0.24311200000000008 0.15385840707964604
0.32832799999999995 0.16925663716814165
0.39963200000000004 0.2269646017699114
0.47615599999999997 0.2423539823008849
0.5474600000000001 0.2500530973451327
0.6048519999999998 0.2423539823008849
0.676156 0.2577522123893805
0.7422399999999998 0.31930973451327427
0.78398 0.38471681415929215
0.45528400000000013 0.8233539823008849
0.5213719999999998 0.7771769911504425
0.620504 0.7540973451327433
0.6552840000000001 0.8810619469026549
0.74746 0.8849115044247788
0.7370239999999999 0.7079203539823009
0.66398 0.5732566371681416
0.6570239999999999 0.41165486725663714
0.58746 0.38471681415929215
0.5509360000000002 0.592495575221239
0.488328 0.6579026548672565
0.4222399999999998 0.6425132743362834
0.3735439999999999 0.6348141592920354
0.3335439999999999 0.615575221238938
0.30746 0.6617522123893804
0.500504 0.276991150442478
0.4205039999999999 0.276991150442478
0.35267599999999993 0.3116194690265486
0.2865880000000002 0.3616371681415931
0.20485199999999987 0.36932743362831866
}
