version: 2
n_points: 55
{
0.7790964912280701 0.06692753623188485
0.8805263157894736 0.1258115942028991
0.9408333333333333 0.25262318840579767
0.9490526315789473 0.4066086956521745
0.9380877192982455 0.5243623188405803
0.907938596491228 0.6556956521739138
0.8394035087719298 0.7734492753623196
0.7462017543859649 0.8685652173913041
0.6447807017543858 0.9229130434782606
0.5406140350877193 0.9274347826086956
0.4501491228070176 0.9274347826086956
0.3679122807017544 0.8912028985507245
0.29115789473684217 0.8459130434782608
0.23359649122807014 0.8142173913043484
0.17328947368421044 0.7689275362318846
0.12668421052631584 0.7100434782608703
0.07460526315789473 0.6421159420289861
0.03622807017543861 0.5605942028985513
0.03896491228070187 0.4790724637681165
0.06637719298245626 0.4020724637681167
0.5543157894736843 0.42472463768116
0.6255877192982455 0.37037681159420344
0.6831578947368421 0.26168115942029047
0.740719298245614 0.1937391304347834
0.8065087719298245 0.19827536231884113
0.8311842105263157 0.27073913043478315
0.828438596491228 0.43830434782608774
0.7873245614035087 0.569652173913044
0.7242719298245613 0.6738115942028993
0.6502631578947369 0.7326956521739136
0.5789912280701754 0.791565217391305
0.5022368421052631 0.791565217391305
0.43096491228070166 0.7961014492753629
0.3679122807017544 0.7643913043478269
0.32679824561403503 0.7326956521739136
0.4693421052631579 0.3114927536231892
0.3816228070175438 0.34772463768116013
0.3213157894736842 0.34772463768116013
0.29390350877192983 0.32960869565217465
0.23359649122807014 0.3658405797101457
0.27197368421052626 0.388492753623189
0.32679824561403503 0.45189855072463825
0.3432456140350877 0.5470000000000008
0.3679122807017544 0.6375797101449283
0.4556315789473685 0.6828695652173921
0.5241666666666667 0.6874057971014498
0.5762456140350878 0.646637681159421
0.6064035087719297 0.569652173913044
0.647517543859649 0.4473623188405804
0.6804122807017543 0.33866666666666745
0.6173684210526316 0.7281594202898558
0.6749298245614035 0.6828695652173921
0.7270175438596491 0.61040579710145
0.7626491228070175 0.5560579710144935
0.7928070175438596 0.497188405797102
}
