version: 2
n_points: 55
{
0.7457358490566037 0.6926976744186046
0.8355849056603774 0.5265813953488365
0.8894905660377359 0.366
0.8847169811320755 0.22816279069767392
0.820811320754717 0.1643953488372097
0.7386415094339622 0.13062790697674462
0.641245283018868 0.11937209302325538
0.5469056603773585 0.15688372093023212
0.4586603773584905 0.2131395348837214
0.3704150943396227 0.26567441860465063
0.28824528301886765 0.33318604651162786
0.19694339622641488 0.41569767441860467
0.13607547169811296 0.5057209302325577
0.08739622641509448 0.5882325581395345
0.09347169811320766 0.6782558139534889
0.08739622641509448 0.7607906976744185
0.0843396226415094 0.8320465116279074
0.09956603773584882 0.8845581395348837
0.14520754716981132 0.9033255813953492
0.2243396226415092 0.8995813953488376
0.5590943396226415 0.6557674418604647
0.6443018867924528 0.6370000000000005
0.7203773584905662 0.5882325581395345
0.790377358490566 0.4869767441860465
0.8055849056603773 0.37444186046511624
0.7934150943396227 0.2919302325581395
0.7447169811320755 0.2131395348837214
0.689943396226415 0.19813953488372052
0.6260377358490568 0.19439534883720885
0.5621320754716983 0.2131395348837214
0.5164905660377357 0.2319069767441856
0.45256603773584914 0.2844186046511632
0.4038867924528303 0.3256744186046516
0.35215094339622643 0.3781860465116279
0.3247547169811321 0.43069767441860424
0.5682075471698111 0.7532790697674423
0.4921320754716981 0.745790697674419
0.4099622641509433 0.7607906976744185
0.3764905660377357 0.8245581395348841
0.3217169811320755 0.8358139534883721
0.3247547169811321 0.7570465116279069
0.3795283018867923 0.6820232558139534
0.4008490566037737 0.5994883720930237
0.40692452830188663 0.49072093023255814
0.46169811320754717 0.42695348837209257
0.5134339622641511 0.3781860465116279
0.5712641509433962 0.4044418604651167
0.5925660377358491 0.48320930232558185
0.6199433962264151 0.5469767441860461
0.6382075471698114 0.595744186046512
0.5012641509433962 0.30316279069767443
0.5651698113207546 0.30316279069767443
0.6199433962264151 0.30693023255813906
0.6990754716981132 0.3106744186046507
0.7538490566037734 0.3106744186046507
}
