version: 2
n_points: 55
{
0.13282165605095547 0.1822471910112362
0.058515923566879055 0.3226966292134834
0.03197452229299352 0.5146516853932581
0.058515923566879055 0.6831910112359547
0.10363057324840753 0.8095955056179772
0.17528662420382154 0.8798202247191008
0.2575605095541402 0.9406741573033711
0.3477898089171975 0.9359999999999997
0.4486433121019109 0.8891797752808989
0.5601082802547771 0.8283146067415733
0.6556496815286625 0.7627752808988764
0.7538407643312103 0.6785056179775282
0.8520382165605095 0.6129662921348311
0.8971528662420383 0.5521011235955056
0.950235668789809 0.4350561797752812
0.9714649681528661 0.31333707865168536
0.9688089171974523 0.19629213483146102
0.9449235668789809 0.14011235955056212
0.915732484076433 0.08393258426966321
0.8759235668789808 0.04648314606741577
0.40883439490445866 0.318022471910112
0.3477898089171975 0.2805617977528093
0.24694267515923554 0.2524719101123598
0.15936305732484066 0.28524719101123597
0.09036305732484085 0.38356179775280896
0.0664777070063695 0.5286966292134829
0.12221019108280262 0.7534157303370783
0.2018280254777071 0.8283146067415733
0.2734840764331211 0.8657752808988761
0.3769872611464969 0.8564044943820228
0.45925477707006374 0.8095955056179772
0.5441847133757962 0.7534157303370783
0.5972611464968152 0.6925505617977528
0.6556496815286625 0.636370786516854
0.7060700636942676 0.5801910112359551
0.43271974522293 0.21970786516853902
0.4911019108280255 0.21033707865168572
0.5468343949044586 0.1822471910112362
0.6158407643312103 0.09797752808988791
0.7087261146496814 0.05584269662921382
0.6662611464968153 0.20097752808988767
0.613184713375796 0.294606741573034
0.5892993630573248 0.392921348314607
0.5654140127388534 0.5006067415730334
0.5256050955414011 0.5567865168539323
0.4512929936305733 0.5801910112359551
0.40883439490445866 0.5848764044943817
0.3822929936305731 0.5240112359550562
0.3584076433121018 0.4444269662921345
0.3292165605095542 0.3086516853932587
0.40617834394904445 0.7253258426966289
0.2602101910828026 0.7065955056179776
0.19121019108280243 0.6831910112359547
0.13547770700636932 0.6129662921348311
0.10893630573248413 0.547415730337079
}
