version: 2
n_points: 55
{
0.9099057591623035 0.05536986301369862
0.9448062827225132 0.22089041095890416
0.9688062827225129 0.39212328767123283
0.9600785340314136 0.5633561643835616
0.912083769633508 0.7174657534246576
0.8466387434554975 0.8144931506849314
0.7615602094240839 0.8886986301369864
0.6721204188481675 0.9172328767123288
0.5870418848167539 0.9286575342465754
0.5085078534031413 0.9286575342465754
0.43215706806282705 0.922945205479452
0.3579842931937173 0.9172328767123288
0.29253926701570676 0.9115342465753424
0.21836649214659698 0.8944109589041096
0.13328795811518335 0.8202054794520548
0.08747643979057607 0.6946301369863013
0.04603141361256535 0.511986301369863
0.022031413612565554 0.3521643835616438
0.02639790575916212 0.20947945205479457
0.06566492146596847 0.07249315068493156
0.6088586387434554 0.19805479452054797
0.70048167539267 0.16952054794520544
0.7833769633507853 0.18093150684931503
0.8488219895287958 0.25513698630136983
0.9033612565445025 0.31791780821917803
0.9033612565445025 0.5348219178082192
0.8553664921465969 0.6889315068493151
0.7768324607329843 0.7517123287671232
0.7157486910994766 0.8144931506849314
0.6393979057591623 0.8316164383561644
0.5652251308900524 0.8373287671232876
0.4888743455497382 0.8487397260273972
0.42124607329842945 0.825917808219178
0.3601675392670156 0.7688356164383562
0.2947225130890051 0.7174657534246576
0.5586806282722514 0.10673972602739723
0.5041465968586386 0.13527397260273977
0.4387015706806281 0.2722602739726028
0.38852356020942425 0.22089041095890416
0.3405340314136124 0.15810958904109595
0.28817801047120406 0.15810958904109595
0.2969005235602096 0.3407534246575342
0.2838115183246075 0.46632876712328775
0.35143979057591623 0.5462328767123288
0.40379581151832455 0.6546849315068493
0.4757853403141361 0.7174657534246576
0.5390471204188483 0.6889315068493151
0.5979476439790578 0.5747671232876712
0.6263089005235603 0.4377808219178082
0.6546701570680626 0.24942465753424659
0.593586387434555 0.7916712328767124
0.6546701570680626 0.7517123287671232
0.7222931937172776 0.7174657534246576
0.7942827225130892 0.6432602739726028
0.8510052356020941 0.5462328767123288
}
