version: 2
n_points: 55
{
0.25439999999999985 0.16760000000000003
0.4299142857142856 0.11998888888888865
0.5871999999999997 0.06913333333333312
0.7218142857142855 0.05845555555555582
0.8042285714285713 0.08836666666666639
0.8838999999999999 0.13751111111111086
0.9278571428571427 0.21230000000000032
0.9251142857142854 0.3041777777777775
0.9141285714285711 0.3982000000000002
0.8866571428571425 0.5093111111111114
0.8207142857142855 0.6182777777777776
0.7492857142857141 0.710166666666667
0.6366571428571425 0.8234111111111114
0.5349999999999999 0.885377777777778
0.4388571428571433 0.9174333333333335
0.33719999999999983 0.9430666666666664
0.24379999999999968 0.951611111111111
0.15314285714285758 0.951611111111111
0.11192857142857116 0.9388000000000002
0.05972857142857124 0.919566666666667
0.37291428571428553 0.466577777777778
0.36742857142857177 0.40887777777777756
0.41687142857142834 0.3105888888888886
0.4470857142857142 0.24435555555555577
0.5295142857142854 0.1952111111111113
0.6448999999999996 0.18024444444444424
0.7575285714285712 0.18452222222222253
0.8152285714285711 0.19306666666666641
0.8784142857142854 0.24862222222222197
0.8701714285714283 0.3234111111111114
0.853685714285714 0.39178888888888913
0.8207142857142855 0.5007666666666668
0.7685142857142856 0.5862333333333336
0.6943428571428569 0.6652888888888886
0.5542285714285713 0.7443555555555558
0.2575285714285712 0.4516111111111109
0.2602857142857147 0.524266666666667
0.2575285714285712 0.5862333333333336
0.19159999999999966 0.6268333333333336
0.14214285714285702 0.6716999999999997
0.15314285714285758 0.6973444444444448
0.2849999999999998 0.6952111111111113
0.37291428571428553 0.6802444444444442
0.4553285714285713 0.6482000000000002
0.5075285714285712 0.5947777777777775
0.5349999999999999 0.5477666666666664
0.5487428571428568 0.49435555555555577
0.5349999999999999 0.425977777777778
0.4718142857142855 0.37896666666666695
0.40862857142857123 0.3490555555555558
0.7822571428571425 0.4644333333333331
0.7849999999999998 0.3982000000000002
0.7685142857142856 0.321277777777778
0.746542857142857 0.26785555555555585
0.7135714285714284 0.2101666666666669
}
