version: 2
n_points: 55
{
0.652342857142857 0.22859574468085106
0.551971428571429 0.16821276595744694
0.44385714285714356 0.12795744680851084
0.3087142857142859 0.1222127659574468
0.20448571428571377 0.15670212765957467
0.1697428571428564 0.23434042553191511
0.16585714285714306 0.32346808510638303
0.20062857142857118 0.40685106382978753
0.24694285714285635 0.5161063829787235
0.3087142857142859 0.6081276595744679
0.3782285714285714 0.6684893617021279
0.4515714285714288 0.7403829787234043
0.5210857142857143 0.7835106382978722
0.5944285714285716 0.8208936170212765
0.6253428571428572 0.8525106382978725
0.6639428571428572 0.884148936170213
0.7141428571428573 0.8927659574468086
0.7990857142857148 0.8956382978723404
0.8299714285714279 0.8812553191489364
0.8453999999999999 0.8553829787234043
0.7052285714285712 0.42144680851063815
0.6832571428571425 0.3450851063829786
0.650285714285714 0.2877872340425534
0.5367142857142865 0.2305106382978724
0.4671142857142854 0.19776595744680825
0.39385714285714357 0.1786808510638297
0.3389142857142864 0.22504255319148933
0.2656571428571429 0.24414893617021263
0.22171428571428545 0.2687021276595743
0.23268571428571444 0.34234042553191496
0.2730000000000002 0.4323617021276595
0.29131428571428647 0.47327659574468084
0.3206000000000001 0.5441914893617021
0.3425714285714288 0.5851276595744682
0.386542857142857 0.6205744680851064
0.8261142857142854 0.4951063829787236
0.8151142857142856 0.5496595744680852
0.8041142857142859 0.645127659574468
0.8627428571428579 0.6669574468085108
0.8627428571428579 0.7051489361702127
0.7857999999999996 0.6724042553191492
0.7381999999999996 0.6260425531914895
0.6576000000000005 0.6314893617021278
0.5696857142857149 0.6124042553191487
0.5293999999999999 0.5714893617021279
0.5074285714285711 0.4978297872340425
0.5110857142857136 0.43780851063829784
0.522085714285715 0.39144680851063823
0.5879999999999995 0.36961702127659607
0.6465999999999992 0.3559787234042552
0.3499142857142861 0.47327659574468084
0.3755428571428573 0.39144680851063823
0.386542857142857 0.3341702127659572
0.3901999999999995 0.2877872340425534
0.39754285714285675 0.24414893617021263
}
