version: 2
n_points: 55
{
0.2032520325203252 0.7894736842105263
0.12195121951219512 0.618421052631579
0.06504065040650407 0.4605263157894737
0.04065040650406504 0.26315789473684204
0.08943089430894309 0.11842105263157898
0.1951219512195122 0.06578947368421051
0.2845528455284553 0.07894736842105265
0.34959349593495936 0.10526315789473684
0.42276422764227645 0.1578947368421053
0.4959349593495935 0.21052631578947367
0.5772357723577236 0.2894736842105263
0.6504065040650406 0.32894736842105265
0.7398373983739838 0.381578947368421
0.8130081300813008 0.4605263157894737
0.8780487804878049 0.5394736842105263
0.9186991869918699 0.6052631578947368
0.9512195121951219 0.7105263157894737
0.959349593495935 0.8421052631578947
0.9186991869918699 0.9078947368421053
0.8699186991869918 0.9342105263157895
0.36585365853658536 0.6973684210526315
0.2845528455284553 0.6052631578947368
0.21951219512195122 0.5526315789473685
0.16260162601626016 0.4342105263157895
0.13008130081300814 0.3421052631578947
0.13008130081300814 0.22368421052631582
0.18699186991869918 0.14473684210526316
0.2926829268292683 0.14473684210526316
0.35772357723577236 0.1842105263157895
0.43902439024390244 0.23684210526315785
0.5203252032520326 0.2894736842105263
0.5772357723577236 0.35526315789473684
0.6341463414634146 0.4078947368421053
0.6829268292682927 0.4736842105263157
0.7479674796747967 0.5657894736842105
0.36585365853658536 0.8026315789473685
0.4146341463414634 0.7236842105263158
0.5365853658536586 0.7368421052631579
0.5934959349593496 0.8289473684210527
0.6666666666666666 0.8026315789473685
0.6666666666666666 0.7105263157894737
0.6097560975609756 0.6578947368421053
0.6016260162601627 0.5657894736842105
0.5609756097560976 0.5394736842105263
0.4959349593495935 0.4736842105263157
0.43089430894308944 0.4736842105263157
0.3902439024390244 0.48684210526315796
0.36585365853658536 0.5263157894736842
0.34959349593495936 0.5789473684210527
0.3252032520325203 0.618421052631579
0.5121951219512195 0.32894736842105265
0.44715447154471544 0.3157894736842105
0.34959349593495936 0.30263157894736836
0.2682926829268293 0.2894736842105263
0.17886178861788618 0.2763157894736843
}
