version: 2
n_points: 55
{
0.48492458100558644 0.15338483965014607
0.37748882681564233 0.07040816326530638
0.2679050279329608 0.016583090379009045
0.11749720670391052 0.045737609329446365
0.04229329608938537 0.1444139941690965
0.016508379888268067 0.272244897959184
0.03799720670391048 0.38886297376093326
0.07882122905027922 0.48305539358600613
0.13898324022346362 0.5615481049562685
0.21203910614525132 0.6512536443148691
0.2636089385474859 0.7476880466472307
0.34525977653631273 0.832909620991254
0.4312067039106144 0.8957026239067059
0.5128575418994412 0.9360728862973764
0.6181424581005586 0.9652274052478137
0.6997932960893853 0.9831661807580179
0.7599553072625698 0.98765306122449
0.8459022346368714 0.9854110787172015
0.9125111731843575 0.9786822157434405
0.9877178770949719 0.98765306122449
0.5644245810055865 0.42250437317784284
0.5150055865921787 0.30364431486880494
0.44624581005586583 0.2004810495626825
0.32806983240223453 0.15114285714285744
0.1948491620111731 0.16235568513119564
0.10460614525139653 0.21618075801749298
0.08311731843575411 0.32606997084548134
0.11749720670391052 0.43371720116618107
0.20559497206703897 0.5301516034985425
0.23352793296089372 0.6534985422740528
0.2872430167597764 0.7185335276967934
0.3581508379888267 0.7746005830903793
0.409717877094972 0.8239387755102043
0.46343575418994404 0.8508513119533531
0.5171536312849161 0.8867346938775513
0.6783044692737429 0.4135335276967933
0.6868994413407821 0.4785714285714288
0.6911983240223463 0.5548192419825076
0.7492122905027931 0.6310699708454813
0.7685502793296088 0.6848950437317787
0.6868994413407821 0.6961078717201169
0.5687234636871507 0.6490116618075805
0.47632960893854737 0.6714373177842569
0.3882318435754189 0.6781661807580178
0.30443296089385463 0.6579825072886301
0.2679050279329608 0.5862186588921285
0.28939385474860324 0.465113702623907
0.35170391061452505 0.440446064139942
0.4312067039106144 0.39334985422740554
0.49351675977653625 0.34401166180758047
0.20559497206703897 0.5077259475218662
0.1991480446927373 0.43371720116618107
0.186254189944134 0.36195335276967955
0.16476815642458092 0.3081282798833822
0.14328212290502781 0.24757725947521894
}
