version: 2
n_points: 55
{
0.7526666666666665 0.7437948717948714
0.8295909090909088 0.6491025641025641
0.8855303030303029 0.5504871794871793
0.9111666666666667 0.41635897435897434
0.8831969696969697 0.30197435897435865
0.8389090909090908 0.22702564102564063
0.7689848484848483 0.16784615384615365
0.666409090909091 0.15207692307692264
0.5568636363636361 0.1717948717948715
0.463621212121212 0.21123076923076922
0.35639393939393926 0.2783076923076919
0.300439393939394 0.34141025641025635
0.24450000000000005 0.40058974358974336
0.20487878787878777 0.47948717948717917
0.1629242424242422 0.5268205128205127
0.10696969696969705 0.5781025641025639
0.07899999999999996 0.6648974358974354
0.07201515151515125 0.7516666666666666
0.07666666666666666 0.8384615384615381
0.10696969696969705 0.873948717948718
0.5731666666666668 0.708282051282051
0.6454393939393938 0.7003846153846153
0.7223636363636361 0.6885641025641022
0.7922878787878788 0.6136153846153842
0.8505606060606061 0.5110512820512816
0.8505606060606061 0.41635897435897434
0.8086060606060606 0.3256410256410254
0.7456666666666667 0.27435897435897405
0.6897272727272725 0.2467435897435895
0.5988181818181817 0.2625128205128205
0.5218939393939392 0.27435897435897405
0.4706060606060607 0.2861794871794872
0.40766666666666673 0.3256410256410254
0.3354090909090909 0.37297435897435877
0.3121060606060605 0.44002564102564107
0.5032424242424243 0.7595641025641023
0.4333181818181817 0.7477179487179487
0.38669696969696954 0.7437948717948714
0.3493939393939395 0.8029487179487179
0.2957878787878787 0.8187435897435893
0.3074393939393939 0.6885641025641022
0.35406060606060596 0.6530512820512819
0.37504545454545435 0.5465384615384615
0.40766666666666673 0.47553846153846135
0.4776060606060605 0.47553846153846135
0.519560606060606 0.48343589743589704
0.5591818181818182 0.503153846153846
0.5848333333333331 0.5386666666666662
0.6034696969696971 0.5859999999999996
0.6174696969696968 0.6806666666666664
0.4566212121212121 0.3532564102564099
0.5335454545454545 0.33353846153846106
0.629121212121212 0.3137948717948718
0.7270151515151515 0.3216923076923075
0.766651515151515 0.3374615384615385
}
