version: 2
n_points: 55
{
0.6728695652173913 0.15039199999999983
0.5436086956521742 0.07688000000000011
0.38301449275362315 0.04011999999999989
0.2302463768115942 0.05741600000000017
0.13233333333333291 0.12444799999999986
0.08140579710144955 0.21525599999999986
0.07357971014492751 0.30823199999999995
0.10491304347826053 0.373096
0.12449275362318804 0.44660800000000017
0.16366666666666677 0.5222800000000002
0.2263333333333336 0.584984
0.2615942028985509 0.6390399999999999
0.2929275362318839 0.703904
0.31642028985507287 0.7709279999999998
0.4025942028985507 0.8401199999999999
0.4887681159420293 0.8876880000000001
0.5866956521739134 0.9222800000000002
0.7198695652173912 0.9611999999999998
0.8138840579710147 0.9655279999999998
0.9392173913043476 0.9093119999999999
0.6924492753623188 0.4076880000000001
0.6572028985507243 0.3168800000000001
0.6062753623188409 0.22823199999999996
0.5279420289855072 0.15903999999999996
0.41434782608695614 0.12660800000000016
0.2655072463768115 0.133096
0.17933333333333368 0.1763359999999998
0.15582608695652186 0.25417599999999996
0.1714927536231888 0.3211999999999998
0.1989130434782612 0.38823199999999997
0.2302463768115942 0.46174400000000015
0.2615942028985509 0.533096
0.2811739130434784 0.59796
0.31642028985507287 0.6455279999999998
0.38692753623188375 0.6909279999999999
0.7198695652173912 0.4357919999999999
0.6806956521739133 0.48984799999999995
0.6846231884057967 0.5741759999999999
0.7629565217391305 0.6152559999999998
0.7786231884057975 0.675792
0.6767826086956519 0.6693119999999999
0.6180289855072465 0.6368800000000001
0.5201014492753623 0.628232
0.42218840579710104 0.6066080000000001
0.34775362318840586 0.5395760000000001
0.37126086956521764 0.47903999999999997
0.4261014492753625 0.4357919999999999
0.5083623188405797 0.38606399999999985
0.590608695652174 0.37741600000000014
0.6532898550724637 0.3622800000000002
0.2576666666666666 0.4811999999999998
0.277260869565217 0.41417599999999993
0.30859420289855083 0.35579199999999994
0.3046811594202902 0.299576
0.3673478260869562 0.20011999999999988
}
