version: 2
n_points: 55
{
0.8895837320574163 0.10321938775510198
0.9466315789473685 0.2405816326530612
0.9815980861244019 0.37794387755102044
0.9871172248803828 0.4642857142857143
0.9760765550239234 0.5781020408163264
0.9392703349282296 0.7036887755102041
0.8803827751196173 0.8096530612244899
0.804933014354067 0.880295918367347
0.7258014354066986 0.9352448979591836
0.6448277511961722 0.9548673469387755
0.5730574162679426 0.9587908163265306
0.48472488038277517 0.9705663265306123
0.40927511961722485 0.9430918367346939
0.34118421052631576 0.9116938775510205
0.2528516746411483 0.8528265306122449
0.17188038277511963 0.7547091836734694
0.09274880382775119 0.5977244897959184
0.03202153110047845 0.4211122448979593
0.011777511961722498 0.2052602040816326
0.09458851674641156 0.02080102040816323
0.495767942583732 0.18170918367346944
0.5730574162679426 0.11498979591836744
0.7073971291866029 0.12676530612244896
0.7957296650717703 0.18170918367346944
0.8730215311004785 0.28767857142857134
0.9043062200956937 0.38971938775510195
0.8840622009569379 0.5820255102040817
0.8380574162679426 0.6605204081632652
0.7570861244019138 0.7547091836734694
0.672433014354067 0.8253520408163266
0.5914617224880383 0.8920714285714286
0.5160095693779905 0.9077704081632654
0.45344019138755987 0.8959948979591837
0.354066985645933 0.8057295918367346
0.23444976076555024 0.6958418367346939
0.4608014354066986 0.1071428571428571
0.3927129186602871 0.13068877551020408
0.31910287081339705 0.15816326530612246
0.27125598086124403 0.09536734693877558
0.2050047846889952 0.09144387755102046
0.22524880382775114 0.24450510204081632
0.3135813397129187 0.3386989795918367
0.344866028708134 0.47213265306122454
0.3743110047846889 0.5741734693877552
0.43687799043062203 0.6330459183673469
0.4976076555023924 0.636969387755102
0.5178516746411483 0.5113826530612244
0.5748995215311005 0.42504081632653057
0.6153851674641149 0.32299999999999995
0.6282655502392345 0.13461734693877547
0.6558708133971292 0.8057295918367346
0.6981961722488038 0.7704081632653061
0.746043062200957 0.7272346938775511
0.8067727272727272 0.6762142857142858
0.8656602870813397 0.5545510204081633
}
