version: 2
n_points: 55
{
0.8112903225806454 0.6241707317073173
0.8720322580645161 0.48797560975609766
0.9160322580645163 0.35809756097561013
0.8657580645161289 0.19973170731707368
0.7673064516129033 0.13319512195121982
0.6583870967741934 0.12687804878048775
0.5850645161290322 0.14270731707317072
0.495 0.17439024390243846
0.41749999999999987 0.22190243902439055
0.3441774193548387 0.28207317073170723
0.28343548387096784 0.34543902439024415
0.23316129032258048 0.4246097560975608
0.18498387096774183 0.4721219512195129
0.1430967741935486 0.5133170731707315
0.11375806451612902 0.5481463414634143
0.09282258064516125 0.6368536585365852
0.07396774193548405 0.7318780487804879
0.07816129032258068 0.7793902439024386
0.0970000000000002 0.8585853658536585
0.1347096774193549 0.8997560975609753
0.6038064516129034 0.6231951219512192
0.7135645161290325 0.602853658536585
0.7762903225806451 0.49446341463414695
0.8143709677419357 0.39960975609756133
0.7964516129032257 0.2844390243902434
0.7494193548387096 0.23021951219512246
0.6799677419354837 0.2234634146341458
0.6284516129032258 0.22007317073170793
0.5746774193548386 0.21329268292682937
0.5276451612903226 0.22685365853658507
0.4649193548387095 0.24717073170731743
0.4133870967741935 0.2878292682926826
0.3708225806451615 0.34541463414634094
0.3394677419354838 0.42670731707317083
0.33498387096774207 0.4809024390243899
0.5186774193548385 0.7519024390243896
0.43803225806451596 0.7620731707317074
0.38651612903225807 0.6706097560975611
0.341709677419355 0.7688536585365859
0.29914516129032254 0.7756341463414631
0.341709677419355 0.6875365853658542
0.4201129032258064 0.616414634146342
0.4156290322580646 0.514780487804878
0.4290645161290323 0.41653658536585303
0.46938709677419366 0.3352439024390245
0.5141935483870967 0.3318536585365852
0.5701935483870968 0.3657317073170733
0.6038064516129034 0.44026829268292655
0.6262096774193546 0.5079999999999993
0.6486129032258064 0.5927073170731705
0.5097096774193549 0.2573414634146338
0.5903548387096775 0.2674878048780484
0.6284516129032258 0.26409756097560916
0.6665322580645159 0.2674878048780484
0.7180483870967742 0.26409756097560916
}
