version: 2
n_points: 55
{
0.06410666666666653 0.28897972972972974
0.17179999999999984 0.15384459459459462
0.3102533333333334 0.07068918918918912
0.5102533333333334 0.03430405405405404
0.67436 0.0758851351351351
0.7923066666666667 0.1616418918918919
0.8437199999999999 0.22712837837837843
0.8503866666666666 0.28287162162162166
0.8770533333333332 0.3538175675675676
0.9070533333333333 0.4247635135135136
0.9203866666666666 0.5244256756756758
0.9170533333333333 0.6038175675675677
0.89372 0.6713851351351352
0.8470533333333333 0.740641891891892
0.7803866666666666 0.8048310810810811
0.7237199999999999 0.8588851351351352
0.64372 0.9011148648648649
0.54372 0.9298310810810811
0.4370533333333333 0.9484121621621622
0.28705333333333327 0.9703716216216217
0.1903866666666666 0.4973986486486487
0.14705333333333326 0.4348986486486487
0.13038666666666665 0.35043918918918926
0.18372 0.28793918918918926
0.25705333333333324 0.23726351351351357
0.36038666666666663 0.1882770270270271
0.4537199999999999 0.16125000000000006
0.5503866666666666 0.13591216216216223
0.6570533333333333 0.15111486486486492
0.7103866666666666 0.22543918918918926
0.75372 0.2997635135135136
0.7870533333333333 0.3605743243243244
0.8270533333333333 0.42645270270270275
0.8270533333333333 0.5244256756756758
0.75372 0.634222972972973
0.09705333333333332 0.5548310810810811
0.13371999999999995 0.6139527027027027
0.1903866666666666 0.6612500000000001
0.18372 0.7237500000000001
0.2070533333333333 0.7896283783783784
0.3103866666666666 0.767668918918919
0.39371999999999996 0.6916554054054055
0.49038666666666664 0.6291554054054055
0.5403866666666666 0.5886148648648649
0.5403866666666666 0.5159797297297298
0.5203866666666666 0.4619256756756757
0.4737199999999999 0.4247635135135136
0.37705333333333324 0.3977364864864866
0.27038666666666666 0.392668918918919
0.1870533333333333 0.3909797297297298
0.7870533333333333 0.3960472972972974
0.7237199999999999 0.3386148648648649
0.6270533333333332 0.2727364864864866
0.5303866666666666 0.22375000000000006
0.4703866666666666 0.1865878378378379
}
