version: 2
n_points: 55
{
0.0973630831643002 0.19663333333333333
0.053107505070993946 0.37845185185185193
0.02729208924949275 0.5333333333333333
0.01069574036511138 0.7151518518518518
0.040198782961460414 0.846462962962963
0.10473833671399588 0.9373740740740741
0.17849898580121704 0.9676777777777779
0.25779107505070975 0.9811444444444444
0.3518356997971601 0.9676777777777779
0.43665922920892475 0.9373740740740741
0.5270141987829614 0.8868703703703703
0.6302778904665316 0.8397296296296295
0.7077261663286006 0.7858592592592593
0.7797748478701827 0.726574074074074
0.847870182555781 0.6445629629629629
0.9116206896551726 0.5361
0.9681257606490873 0.3985333333333333
0.9913062880324542 0.26890370370370387
0.9811643002028396 0.12604444444444463
0.9391480730223124 0.014933333333333465
0.45088438133874253 0.258322222222222
0.3552596348884382 0.2715481481481481
0.26687829614604447 0.2847777777777777
0.2002312373225151 0.3509148148148149
0.1654584178498984 0.4646703703703704
0.13937931034482748 0.5651999999999999
0.12489046653143998 0.7345111111111111
0.1350324543610546 0.8403333333333333
0.19298782961460453 0.8562037037037038
0.284265720081136 0.8826592592592593
0.382787018255578 0.8853037037037036
0.4755152129817446 0.8244592592592592
0.5783833671399595 0.7768407407407408
0.6508255578093306 0.7054111111111112
0.694292089249493 0.6789555555555555
0.4262535496957404 0.08900740740740753
0.4856572008113592 0.1577925925925927
0.5494056795131845 0.20805555555555544
0.6059107505070993 0.19747407407407402
0.6899452332657201 0.1868925925925926
0.665314401622718 0.27419259259259277
0.6030141987829616 0.3271037037037037
0.5914219066937118 0.5096444444444443
0.5682413793103449 0.6075259259259258
0.4827586206896552 0.6604370370370369
0.4088661257606489 0.6657296296296297
0.33932251521298185 0.5757814814814814
0.32773022312373207 0.4699629629629629
0.33932251521298185 0.37207777777777784
0.3407707910750507 0.30594074074074085
0.4407423935091279 0.8138777777777778
0.37699188640973624 0.8165222222222223
0.3103448275862069 0.7900666666666666
0.24369776876267754 0.7530296296296296
0.17415212981744416 0.718637037037037
}
