version: 2
n_points: 55
{
0.6663846153846152 0.12288805970149243
0.5324786324786326 0.04079850746268645
0.3387435897435896 0.04079850746268645
0.17065811965811953 0.0880597014925374
0.06809401709401697 0.19005223880597003
0.050999999999999865 0.3044776119402986
0.07664102564102551 0.39900746268656706
0.12792307692307678 0.48606716417910434
0.18775213675213662 0.5532313432835824
0.2532735042735041 0.6154253731343282
0.30741025641025627 0.6726343283582092
0.3672393162393161 0.7373134328358205
0.4527094017094016 0.7995000000000003
0.5438717948717947 0.8567164179104474
0.6293418803418802 0.9014925373134325
0.7205128205128206 0.9537313432835818
0.8401709401709403 0.9661716417910446
0.9170940170940172 0.9437835820895522
0.95982905982906 0.8716417910447758
0.9341880341880343 0.7522388059701489
0.6549829059829059 0.3791044776119404
0.6378888888888887 0.3044776119402986
0.5897948717948716 0.21229104477611943
0.5143760683760685 0.1508358208955223
0.4213675213675215 0.12229850746268639
0.32584615384615406 0.12888805970149264
0.2579658119658121 0.1925373134328359
0.1875811965811966 0.2583880597014927
0.1373076923076923 0.3176492537313433
0.175008547008547 0.3988582089552239
0.21774358974358973 0.4625074626865672
0.26047863247863245 0.5305522388059706
0.3107606837606836 0.5898134328358207
0.3534957264957263 0.6534701492537317
0.459076923076923 0.717119402985075
0.7205128205128206 0.39227611940298507
0.7381111111111109 0.4778731343283584
0.7406239316239318 0.5459179104477614
0.7934102564102565 0.596402985074627
0.8562564102564104 0.6556641791044779
0.7481623931623934 0.6578582089552241
0.675264957264957 0.6227388059701493
0.537 0.6293208955223877
0.459076923076923 0.6029850746268653
0.41634188034188024 0.5503059701492536
0.38868376068376065 0.48665671641791036
0.40879487179487184 0.4383656716417909
0.4766752136752138 0.40983582089552245
0.5445470085470084 0.3637388059701491
0.599846153846154 0.2978955223880598
0.2730512820512821 0.5042164179104477
0.2554529914529913 0.4317835820895521
0.2454017094017093 0.3681268656716418
0.24791452991452967 0.3198432835820894
0.25042735042735054 0.24960447761194032
}
