version: 2
n_points: 55
{
0.1498902821316616 0.3310398230088498
0.0761316614420061 0.49501769911504434
0.0171222570532915 0.6277610619469027
0.018965517241379168 0.8255752212389382
0.07797492163009412 0.92708407079646
0.14804702194357358 0.9661283185840709
0.2273385579937303 0.9739336283185842
0.3010971786833854 0.9479070796460176
0.37116927899686525 0.8880398230088495
0.44308777429467094 0.8568097345132744
0.5260658307210033 0.817765486725664
0.6090470219435739 0.7813274336283188
0.6864952978056426 0.724066371681416
0.7620971786833853 0.6459823008849556
0.8561410658307208 0.5106327433628319
0.9243699059561129 0.4195353982300888
0.9667805642633229 0.3180265486725665
0.9870658307210032 0.19829646017699143
0.9667805642633229 0.10199115044247764
0.9428087774294673 0.018703539823008763
0.39514106583072084 0.36487610619469024
0.29925391849529775 0.3700840707964602
0.22180564263322874 0.42213716814159297
0.16279937304075232 0.5236504424778763
0.13145141065830718 0.6173495575221237
0.13145141065830718 0.7214601769911502
0.1572664576802508 0.8333849557522125
0.2162758620689654 0.8828362831858405
0.29003448275862054 0.8542035398230087
0.3674827586206899 0.8047522123893807
0.45415047021943583 0.7735176991150445
0.5352852664576805 0.7266681415929203
0.5998275862068967 0.6798185840707964
0.6680532915360499 0.6147477876106194
0.7491912225705328 0.5548805309734515
0.4172695924764888 0.273778761061947
0.4725893416927902 0.2919999999999998
0.5850752351097176 0.2659690265486727
0.6422382445141066 0.1930929203539824
0.6901818181818179 0.16446017699115045
0.6643667711598746 0.2477522123893804
0.6145768025078369 0.35186283185840694
0.6127335423197492 0.4585796460176992
0.5869184952978059 0.5288539823008848
0.516846394984326 0.5678982300884957
0.4744357366771161 0.575703539823009
0.426489028213166 0.5626902654867256
0.37670219435736646 0.5288539823008848
0.33797805642633244 0.5028274336283186
0.31400626959247613 0.4403584070796458
0.40436363636363626 0.7813274336283188
0.34535423197492127 0.7683141592920355
0.3066300940438873 0.7995442477876107
0.24209090909090902 0.8203672566371683
0.17017554858934153 0.778725663716814
}
