version: 2
n_points: 55
{
0.2543084577114427 0.03817886178861807
0.1591343283582089 0.1760325203252031
0.07909950248756219 0.32803252032520336
0.02501990049751242 0.49769918699186977
0.027184079601990045 0.6532357723577237
0.08991044776119404 0.8123008130081302
0.174273631840796 0.9183495934959349
0.2629601990049752 0.9572276422764225
0.3451592039800995 0.9466260162601626
0.4641293532338309 0.9324878048780489
0.5463283582089553 0.9112764227642276
0.6458308457711444 0.8829999999999998
0.725865671641791 0.8405772357723579
0.7821044776119401 0.7804878048780488
0.8405074626865672 0.7027235772357724
0.8967462686567164 0.6390975609756095
0.952990049751244 0.5436585365853659
0.9755671641791047 0.44601626016260176
0.9704228855721391 0.3591056910569107
0.9515472636815919 0.2862195121951219
0.40257213930348246 0.2834146341463416
0.31336318407960195 0.2778048780487806
0.24988557213930335 0.3030406504065041
0.18469154228855716 0.37592682926829246
0.13494029850746264 0.48246341463414644
0.10577611940298519 0.6226341463414635
0.11264179104477622 0.7572032520325205
0.15896019900497524 0.8469105691056912
0.24302487562189062 0.9057886178861787
0.3236567164179105 0.8973739837398375
0.3939900497512438 0.8889674796747968
0.4626169154228855 0.8721463414634146
0.5363830845771144 0.8553252032520324
0.5947114427860696 0.8328943089430896
0.6633333333333332 0.7908455284552846
0.4403134328358208 0.1600650406504064
0.49178109452736324 0.2385609756097562
0.5912835820895523 0.2834146341463416
0.6564726368159205 0.27220325203252027
0.7045074626865672 0.2890243902439026
0.6770597014925374 0.42078861788617894
0.6050049751243781 0.47685365853658557
0.5878507462686567 0.5861869918699187
0.5672636815920397 0.6759024390243904
0.5243731343283582 0.6815121951219514
0.48834825870646775 0.6394552845528456
0.46776119402985067 0.5889918699186993
0.43001990049751254 0.5161056910569105
0.39742288557213934 0.43760975609756114
0.37683582089552253 0.30023577235772336
0.606721393034826 0.7740243902439023
0.5432437810945274 0.8188780487804876
0.45060696517412935 0.8244878048780486
0.3511044776119403 0.7403821138211383
0.2567462686567164 0.6562764227642275
}
