version: 2
n_points: 55
{
0.2331844660194172 0.3720799999999993
0.1360970873786405 0.44320000000000015
0.07136893203883495 0.5498666666666667
0.0519514563106796 0.6920799999999994
0.1069708737864075 0.8209733333333331
0.2040582524271842 0.9009733333333331
0.304378640776699 0.9320799999999994
0.4144077669902915 0.9232000000000001
0.5017864077669906 0.8743066666666663
0.6150582524271845 0.8298666666666668
0.7024368932038835 0.7720799999999993
0.767165048543689 0.6920799999999994
0.8157087378640774 0.6165333333333334
0.854543689320388 0.518746666666666
0.8933786407766987 0.4476399999999997
0.9322135922330095 0.3720799999999993
0.9580970873786411 0.2832000000000001
0.9483883495145634 0.21207999999999927
0.9322135922330095 0.1320799999999993
0.8966116504854369 0.0609733333333331
0.5147378640776696 0.358746666666666
0.4144077669902915 0.3898666666666668
0.29466990291262135 0.44320000000000015
0.20081553398058277 0.518746666666666
0.14256310679611675 0.598746666666666
0.12638834951456285 0.6787466666666659
0.17493203883495118 0.7854133333333326
0.2687766990291265 0.8343066666666664
0.3691067961165046 0.8520799999999993
0.4467766990291259 0.8209733333333331
0.5438640776699026 0.7720799999999993
0.6150582524271845 0.7320799999999994
0.6894951456310677 0.6743066666666664
0.7218543689320388 0.6032000000000002
0.7509805825242718 0.5276399999999997
0.46295145631067985 0.2565333333333335
0.5309126213592236 0.2876399999999997
0.5891650485436896 0.30541333333333265
0.6377087378640779 0.24320000000000008
0.7186213592233007 0.24763999999999975
0.7024368932038835 0.34986666666666677
0.6538932038834951 0.4209733333333331
0.6862524271844662 0.5232000000000001
0.6344757281553398 0.598746666666666
0.5568058252427185 0.6432000000000001
0.505029126213592 0.6432000000000001
0.4532427184466022 0.6076399999999997
0.42088349514563106 0.5632000000000001
0.40146601941747573 0.5054133333333326
0.37881553398058226 0.4343066666666664
0.4888446601941748 0.7676399999999997
0.4305922330097087 0.7632000000000001
0.3561553398058255 0.7454133333333326
0.275252427184466 0.7365333333333335
0.20081553398058277 0.7276399999999997
}
