version: 2
n_points: 55
{
0.4194574468085104 0.09689947089947101
0.5386063829787235 0.07150264550264555
0.6620106382978721 0.041873015873015805
0.8024361702127657 0.029174603174603228
0.9173297872340423 0.07785185185185184
0.9386063829787232 0.17097354497354508
0.921585106382979 0.24928042328042316
0.9130744680851065 0.3487513227513227
0.8662659574468082 0.43340740740740735
0.8279680851063831 0.5286455026455026
0.7854148936170213 0.6133015873015872
0.7130744680851063 0.6852592592592593
0.6364787234042554 0.772031746031746
0.5258404255319147 0.8503386243386246
0.4237127659574469 0.9074814814814816
0.32584042553191506 0.9371111111111113
0.22796808510638267 0.9646243386243384
0.14286170212765925 0.975206349206349
0.0662659574468083 0.9603915343915345
0.04498936170212753 0.9095978835978835
0.35988297872340436 0.3931957671957673
0.43222340425531935 0.31912169312169325
0.4875425531914894 0.25351322751322747
0.5641382978723404 0.17097354497354508
0.679031914893617 0.12017989417989418
0.7981808510638297 0.1032486772486773
0.8917978723404256 0.14769312169312163
0.8747765957446807 0.226
0.8364787234042556 0.30853968253968267
0.8279680851063831 0.38261375661375674
0.7811595744680848 0.46938624338624335
0.7471170212765956 0.5307619047619049
0.7045638297872339 0.6027195767195767
0.6534999999999997 0.6535132275132276
0.5939255319148937 0.7064232804232805
0.3173297872340426 0.43129100529100534
0.34286170212765943 0.48420105820105824
0.32158510638297855 0.5434603174603174
0.2449893617021276 0.5921375661375661
0.18541489361702101 0.6535132275132276
0.2662659574468085 0.6852592592592593
0.3769042553191486 0.6386984126984127
0.5173297872340428 0.6302328042328041
0.610946808510638 0.604835978835979
0.6534999999999997 0.5434603174603174
0.6577553191489363 0.47785185185185197
0.6620106382978721 0.42917460317460304
0.6237127659574471 0.3868465608465607
0.5726489361702128 0.350867724867725
0.5003085106382978 0.3254708994708995
0.7726489361702129 0.4122433862433862
0.7471170212765956 0.35298412698412696
0.738606382978723 0.2979576719576721
0.7173297872340423 0.2217671957671957
0.7045638297872339 0.1625079365079365
}
