version: 2
n_points: 55
{
0.2260588235294111 0.2163333333333331
0.3564705882352942 0.11150925925925932
0.5451470588235301 0.04687037037037048
0.7005294117647054 0.04861111111111111
0.8226176470588233 0.0957870370370373
0.8892205882352939 0.17789814814814836
0.9197352941176475 0.2722314814814816
0.9225147058823528 0.36133333333333334
0.9114117647058824 0.45217592592592576
0.8864411764705885 0.5325462962962961
0.8253970588235287 0.6216388888888889
0.7532500000000001 0.6915185185185188
0.681117647058824 0.7439351851851854
0.5479264705882355 0.8015833333333335
0.5090882352941184 0.8662222222222224
0.4619117647058819 0.9168888888888889
0.3647941176470594 0.9570740740740739
0.24270588235294144 0.9518333333333333
0.1788970588235289 0.9378518518518519
0.0706764705882359 0.913398148148148
0.3120735294117648 0.49935185185185194
0.28988235294117626 0.41374074074074096
0.3120735294117648 0.3386203703703706
0.34538235294117636 0.27398148148148127
0.39254411764705854 0.22681481481481464
0.4757794117647052 0.17789814814814836
0.5839999999999999 0.13247222222222238
0.6949852941176473 0.1412037037037037
0.7726764705882357 0.16741666666666682
0.8059705882352948 0.2337962962962963
0.8059705882352948 0.3281388888888891
0.8253970588235287 0.41549074074074066
0.7893235294117644 0.49935185185185194
0.7366029411764714 0.5797129629629628
0.6283970588235293 0.6618240740740738
0.15114705882352975 0.4504351851851851
0.19554411764705915 0.4923611111111112
0.20108823529411735 0.5919444444444445
0.1344999999999994 0.6792962962962961
0.16779411764705832 0.7159814814814817
0.2510294117647066 0.6932685185185185
0.34260294117647094 0.658324074074074
0.414735294117647 0.6338703703703706
0.5257352941176471 0.5989259259259262
0.5701323529411766 0.5867037037037035
0.6061911764705883 0.5220555555555556
0.5784558823529418 0.4661574074074077
0.5312794117647052 0.41374074074074096
0.4397205882352935 0.3910370370370373
0.33704411764705855 0.35609259259259285
0.7504852941176473 0.47488888888888897
0.7449264705882349 0.3945277777777776
0.7310588235294115 0.32464814814814824
0.7060882352941178 0.26524999999999993
0.678338235294117 0.2023518518518517
}
