version: 2
n_points: 55
{
0.9624960000000001 0.12796442687747037
0.8374960000000001 0.06126482213438735
0.7124960000000001 0.021739130434782608
0.5674960000000001 0.0291501976284585
0.4674960000000001 0.046442687747035576
0.39249600000000007 0.09090909090909091
0.2924960000000001 0.15019762845849802
0.2324960000000001 0.20454545454545456
0.2124960000000001 0.2910079051383399
0.1874960000000001 0.35523715415019763
0.16249600000000008 0.41452569169960474
0.1124960000000001 0.48122529644268774
0.07749600000000009 0.5454545454545454
0.06249600000000009 0.6195652173913043
0.047496000000000094 0.7060276679841897
0.09249600000000009 0.8073122529644269
0.1574960000000001 0.8913043478260869
0.2424960000000001 0.9431818181818182
0.3674960000000001 0.9777667984189723
0.4824960000000001 0.982707509881423
0.7824960000000001 0.47134387351778656
0.8074960000000001 0.40711462450592883
0.8074960000000001 0.3181818181818182
0.7874960000000001 0.25148221343873517
0.7224960000000001 0.19219367588932806
0.612496 0.15019762845849802
0.4974960000000001 0.11808300395256917
0.4324960000000001 0.1650197628458498
0.3224960000000001 0.2366600790513834
0.3224960000000001 0.2984189723320158
0.2974960000000001 0.36264822134387353
0.2574960000000001 0.41946640316205536
0.2074960000000001 0.48122529644268774
0.1424960000000001 0.5528656126482213
0.1374960000000001 0.6269762845849802
0.737496 0.508399209486166
0.6674960000000001 0.5479249011857708
0.5874960000000001 0.6269762845849802
0.627496 0.6986166007905138
0.612496 0.7702569169960475
0.502496 0.7579051383399209
0.4274960000000001 0.6912055335968379
0.3574960000000001 0.6195652173913043
0.2774960000000001 0.5775691699604744
0.3274960000000001 0.5133399209486166
0.4724960000000001 0.48122529644268774
0.5674960000000001 0.4589920948616601
0.622496 0.39723320158102765
0.6724960000000001 0.350296442687747
0.7924960000000001 0.33547430830039526
0.3474960000000001 0.350296442687747
0.39249600000000007 0.308300395256917
0.4374960000000001 0.24654150197628458
0.4774960000000001 0.21195652173913043
0.5624960000000001 0.17490118577075098
}
