version: 2
n_points: 55
{
0.7941176470588236 0.729381443298969
0.8663101604278075 0.595360824742268
0.9491978609625669 0.40463917525773196
0.9732620320855615 0.2190721649484536
0.9224598930481284 0.09536082474226804
0.8449197860962567 0.059278350515463915
0.7593582887700535 0.07989690721649484
0.679144385026738 0.14175257731958762
0.5828877005347594 0.18814432989690721
0.4786096256684492 0.23969072164948454
0.3877005347593583 0.2912371134020619
0.30213903743315507 0.3582474226804124
0.2272727272727273 0.44072164948453607
0.16844919786096257 0.5128865979381443
0.10160427807486627 0.5798969072164949
0.053475935828877 0.6520618556701031
0.024064171122994638 0.7448453608247423
0.03208556149732622 0.8427835051546392
0.048128342245989275 0.8891752577319587
0.0668449197860963 0.9561855670103093
0.6338663101604278 0.68679381443299
0.6998235294117647 0.6180618556701031
0.7657754010695187 0.5184020618556704
0.8210320855614974 0.40500000000000025
0.8406417112299465 0.29847422680412367
0.8531176470588236 0.15757731958762913
0.7907326203208558 0.15414432989690718
0.722994652406417 0.19538144329896906
0.66951871657754 0.22287628865979411
0.6106951871657753 0.21256701030927863
0.550090909090909 0.21256701030927863
0.45026737967914465 0.27442268041237144
0.41640106951871636 0.31221649484536107
0.3789679144385024 0.37407216494845386
0.34509625668449206 0.4324948453608247
0.4594331550802139 0.8225257731958765
0.42633155080213925 0.7734329896907219
0.3779465240641714 0.7636185567010312
0.31683422459893074 0.8274329896907219
0.29818716577540094 0.8304536082474224
0.31669518716577527 0.7868453608247424
0.37634224598930466 0.7352989690721651
0.4010267379679142 0.6639278350515465
0.4071978609625666 0.5528969072164945
0.43187700534759343 0.4299793814432992
0.5141497326203206 0.33085567010309297
0.5779090909090907 0.33085567010309297
0.641668449197861 0.37447422680412384
0.674577540106952 0.4735979381443301
0.6930855614973264 0.5846185567010312
0.684860962566845 0.23569072164948476
0.728053475935829 0.26741237113402083
0.7650748663101605 0.27534020618556726
0.7959251336898396 0.29120618556701044
0.8185508021390375 0.29120618556701044
}
