version: 2
n_points: 55
{
0.8069386973180076 0.696875
0.8899540229885058 0.5649312500000001
0.9623256704980844 0.39131874999999994
0.9793524904214559 0.259375
0.9516819923371648 0.15173750000000014
0.9005977011494255 0.0996500000000001
0.826095785440613 0.054512499999999874
0.7366973180076629 0.03715000000000011
0.647295019157088 0.054512499999999874
0.5493831417624522 0.10659999999999989
0.4429540229885057 0.1378499999999999
0.3684559386973181 0.1934000000000001
0.2854406130268199 0.25243125000000005
0.193911877394636 0.37743125000000005
0.10663984674329485 0.5197937499999998
0.05555555555555558 0.6725687499999999
0.01937164750957865 0.7767375000000001
0.017241379310344862 0.8392375000000001
0.025754789272030565 0.9052062500000002
0.04065517241379302 0.9711812500000001
0.6196245210727969 0.7107624999999999
0.6941264367816093 0.6274312500000001
0.764367816091954 0.5267375000000001
0.8069386973180076 0.415625
0.8558965517241379 0.31493125000000005
0.8409961685823755 0.196875
0.7728812260536397 0.15868125000000005
0.6834827586206897 0.14826249999999988
0.6047241379310344 0.15173750000000014
0.5366130268199235 0.18298750000000014
0.4982988505747128 0.2246500000000001
0.4280536398467433 0.24548750000000014
0.38335632183908064 0.2871500000000001
0.3641992337164752 0.36354374999999983
0.30034099616858245 0.4121500000000001
0.5813103448275861 0.7871500000000001
0.5366130268199235 0.7559000000000001
0.4344406130268199 0.7385437499999998
0.3641992337164752 0.7975687499999999
0.313111111111111 0.8635437499999998
0.31736781609195386 0.7767375000000001
0.3641992337164752 0.6829875000000001
0.3684559386973181 0.6065999999999999
0.3939961685823754 0.5232624999999999
0.4386973180076629 0.45381874999999994
0.5046819923371646 0.40868125000000005
0.5578965517241379 0.3809000000000001
0.6025977011494253 0.43993125000000005
0.6451685823754789 0.49548750000000014
0.6792260536398469 0.5961812500000001
0.6260114942528736 0.18645625000000016
0.677095785440613 0.2003499999999999
0.738823754789272 0.23506874999999994
0.796295019157088 0.24895625000000016
0.8367394636015326 0.27326249999999985
}
