version: 2
n_points: 55
{
0.9393088685015291 0.3417377049180328
0.9745932721712538 0.4594371584699454
0.9840030581039756 0.6065573770491803
0.9534220183486238 0.7494754098360655
0.9110795107033639 0.804120218579235
0.8616788990825688 0.8587650273224043
0.802868501529052 0.9134098360655738
0.7393547400611621 0.95124043715847
0.6664311926605504 0.9680546448087431
0.5958593272171253 0.9260218579234972
0.5323455657492355 0.8839836065573771
0.46647706422018353 0.8419508196721311
0.37944036697247707 0.8209344262295082
0.28299082568807343 0.7578797814207651
0.1865443425076453 0.6864207650273224
0.12538226299694188 0.5561147540983606
0.07362996941896027 0.4047923497267759
0.03128746177370034 0.24506010928961752
0.012467889908256868 0.12315846994535529
0.01952599388379206 0.026480874316939906
0.5394036697247706 0.2618743169398907
0.6405565749235473 0.29970491803278687
0.7228899082568807 0.35434972677595633
0.7911070336391437 0.4258087431693989
0.8381559633027523 0.4846557377049181
0.8640305810397554 0.5813387978142076
0.826394495412844 0.6906284153005464
0.7864036697247706 0.7999180327868852
0.6570214067278288 0.8587650273224043
0.5817461773700305 0.8377486338797814
0.5441070336391438 0.804120218579235
0.4735351681957186 0.7957103825136612
0.40531498470948013 0.7746939890710383
0.3465076452599388 0.7200491803278689
0.28299082568807343 0.6065573770491803
0.5370489296636085 0.07272131147540983
0.4923547400611621 0.13997267759562848
0.39355351681957185 0.12736612021857918
0.2994587155963303 0.07272131147540983
0.26181957186544347 0.02227868852459014
0.2571162079510704 0.13577049180327871
0.3041651376146789 0.24085792349726776
0.31827828746177367 0.3585519125683061
0.33003975535168195 0.46363934426229514
0.39825993883792044 0.5603169398907104
0.46412538226299693 0.6443879781420765
0.5417553516819571 0.6485901639344263
0.6029174311926606 0.5771311475409837
0.6382018348623854 0.44682513661202183
0.6570214067278288 0.3291311475409836
0.5723363914373089 0.7873060109289618
0.6334984709480123 0.7536775956284153
0.689954128440367 0.7368633879781421
0.7417064220183487 0.7200491803278689
0.7887553516819572 0.699032786885246
}
