version: 2
n_points: 55
{
0.8498571428571428 0.20340666666666682
0.7338571428571429 0.12648666666666675
0.5446031746031746 0.05212666666666678
0.3126190476190475 0.03674000000000016
0.11725396825396826 0.10854000000000004
0.08673015873015871 0.19571333333333352
0.10504761904761897 0.2880266666666667
0.1477777777777778 0.3931533333333334
0.1477777777777778 0.4726400000000001
0.15388888888888877 0.5726400000000001
0.16609523809523807 0.6316133333333335
0.22714285714285717 0.6880266666666667
0.2576666666666667 0.7470000000000001
0.3187142857142856 0.7957133333333335
0.3736666666666666 0.8495600000000002
0.4347142857142857 0.9034066666666668
0.5384920634920635 0.9495600000000002
0.6666984126984129 0.9726400000000001
0.8254285714285716 0.9700733333333335
0.9292222222222222 0.9187933333333335
0.8986984126984127 0.4367400000000002
0.8376349206349204 0.3598200000000001
0.7155396825396827 0.2752066666666667
0.5690158730158732 0.20340666666666682
0.41028571428571425 0.14443333333333347
0.2576666666666667 0.10597333333333343
0.20271428571428574 0.1675133333333334
0.18441269841269833 0.23418000000000005
0.20271428571428574 0.2957133333333335
0.23325396825396816 0.35212666666666675
0.221031746031746 0.41366666666666674
0.2149365079365079 0.45982000000000006
0.22714285714285717 0.5239200000000002
0.2698730158730158 0.5905866666666668
0.3187142857142856 0.6444333333333335
0.9047936507936509 0.49058666666666684
0.8559523809523811 0.5649466666666668
0.794904761904762 0.6495600000000001
0.9292222222222222 0.7085400000000001
0.9047936507936509 0.7572533333333334
0.7888095238095237 0.7187933333333334
0.7277460317460319 0.6572533333333335
0.5812380952380951 0.6264866666666667
0.453031746031746 0.6136666666666667
0.36144444444444446 0.5495600000000002
0.3187142857142856 0.4700733333333335
0.33703174603174607 0.41110000000000013
0.4591269841269841 0.3777666666666668
0.5995396825396824 0.3649466666666668
0.7582698412698411 0.35469333333333336
0.2637777777777777 0.35212666666666675
0.29430158730158723 0.3034066666666668
0.30650793650793656 0.2598200000000001
0.3309206349206349 0.21110000000000015
0.30650793650793656 0.1700733333333335
}
