version: 2
n_points: 55
{
0.8219801324503313 0.42943902439024384
0.9165894039735097 0.5557439024390244
0.961523178807947 0.7299634146341463
0.9497019867549668 0.8649878048780488
0.9071258278145695 0.9172439024390244
0.8243443708609272 0.9390243902439024
0.7321059602649007 0.9303170731707318
0.6540529801324504 0.9085365853658537
0.5499867549668874 0.899829268292683
0.4601059602649007 0.8736951219512195
0.38678807947019844 0.8388536585365853
0.30873509933774856 0.7865853658536586
0.2503708609271522 0.7287682926829269
0.19054966887417235 0.6461585365853659
0.1307350993377483 0.559609756097561
0.08373509933774836 0.48093902439024405
0.04742384105960262 0.374719512195122
0.032463576158940355 0.2370365853658538
0.05169536423841048 0.11901219512195105
0.09655629139072841 0.060012195121951106
0.5943112582781456 0.3117804878048781
0.6626754966887418 0.4101219512195121
0.7502649006622518 0.5517439024390243
0.8143509933774833 0.6815609756097561
0.8463973509933773 0.787780487804878
0.8271655629139072 0.8743292682926829
0.7566688741721854 0.8546585365853658
0.6883112582781457 0.8271219512195122
0.6049933774834436 0.7995853658536586
0.5238145695364238 0.7956463414634145
0.46613245033112594 0.7799146341463414
0.3849536423841059 0.7523780487804878
0.318728476821192 0.6815609756097561
0.27386754966887406 0.6225609756097561
0.24182119205298003 0.5517439024390243
0.5515894039735101 0.3157073170731708
0.49113245033112585 0.35848780487804865
0.3917947019867549 0.37678048780487794
0.3189470198675497 0.26092682926829247
0.2734900662251657 0.2643536585365853
0.3136225165562916 0.3530365853658538
0.3457350993377485 0.4528170731707317
0.37583443708609254 0.5415121951219513
0.4158013245033113 0.5758292682926828
0.4574304635761589 0.5827926829268291
0.5085165562913907 0.572341463414634
0.5596026490066226 0.5409878048780487
0.5993377483443709 0.49917073170731696
0.6277218543046358 0.46432926829268284
0.6296158940397352 0.41903658536585353
0.49716556291390734 0.7639756097560976
0.5633907284768211 0.7500365853658537
0.6201523178807945 0.7151951219512196
0.6807019867549668 0.6942926829268292
0.7431456953642382 0.6664146341463415
}
