version: 2
n_points: 55
{
0.054217821782178155 0.13625974025974025
0.2710990099009898 0.0702943722943723
0.47854455445544586 0.024943722943722945
0.6435643564356436 0.029064935064935057
0.8274356435643564 0.08472294372294371
0.9217326732673268 0.16718181818181818
0.950019801980198 0.25582251082251095
0.9358811881188119 0.3692034632034632
0.8981584158415842 0.47639826839826843
0.8604455445544554 0.5588528138528139
0.8227227722772277 0.6351255411255411
0.7708613861386141 0.7031558441558441
0.7048514851485148 0.7753030303030304
0.6529900990099009 0.8185930735930738
0.6105643564356433 0.8783766233766233
0.5256930693069309 0.9237272727272726
0.40310891089108913 0.9649567099567098
0.26638613861386107 0.9793852813852814
0.15322772277227725 0.9587705627705627
0.0872277227722773 0.9092987012987013
0.15322772277227725 0.5052554112554113
0.16737623762376208 0.396
0.1720891089108908 0.2908658008658009
0.2805247524752478 0.20222510822510822
0.41725742574257396 0.14656709956709957
0.5728415841584161 0.11152380952380953
0.7001386138613861 0.12595238095238095
0.7708613861386141 0.15481385281385282
0.8321584158415842 0.2249004329004329
0.851009900990099 0.27643722943722954
0.8227227722772277 0.35683549783549773
0.7991485148514852 0.45165800865800876
0.7755742574257428 0.5361774891774893
0.7472871287128713 0.6206969696969695
0.6624257425742572 0.6722337662337663
0.04950495049504955 0.5052554112554113
0.11079207920792078 0.5444242424242425
0.120227722772277 0.696969696969697
0.04950495049504955 0.7423203463203463
0.07779207920792108 0.7897359307359306
0.1815148514851488 0.7340735930735932
0.21452475247524727 0.6578008658008658
0.37482178217821804 0.6413116883116882
0.47383168316831714 0.6103896103896104
0.47383168316831714 0.56091341991342
0.43139603960396067 0.5031948051948052
0.388970297029703 0.45784415584415583
0.32767326732673296 0.4248614718614717
0.2710990099009898 0.40630735930735945
0.190950495049505 0.39806060606060606
0.7001386138613861 0.5485454545454546
0.7284257425742577 0.4413506493506493
0.6718514851485151 0.3382813852813852
0.5869900990099011 0.259948051948052
0.46440594059405915 0.1816103896103896
}
