version: 2
n_points: 55
{
0.7282295081967213 0.21120212765957455
0.6286967213114756 0.13331382978723397
0.4852540983606559 0.059223404255319224
0.3271721311475412 0.026930851063829725
0.22471311475409853 0.036425531914893686
0.136893442622951 0.06302127659574475
0.07249180327868848 0.12001595744680844
0.04614754098360652 0.19410106382978715
0.04907377049180347 0.2871861702127659
0.0783442622950819 0.37267553191489355
0.13104098360655755 0.48475531914893627
0.20715573770491824 0.5987393617021276
0.3008278688524592 0.6994202127659573
0.40913934426229526 0.7868085106382977
0.5028196721311475 0.8551968085106385
0.5789344262295082 0.9254840425531914
0.7048114754098362 0.9748776595744684
0.8248360655737704 0.9729787234042551
0.9155819672131149 0.9140851063829785
0.9653524590163937 0.8475957446808509
0.6316229508196721 0.397372340425532
0.6199180327868852 0.3099840425531914
0.56722131147541 0.2168989361702127
0.4794016393442625 0.15801063829787243
0.3593770491803278 0.12191489361702136
0.21300819672131166 0.13141489361702136
0.1398196721311475 0.15801063829787243
0.11347540983606552 0.2245000000000001
0.1222540983606559 0.33278191489361697
0.16617213114754117 0.4277659574468086
0.19251639344262314 0.49615425531914886
0.23935245901639363 0.5607446808510639
0.3008278688524592 0.6196329787234042
0.37401639344262294 0.6785265957446808
0.4852540983606559 0.7070212765957444
0.7165163934426231 0.4087659574468086
0.6667540983606557 0.46386170212765965
0.6901721311475412 0.558845744680851
0.7897049180327869 0.615835106382979
0.8014180327868854 0.6804255319148934
0.7018852459016393 0.6576276595744681
0.634549180327869 0.6063351063829786
0.5320901639344264 0.6063351063829786
0.432565573770492 0.5930372340425532
0.3827950819672133 0.5531436170212766
0.40328688524590184 0.4809574468085107
0.43549180327868847 0.4201648936170212
0.4881803278688524 0.36887234042553196
0.5379508196721311 0.34227659574468094
0.6140573770491805 0.3194840425531914
0.1749508196721311 0.4068670212765957
0.19836885245901656 0.35367553191489354
0.21008196721311473 0.2852872340425533
0.22471311475409853 0.21500000000000008
0.24813934426229528 0.1675053191489361
}
