version: 2
n_points: 55
{
0.8813559322033898 0.46153846153846156
0.9152542372881356 0.5576923076923077
0.9152542372881356 0.6730769230769231
0.8813559322033898 0.7884615384615384
0.8305084745762712 0.8461538461538461
0.7796610169491526 0.8846153846153846
0.6779661016949152 0.9038461538461539
0.5932203389830508 0.9038461538461539
0.5084745762711864 0.8461538461538461
0.4067796610169492 0.7884615384615384
0.3220338983050848 0.7115384615384616
0.23728813559322037 0.6346153846153846
0.18644067796610164 0.5384615384615384
0.13559322033898302 0.46153846153846156
0.10169491525423724 0.3846153846153846
0.0847457627118644 0.3076923076923077
0.0847457627118644 0.25
0.0847457627118644 0.1923076923076923
0.11864406779661019 0.13461538461538458
0.13559322033898302 0.09615384615384615
0.5423728813559322 0.40384615384615385
0.6271186440677966 0.3846153846153846
0.6949152542372881 0.42307692307692313
0.7796610169491526 0.46153846153846156
0.8135593220338984 0.5192307692307692
0.8305084745762712 0.5961538461538461
0.8305084745762712 0.6538461538461539
0.8135593220338984 0.7307692307692308
0.7627118644067796 0.8076923076923077
0.6779661016949152 0.8269230769230769
0.5593220338983051 0.8076923076923077
0.4576271186440678 0.7692307692307692
0.3728813559322034 0.6923076923076923
0.3220338983050848 0.6153846153846154
0.288135593220339 0.5192307692307692
0.576271186440678 0.32692307692307687
0.5084745762711864 0.3653846153846154
0.4576271186440678 0.34615384615384615
0.4067796610169492 0.2692307692307693
0.3389830508474576 0.2692307692307693
0.3220338983050848 0.34615384615384615
0.3728813559322034 0.42307692307692313
0.3728813559322034 0.5
0.4067796610169492 0.5769230769230769
0.47457627118644063 0.5769230769230769
0.5593220338983051 0.5384615384615384
0.6101694915254237 0.5
0.6610169491525424 0.46153846153846156
0.6779661016949152 0.4423076923076923
0.6949152542372881 0.42307692307692313
0.44067796610169496 0.6923076923076923
0.5084745762711864 0.7115384615384616
0.6101694915254237 0.7115384615384616
0.711864406779661 0.7307692307692308
0.7627118644067796 0.7307692307692308
}
