version: 2
n_points: 55
{
0.8482962962962961 0.708695652173913
0.8938814814814813 0.5707282608695653
0.9366148148148147 0.4285869565217392
0.9565629629629632 0.29898913043478265
0.9309185185185184 0.19029347826086962
0.851148148148148 0.11086956521739118
0.7514296296296294 0.06488043478260863
0.6602666666666668 0.06905434782608705
0.5690962962962961 0.11922826086956516
0.46368148148148136 0.1526739130434782
0.3810592592592591 0.1861195652173912
0.3012888888888887 0.27808695652173915
0.24145925925925915 0.34916304347826077
0.1702370370370373 0.41186956521739126
0.09045925925925913 0.49547826086956526
0.05627407407407392 0.6292608695652173
0.03063703703703724 0.742141304347826
0.03063703703703724 0.8633695652173914
0.08761481481481459 0.9386195652173914
0.1645333333333332 0.951163043478261
0.5349037037037037 0.6961521739130434
0.6289259259259257 0.6668804347826088
0.7400370370370368 0.5958152173913043
0.8311999999999999 0.4871195652173913
0.888185185185185 0.3742391304347827
0.8710888888888888 0.25718478260869565
0.8112592592592591 0.19029347826086962
0.6973037037037039 0.16939130434782612
0.6032814814814813 0.19029347826086962
0.5178148148148146 0.22373913043478263
0.4608296296296296 0.26136956521739124
0.4038518518518517 0.30317391304347824
0.3554222222222224 0.36588043478260873
0.31838518518518544 0.43277173913043476
0.2870444444444443 0.4996630434782608
0.5206592592592592 0.7379565217391304
0.47222962962962944 0.7128695652173913
0.4123999999999999 0.6877934782608695
0.3582666666666665 0.783945652173913
0.31268148148148145 0.7881195652173913
0.31268148148148145 0.7128695652173913
0.3810592592592591 0.6209021739130434
0.378214814814815 0.5080217391304348
0.42094814814814796 0.4202282608695652
0.4807777777777775 0.3617065217391303
0.5463037037037035 0.34916304347826077
0.5833407407407405 0.4035108695652173
0.5890370370370369 0.4871195652173913
0.5804888888888888 0.5749130434782608
0.6032814814814813 0.6418043478260869
0.5263629629629631 0.27391304347826073
0.6089777777777776 0.3073586956521738
0.6460148148148147 0.36588043478260873
0.7086962962962962 0.37006521739130427
0.7799185185185185 0.39096739130434777
}
