version: 2
n_points: 55
{
0.2167499999999999 0.15103225806451603
0.36141666666666694 0.10025806451612916
0.5003124999999997 0.06440860215053773
0.6276249999999994 0.07038709677419347
0.7212083333333332 0.1088279569892471
0.785041666666667 0.14351612903225786
0.8287291666666666 0.18861290322580643
0.855604166666667 0.24237634408602146
0.8791249999999996 0.3221505376344084
0.8690416666666666 0.3915268817204299
0.8287291666666666 0.4678279569892471
0.7816875000000003 0.5424086021505378
0.7346458333333328 0.6291182795698923
0.6943124999999999 0.7071612903225809
0.6607083333333332 0.7886774193548385
0.6304791666666663 0.8580537634408599
0.5363958333333336 0.9170215053763443
0.38518749999999946 0.9569032258064518
0.23060416666666705 0.9430322580645161
0.09956249999999989 0.8962043010752686
0.21045833333333286 0.4695698924731185
0.26085416666666694 0.37591397849462344
0.29781250000000037 0.2718602150537636
0.40870833333333323 0.19727956989247292
0.5195833333333333 0.16086021505376322
0.6909583333333333 0.17820430107526858
0.7548124999999999 0.2389032258064518
0.7615208333333333 0.34816129032258086
0.7447291666666669 0.45048387096774173
0.7010416666666661 0.5267956989247314
0.6539999999999999 0.5909677419354836
0.6036041666666669 0.6325913978494625
0.5296666666666663 0.6724838709677419
0.5195833333333333 0.7106344086021505
0.502791666666667 0.7418494623655916
0.14995833333333286 0.4695698924731185
0.21045833333333286 0.5025161290322578
0.2440416666666666 0.5666881720430107
0.22389583333333363 0.6343225806451614
0.18356249999999952 0.7331827956989245
0.26085416666666694 0.6915591397849462
0.26756250000000037 0.6221827956989248
0.3515833333333328 0.6013763440860215
0.4187916666666661 0.556279569892473
0.4423124999999999 0.5059892473118281
0.44566666666666654 0.4487526881720428
0.39862500000000034 0.4123333333333331
0.3818125 0.3863225806451613
0.34820833333333334 0.3689784946236559
0.28102083333333283 0.3741827956989245
0.5800625000000004 0.6065806451612901
0.6607083333333332 0.5233333333333335
0.674166666666667 0.43315053763440875
0.6707916666666662 0.3169462365591398
0.5901458333333334 0.2111505376344086
}
