version: 2
n_points: 55
{
0.875 0.41604477611940294
0.9388888888888889 0.539179104477612
0.9666666666666667 0.6772388059701493
0.9722222222222222 0.7742537313432836
0.9333333333333333 0.878731343283582
0.8638888888888889 0.9458955223880597
0.7777777777777778 0.960820895522388
0.6805555555555556 0.960820895522388
0.5777777777777777 0.9272388059701493
0.4722222222222222 0.8899253731343284
0.3944444444444445 0.8600746268656716
0.3055555555555556 0.8041044776119403
0.22499999999999998 0.7406716417910448
0.1527777777777778 0.6548507462686567
0.10277777777777775 0.5018656716417911
0.05555555555555558 0.3899253731343284
0.036111111111111094 0.3003731343283582
0.02777777777777779 0.18843283582089554
0.036111111111111094 0.1175373134328358
0.03888888888888886 0.035447761194029814
0.49722222222222223 0.4794776119402985
0.5638888888888889 0.42350746268656714
0.6916666666666667 0.42350746268656714
0.775 0.4869402985074627
0.8361111111111111 0.5541044776119404
0.8694444444444445 0.6623134328358209
0.8722222222222222 0.789179104477612
0.8694444444444445 0.8600746268656716
0.7833333333333333 0.9197761194029851
0.6888888888888889 0.9048507462686567
0.6027777777777779 0.878731343283582
0.5 0.8264925373134329
0.38055555555555554 0.8003731343283582
0.28888888888888886 0.7444029850746269
0.24722222222222223 0.6175373134328358
0.5472222222222223 0.3152985074626866
0.46944444444444444 0.3376865671641791
0.4083333333333333 0.33395522388059706
0.37222222222222223 0.2630597014925373
0.31666666666666665 0.21455223880597019
0.3111111111111111 0.30410447761194026
0.36388888888888893 0.40858208955223885
0.3388888888888889 0.5093283582089552
0.33333333333333337 0.6175373134328358
0.35 0.707089552238806
0.44166666666666665 0.7481343283582089
0.5138888888888888 0.7294776119402986
0.5638888888888889 0.6511194029850746
0.6055555555555556 0.5578358208955223
0.6694444444444445 0.44589552238805974
0.5666666666666667 0.8190298507462687
0.6444444444444444 0.8227611940298507
0.7166666666666667 0.8227611940298507
0.7805555555555556 0.8190298507462687
0.8305555555555555 0.8041044776119403
}
