version: 2
n_points: 55
{
0.8302897959183675 0.645931818181818
0.8668081632653063 0.5263181818181817
0.9377020408163264 0.4226439393939393
0.9763714285714287 0.2432196969696969
0.9484408163265308 0.11562878787878791
0.8882938775510202 0.04385606060606051
0.8066612244897957 0.03987121212121216
0.7336204081632651 0.05581818181818178
0.6734693877551021 0.08373484848484847
0.5939836734693875 0.08771969696969703
0.5037591836734696 0.11562878787878791
0.41782857142857166 0.15550000000000008
0.33834693877551014 0.19537121212121203
0.2567142857142857 0.26315909090909084
0.1750816326530612 0.37480303030303025
0.1063387755102041 0.44656818181818186
0.054779591836734864 0.5701742424242422
0.018261224489796057 0.7615606060606062
0.031151020408163088 0.8771893939393939
0.08270612244897968 0.9649090909090908
0.5853918367346941 0.6818181818181818
0.6562816326530612 0.5940984848484848
0.7164326530612243 0.5103636363636364
0.7830285714285714 0.3827727272727274
0.8324367346938776 0.2910681818181818
0.8539224489795919 0.15550000000000008
0.8055183673469387 0.1291136363636364
0.7569265306122449 0.1399318181818182
0.7025061224489797 0.1796136363636364
0.6286448979591838 0.20487121212121218
0.5645061224489795 0.21208333333333337
0.506195918367347 0.23012121212121217
0.44399999999999984 0.24455303030303036
0.3643102040816325 0.27340909090909093
0.306004081632653 0.3744242424242425
0.519804081632653 0.7351742424242425
0.4576081632653063 0.6774545454545453
0.3701428571428569 0.6774545454545453
0.33710204081632666 0.7495984848484849
0.28267755102040804 0.7928939393939393
0.2885102040816324 0.7387803030303031
0.3176653061224489 0.6810606060606059
0.33126938775510184 0.5728333333333332
0.3611428571428572 0.4908106060606061
0.41699591836734684 0.42303030303030303
0.4792938775510205 0.41505303030303037
0.5372938775510202 0.4190378787878787
0.5909999999999999 0.4549242424242425
0.6296693877551021 0.5227045454545456
0.631816326530612 0.5865075757575756
0.5480367346938776 0.2396136363636363
0.6081877551020407 0.2595530303030303
0.6704857142857144 0.28746212121212117
0.7284897959183674 0.3113863636363637
0.790787755102041 0.30739393939393933
}
