version: 2
n_points: 55
{
0.1810119047619049 0.7571428571428576
0.0984047619047618 0.5614081632653064
0.06925000000000009 0.4239591836734694
0.07411904761904761 0.24904081632653008
0.15185714285714286 0.1574081632653066
0.24174999999999985 0.12824489795918348
0.2927738095238094 0.11991836734693828
0.3607976190476189 0.12408163265306094
0.4336904761904763 0.13240816326530613
0.4992857142857143 0.1574081632653066
0.5697380952380953 0.18238775510204108
0.6377738095238096 0.21571428571428553
0.6960714285714286 0.2656938775510205
0.7592499999999999 0.34481632653061256
0.8224166666666667 0.43644897959183715
0.9098809523809525 0.5280816326530607
0.9268809523809525 0.6113877551020414
0.9511785714285714 0.7030000000000001
0.9463214285714288 0.819632653061224
0.9317380952380951 0.9112653061224487
0.4591428571428573 0.7233061224489797
0.3669761904761904 0.7331632653061226
0.2594523809523811 0.7101224489795916
0.19609523809523818 0.6443061224489801
0.14040476190476203 0.548836734693877
0.11736904761904772 0.45995918367346955
0.11352380952380954 0.3052653061224495
0.15960714285714298 0.2295510204081631
0.2268095238095237 0.18346938775510224
0.30170238095238083 0.19006122448979568
0.3669761904761904 0.19991836734693869
0.43610714285714297 0.2032244897959189
0.5186666666666668 0.21310204081632667
0.5781904761904764 0.2295510204081631
0.6415595238095237 0.27234693877551075
0.45530952380952394 0.8352040816326533
0.5167500000000002 0.7825510204081638
0.5647499999999999 0.7759591836734692
0.6031547619047618 0.8253469387755104
0.6914761904761905 0.8088775510204079
0.6761190476190477 0.6936734693877553
0.6031547619047618 0.6146734693877557
0.6089166666666667 0.4928775510204084
0.5839523809523809 0.4138775510204076
0.5321071428571429 0.33487755102040806
0.46875 0.3447551020408157
0.4226666666666666 0.41059183673469446
0.38617857142857137 0.5027551020408162
0.3592976190476192 0.608081632653061
0.32665476190476184 0.690387755102041
0.39194047619047623 0.20979591836734635
0.3439404761904761 0.24599999999999944
0.27480952380952384 0.29867346938775485
0.19225 0.3546326530612247
0.14808333333333326 0.37108163265306104
}
