version: 2
n_points: 55
{
0.7905405405405406 0.8333333333333334
0.8783783783783784 0.6818181818181818
0.9391891891891891 0.5303030303030303
0.9662162162162162 0.3333333333333333
0.9391891891891891 0.21212121212121213
0.8851351351351351 0.15151515151515152
0.8040540540540541 0.10606060606060606
0.7432432432432432 0.07575757575757576
0.6689189189189189 0.10606060606060606
0.5743243243243243 0.15151515151515152
0.5 0.21212121212121213
0.41216216216216217 0.24242424242424243
0.32432432432432434 0.25757575757575757
0.22297297297297303 0.30303030303030304
0.1283783783783784 0.4090909090909091
0.08108108108108103 0.5
0.04729729729729726 0.6363636363636364
0.03378378378378377 0.7272727272727273
0.04054054054054057 0.8333333333333334
0.04729729729729726 0.9242424242424242
0.5675675675675675 0.7575757575757576
0.6689189189189189 0.7272727272727273
0.7364864864864865 0.6818181818181818
0.7972972972972973 0.5757575757575758
0.8378378378378378 0.48484848484848486
0.8648648648648649 0.36363636363636365
0.8851351351351351 0.22727272727272727
0.8175675675675675 0.18181818181818182
0.7432432432432432 0.19696969696969696
0.6689189189189189 0.21212121212121213
0.5878378378378378 0.25757575757575757
0.5135135135135135 0.24242424242424243
0.43918918918918914 0.25757575757575757
0.3918918918918919 0.30303030303030304
0.32432432432432434 0.4090909090909091
0.4864864864864865 0.8181818181818182
0.45945945945945943 0.7424242424242424
0.3648648648648649 0.696969696969697
0.29729729729729726 0.7575757575757576
0.2702702702702703 0.7575757575757576
0.31081081081081086 0.7121212121212122
0.3513513513513513 0.6363636363636364
0.3716216216216216 0.5606060606060606
0.4054054054054054 0.48484848484848486
0.42567567567567566 0.36363636363636365
0.4864864864864865 0.3333333333333333
0.5337837837837838 0.36363636363636365
0.5810810810810811 0.45454545454545453
0.6148648648648649 0.5757575757575758
0.6351351351351351 0.696969696969697
0.6216216216216216 0.2727272727272727
0.6689189189189189 0.3181818181818182
0.722972972972973 0.3484848484848485
0.7837837837837838 0.3484848484848485
0.8310810810810811 0.3333333333333333
}
