version: 2
n_points: 55
{
0.23742222222222217 0.7041071428571429
0.14563333333333334 0.5798750000000003
0.0707555555555555 0.4284821428571429
0.05626666666666659 0.29649999999999976
0.08524444444444441 0.1878035714285713
0.1528777777777776 0.11792857142857172
0.24466666666666678 0.0985178571428571
0.3726888888888889 0.11403571428571424
0.47896666666666665 0.14898214285714273
0.5804222222222222 0.1878035714285713
0.6601222222222223 0.22273214285714316
0.7350111111111113 0.26544642857142875
0.8026444444444445 0.3586071428571427
0.8485333333333333 0.41296428571428523
0.8992555555555555 0.47507142857142837
0.9379000000000001 0.5721249999999998
0.954811111111111 0.6575178571428576
0.954811111111111 0.7856250000000001
0.9113333333333331 0.8632678571428575
0.8702666666666669 0.9176071428571433
0.4187222222222223 0.748035714285714
0.33118888888888875 0.6831071428571432
0.25374444444444433 0.558642857142857
0.18976666666666675 0.4828928571428567
0.15610000000000007 0.3746607142857141
0.14263333333333322 0.2718571428571427
0.20324444444444445 0.2231428571428573
0.2941444444444446 0.1852678571428572
0.3816888888888889 0.17444642857142867
0.44903333333333345 0.19608928571428563
0.5231000000000001 0.23396428571428585
0.6106444444444448 0.2664464285714284
0.6880888888888889 0.3205535714285719
0.7419555555555557 0.39089285714285693
0.7992 0.445017857142857
0.4625 0.7318035714285713
0.5163666666666669 0.748035714285714
0.5837111111111111 0.775107142857143
0.6510555555555558 0.8508571428571433
0.7116555555555553 0.7859285714285714
0.7015555555555554 0.656053571428571
0.6308444444444445 0.6235892857142856
0.5971777777777776 0.5424107142857143
0.5870777777777777 0.4125357142857138
0.5264666666666667 0.35301785714285727
0.4322 0.3151428571428576
0.3816888888888889 0.35301785714285727
0.3614888888888888 0.42337500000000006
0.3581222222222222 0.4991250000000004
0.35475555555555555 0.6127678571428571
0.40188888888888874 0.23396428571428585
0.3278222222222221 0.24480357142857145
0.2705777777777778 0.2718571428571427
0.22007777777777765 0.2989107142857139
0.18976666666666675 0.34219642857142873
}
