version: 2
n_points: 55
{
0.4328108108108105 0.1206896551724138
0.5829549549549552 0.05243965517241402
0.7743963963963967 0.04525862068965517
0.9170450450450448 0.14224137931034483
0.9508288288288286 0.2643706896551722
0.9395675675675673 0.3793103448275862
0.9132882882882882 0.4870689655172414
0.8568108108108108 0.5755603448275861
0.785153153153153 0.646094827586207
0.723720720720721 0.71075
0.654108108108108 0.7616896551724137
0.5947297297297296 0.8087155172413791
0.5333063063063064 0.845939655172414
0.45345045045045074 0.879241379310345
0.3858828828828831 0.8929568965517244
0.30603603603603624 0.9399827586206897
0.18318018018018045 0.9576120689655174
0.08490090090090074 0.9184310344827588
0.04190990990990984 0.836137931034483
0.08285585585585586 0.7401379310344827
0.4125045045045046 0.5187413793103446
0.4595945945945945 0.40510344827586225
0.5128288288288286 0.2895086206896554
0.564018018018018 0.17195689655172416
0.6377297297297299 0.11906034482758603
0.7421531531531533 0.12689655172413816
0.8220000000000002 0.1895862068965519
0.8649999999999999 0.3051896551724137
0.8568108108108108 0.39531034482758615
0.8424774774774774 0.48739655172413804
0.8035765765765766 0.5481293103448278
0.7380540540540539 0.6206206896551726
0.6622972972972971 0.687241379310345
0.5455945945945944 0.7499310344827588
0.4288828828828828 0.732301724137931
0.32650450450450463 0.4815172413793103
0.31831531531531554 0.542258620689655
0.2855585585585586 0.5794827586206899
0.21389189189189206 0.5873189655172415
0.19751351351351332 0.6363017241379308
0.2384684684684687 0.6696034482758619
0.32241441441441454 0.6382586206896552
0.4288828828828828 0.6264999999999998
0.48826126126126124 0.6421724137931036
0.5619729729729732 0.612784482758621
0.6131621621621619 0.5755603448275861
0.6131621621621619 0.5128620689655174
0.5906396396396394 0.4403706896551726
0.5435405405405408 0.37963793103448285
0.5148828828828828 0.33065517241379305
0.5722072072072071 0.6970344827586207
0.7073423423423422 0.612784482758621
0.7871981981981984 0.510905172413793
0.8240540540540543 0.3659224137931035
0.8220000000000002 0.23465517241379333
}
