version: 2
n_points: 55
{
0.577851063829787 0.18439344262295065
0.4880851063829787 0.11522950819672126
0.351787234042553 0.08449180327868847
0.24540425531914875 0.08704918032786889
0.15231914893617005 0.15877049180327873
0.12240425531914864 0.23562295081967197
0.1489999999999997 0.32270491803278695
0.19221276595744663 0.41491803278688527
0.22878723404255288 0.49177049180327853
0.28529787234042536 0.576295081967213
0.3384893617021275 0.6608196721311476
0.39834042553191445 0.7120491803278689
0.5047234042553187 0.7760819672131148
0.5712127659574464 0.8145081967213115
0.621063829787234 0.8682950819672133
0.6676170212765954 0.9092786885245903
0.7174893617021272 0.9297704918032789
0.7806382978723404 0.9220983606557376
0.8537872340425529 0.8759836065573771
0.8969999999999998 0.8298852459016391
0.5876595744680853 0.45204918032786867
0.5907446808510636 0.36650819672131146
0.5814893617021273 0.26909836065573756
0.513659574468085 0.21445901639344253
0.41806382978723405 0.17406557377049173
0.3162978723404252 0.15506557377049185
0.22380851063829799 0.16693442622950808
0.1713829787234044 0.2192131147540986
0.16521276595744652 0.2904918032786885
0.19604255319148933 0.3522622950819672
0.23612765957446838 0.41640983606557397
0.263893617021277 0.471049180327869
0.3162978723404252 0.5518360655737706
0.3748936170212767 0.6302295081967211
0.5013191489361705 0.6919999999999998
0.7418297872340422 0.4354098360655738
0.7264255319148936 0.520950819672131
0.7325957446808514 0.5945901639344264
0.7572553191489363 0.6088524590163932
0.7603404255319147 0.6634918032786887
0.6739999999999999 0.651622950819672
0.5814893617021273 0.6136065573770493
0.49206382978723423 0.5898360655737703
0.4118936170212762 0.5732131147540985
0.37797872340425503 0.5280655737704916
0.3440638297872339 0.4496721311475411
0.3748936170212767 0.4045245901639342
0.41806382978723405 0.3641311475409834
0.47974468085106386 0.35463934426229526
0.5568297872340424 0.34037704918032796
0.27929787234042575 0.4496721311475411
0.2762127659574474 0.38077049180327877
0.27929787234042575 0.29998360655737716
0.27312765957446783 0.2453442622950821
0.2669787234042554 0.19070491803278705
}
