version: 2
n_points: 55
{
0.8777464788732393 0.3819285714285714
0.9104436619718311 0.5137380952380952
0.9607394366197184 0.6837976190476194
0.9582253521126759 0.7603333333333333
0.928049295774648 0.8156071428571432
0.8752323943661973 0.8921309523809526
0.8148661971830987 0.9304047619047618
0.7243239436619717 0.9346547619047618
0.6413239436619718 0.9218928571428571
0.558330985915493 0.8963928571428571
0.47533098591549305 0.8666309523809527
0.3898169014084506 0.8623690476190479
0.2942464788732395 0.8113571428571428
0.23136619718309848 0.7518333333333334
0.14585211267605647 0.6370357142857146
0.0854929577464788 0.5179880952380955
0.05279577464788743 0.3861785714285717
0.030161971830986012 0.2586309523809527
0.03519014084507055 0.12683333333333324
0.10058450704225363 0.05029761904761931
0.585992957746479 0.36067857142857174
0.6790492957746479 0.3904404761904765
0.7570211267605635 0.46271428571428563
0.8073239436619717 0.5222380952380952
0.8400211267605635 0.6455357142857145
0.845049295774648 0.7348214285714288
0.8198943661971831 0.8241071428571431
0.7695985915492959 0.8453690476190479
0.6740211267605635 0.8198571428571428
0.5784507042253519 0.8028452380952383
0.49293661971830993 0.7730833333333336
0.382274647887324 0.7645833333333336
0.31436619718309855 0.7178214285714288
0.2539999999999999 0.6582976190476193
0.21124647887323955 0.5690119047619051
0.588507042253521 0.28414285714285703
0.5256338028169013 0.32240476190476186
0.4451478873239437 0.2798928571428574
0.37723943661971815 0.2118690476190479
0.31436619718309855 0.16934523809523838
0.2841830985915492 0.22886904761904792
0.3118521126760564 0.3181547619047622
0.31436619718309855 0.42020238095238127
0.319394366197183 0.5179880952380955
0.37723943661971815 0.6242738095238098
0.4577253521126762 0.6327857142857143
0.5231197183098593 0.594511904761905
0.5658732394366196 0.5349880952380954
0.6136619718309858 0.48397619047619045
0.6337816901408452 0.3819285714285714
0.5306619718309857 0.7518333333333334
0.6086267605633804 0.7220714285714285
0.6815704225352114 0.7050595238095241
0.7369014084507042 0.6965595238095241
0.8048098591549298 0.6540357142857145
}
