version: 2
n_points: 55
{
0.7810467289719627 0.024426470588234994
0.8683831775700932 0.15543627450980368
0.9468224299065421 0.30599509803921565
0.9868761682242991 0.5055735294117645
0.9484906542056074 0.7226617647058824
0.8783971962616821 0.8592156862745097
0.8016285046728971 0.9222401960784311
0.7098387850467288 0.9467499999999998
0.6163808411214952 0.9747647058823529
0.519586448598131 0.9712598039215683
0.44949299065420567 0.9607598039215687
0.36104205607476647 0.9502549019607842
0.26925233644859814 0.9012352941176469
0.19248364485981317 0.8417107843137253
0.12071962616822407 0.740171568627451
0.06898598130841138 0.6176225490196079
0.02559345794392509 0.4250441176470585
0.01057476635514032 0.2884901960784313
0.028932242990654333 0.16594117647058815
0.060640186915887684 0.06089705882352947
0.5954556074766355 0.11436274509803945
0.6871168224299066 0.17092156862745123
0.7787780373831776 0.23879411764705905
0.8362897196261683 0.35946078431372575
0.8596542056074767 0.5366862745098041
0.8776285046728972 0.6912843137254905
0.8434789719626169 0.762926470588235
0.7949532710280374 0.8157205882352943
0.7212640186915888 0.8308039215686276
0.6583598130841122 0.8458823529411762
0.6080373831775701 0.8496568627450982
0.5469299065420561 0.8571960784313728
0.4858224299065421 0.8647401960784316
0.4175257009345795 0.8571960784313728
0.35102803738317756 0.8119460784313722
0.5073901869158879 0.06156862745098013
0.42291822429906545 0.1294460784313728
0.3707967289719627 0.15960784313725462
0.30429906542056073 0.09927941176470612
0.2611635514018692 0.18977450980392185
0.2683528037383178 0.3443774509803924
0.33485280373831783 0.42733333333333356
0.3582172897196262 0.5253725490196081
0.4085397196261683 0.6535784313725492
0.4750397196261682 0.6648872549019604
0.5307546728971964 0.6347254901960786
0.5720911214953271 0.5894754901960786
0.6116308411214953 0.5065196078431374
0.6439836448598131 0.3971666666666669
0.6439836448598131 0.2048578431372552
0.5002009345794393 0.8270294117647061
0.6116308411214953 0.755387254901961
0.7032920560747664 0.6837450980392159
0.7895607476635514 0.6271813725490198
0.821911214953271 0.5253725490196081
}
