version: 2
n_points: 55
{
0.19972448979591834 0.8227448275862069
0.11558503401360554 0.6557793103448275
0.040397959183673504 0.49606896551724144
0.01712585034013614 0.31820689655172396
0.06009183673469379 0.15486896551724127
0.13706802721088435 0.07501379310344836
0.2229965986394557 0.03871724137931043
0.30534693877551017 0.0350896551724138
0.3715850340136054 0.045979310344827606
0.45572108843537423 0.06412413793103444
0.527329931972789 0.09316551724137923
0.5989387755102039 0.12583448275862075
0.6866564625850339 0.18391034482758628
0.7636360544217687 0.24561379310344833
0.8262925170068025 0.3799172413793104
0.8764183673469389 0.4742896551724137
0.9229625850340136 0.5650344827586208
0.9659251700680271 0.6848137931034483
0.9784591836734695 0.811855172413793
0.983829931972789 0.9715655172413794
0.48615646258503387 0.7791862068965517
0.3841156462585034 0.7392620689655173
0.26954421768707476 0.6594068965517241
0.20867687074829933 0.579551724137931
0.15318027210884363 0.47791724137931035
0.10484693877551017 0.383544827586207
0.12274829931972797 0.25650344827586213
0.16750340136054415 0.16213103448275856
0.24090136054421765 0.15124137931034487
0.3411496598639456 0.1584965517241379
0.4324489795918367 0.1875379310344829
0.49510544217687086 0.16213103448275856
0.5559727891156463 0.1657586206896552
0.620421768707483 0.2202068965517242
0.6705442176870747 0.3399862068965518
0.48257482993197265 0.8336344827586207
0.5470238095238097 0.768303448275862
0.5935680272108844 0.768303448275862
0.6240000000000001 0.8154896551724139
0.6920272108843538 0.840896551724138
0.6830782312925172 0.7319999999999999
0.6096802721088435 0.6448896551724137
0.602517006802721 0.5650344827586208
0.6132585034013606 0.44524827586206905
0.5792448979591837 0.34362068965517234
0.5344897959183673 0.27828275862068963
0.4718333333333333 0.33273103448275876
0.41454761904761905 0.4198413793103448
0.37516326530612243 0.5359931034482758
0.3518911564625851 0.6848137931034483
0.402017006802721 0.20205517241379312
0.3375714285714285 0.2419862068965517
0.25701020408163255 0.29279999999999995
0.19972448979591834 0.3508758620689656
0.1621326530612244 0.4162137931034482
}
