version: 2
n_points: 55
{
0.19008264462809918 0.7674418604651163
0.11983471074380166 0.627906976744186
0.06198347107438017 0.5116279069767442
0.02066115702479339 0.34883720930232553
0.03305785123966942 0.17441860465116277
0.09504132231404959 0.11627906976744184
0.1859504132231405 0.05813953488372092
0.26859504132231404 0.05813953488372092
0.33884297520661155 0.08139534883720934
0.4256198347107438 0.12790697674418605
0.5165289256198347 0.12790697674418605
0.5909090909090909 0.12790697674418605
0.6487603305785123 0.15116279069767447
0.7231404958677686 0.17441860465116277
0.8016528925619835 0.22093023255813948
0.871900826446281 0.313953488372093
0.9256198347107438 0.4767441860465116
0.9669421487603306 0.6395348837209303
0.9793388429752066 0.7906976744186046
0.9669421487603306 0.9418604651162791
0.45041322314049587 0.627906976744186
0.36363636363636365 0.5813953488372093
0.2768595041322314 0.5465116279069767
0.2066115702479339 0.4651162790697674
0.15702479338842976 0.40697674418604657
0.11570247933884298 0.313953488372093
0.128099173553719 0.22093023255813948
0.17768595041322313 0.2093023255813954
0.24793388429752067 0.18604651162790697
0.29338842975206614 0.19767441860465118
0.359504132231405 0.16279069767441867
0.41735537190082644 0.17441860465116277
0.45454545454545453 0.17441860465116277
0.5165289256198347 0.2093023255813954
0.5826446280991735 0.2906976744186047
0.5 0.686046511627907
0.5495867768595041 0.627906976744186
0.6033057851239669 0.5465116279069767
0.6652892561983471 0.6395348837209303
0.7024793388429752 0.6627906976744186
0.6900826446280992 0.5465116279069767
0.640495867768595 0.4651162790697674
0.5785123966942148 0.4418604651162791
0.5206611570247934 0.37209302325581395
0.4628099173553719 0.33720930232558133
0.41735537190082644 0.34883720930232553
0.384297520661157 0.34883720930232553
0.35537190082644626 0.38372093023255816
0.3347107438016529 0.4418604651162791
0.3347107438016529 0.5465116279069767
0.2768595041322314 0.22093023255813948
0.2396694214876033 0.2674418604651163
0.2190082644628099 0.2906976744186047
0.1859504132231405 0.32558139534883723
0.1652892561983471 0.36046511627906974
}
