version: 2
n_points: 55
{
0.9384250000000002 0.12917283950617275
0.8273125 0.06972839506172834
0.6976875 0.03543827160493836
0.5356500000000001 0.04229629629629632
0.4245374999999999 0.08573456790123463
0.32268749999999996 0.12688888888888897
0.24398750000000008 0.18632716049382717
0.21157499999999985 0.25720370370370355
0.20231250000000003 0.3212160493827159
0.16930000000000014 0.39383950617283964
0.13252500000000006 0.4501172839506172
0.08841250000000009 0.5245555555555557
0.06267500000000012 0.5917345679012345
0.06267500000000012 0.6589074074074074
0.07002500000000005 0.7260802469135802
0.09943750000000015 0.7968888888888889
0.15458749999999988 0.8785864197530865
0.23547499999999993 0.9312407407407407
0.3163499999999999 0.9512098765432099
0.4634125000000001 0.9711790123456792
0.7942999999999998 0.45919753086419746
0.8053249999999998 0.3756851851851851
0.8126750000000001 0.2849074074074072
0.7795875000000002 0.2322530864197531
0.7023874999999997 0.18867901234567885
0.5994374999999998 0.15237037037037052
0.4818000000000001 0.11787654320987656
0.39723749999999997 0.17960493827160495
0.33106250000000015 0.2322530864197531
0.32002500000000006 0.31213580246913564
0.2759125000000001 0.37749999999999984
0.22076250000000003 0.4501172839506172
0.16193750000000015 0.528185185185185
0.13252500000000006 0.5989938271604937
0.16193750000000015 0.6679876543209876
0.7648874999999997 0.4991419753086419
0.6840000000000004 0.5372654320987653
0.6031125000000003 0.6298580246913579
0.6288499999999999 0.706111111111111
0.5994374999999998 0.7678395061728395
0.47811249999999994 0.7260802469135802
0.40826250000000003 0.6443827160493827
0.3163499999999999 0.608074074074074
0.26856250000000015 0.5645000000000001
0.3384125000000001 0.5154814814814813
0.44502500000000006 0.4973209876543208
0.5957625 0.47735185185185197
0.6472374999999999 0.4101790123456791
0.6803249999999998 0.3520802469135801
0.7832625 0.3266604938271604
0.26488750000000005 0.453753086419753
0.3016500000000001 0.39565432098765435
0.39723749999999997 0.3284814814814815
0.4487124999999999 0.2558580246913581
0.4634125000000001 0.18867901234567885
}
