version: 2
n_points: 55
{
0.2417582417582418 0.10940919037199125
0.3626373626373627 0.05908096280087528
0.543956043956044 0.019693654266958426
0.6703296703296704 0.010940919037199124
0.7802197802197802 0.030634573304157548
0.8516483516483516 0.087527352297593
0.9175824175824175 0.17286652078774617
0.9560439560439561 0.26258205689277897
0.9725274725274725 0.35667396061269147
0.8901098901098901 0.4551422319474836
0.8131868131868132 0.5426695842450766
0.7527472527472527 0.6323851203501094
0.6648351648351649 0.7330415754923414
0.543956043956044 0.8140043763676149
0.478021978021978 0.8665207877461707
0.4065934065934066 0.9190371991247265
0.3351648351648352 0.962800875273523
0.20329670329670335 0.9890590809628009
0.09890109890109888 0.9803063457330415
0.027472527472527486 0.949671772428884
0.18131868131868134 0.3916849015317287
0.2362637362637363 0.31947483588621445
0.3131868131868132 0.24726477024070023
0.4010989010989011 0.19037199124726478
0.5054945054945055 0.13785557986870897
0.6043956043956045 0.087527352297593
0.6593406593406593 0.07221006564551423
0.7197802197802198 0.11159737417943107
0.7802197802197802 0.16849015317286653
0.8296703296703296 0.24726477024070023
0.8406593406593407 0.3347921225382932
0.7912087912087912 0.4179431072210066
0.6923076923076923 0.5032822757111597
0.5934065934065934 0.5908096280087527
0.4725274725274725 0.6608315098468271
0.17032967032967028 0.4310722100656455
0.23076923076923073 0.474835886214442
0.2362637362637363 0.5754923413566739
0.15934065934065933 0.612691466083151
0.09890109890109888 0.6892778993435449
0.20329670329670335 0.5973741794310722
0.3351648351648352 0.6017505470459519
0.41208791208791207 0.5798687089715536
0.42307692307692313 0.5426695842450766
0.4340659340659341 0.5010940919037199
0.4285714285714286 0.45295404814004375
0.41758241758241754 0.4113785557986871
0.39010989010989006 0.36980306345733044
0.31868131868131866 0.3522975929978118
0.2362637362637363 0.34573304157549234
0.6153846153846154 0.5098468271334792
0.6098901098901099 0.41575492341356673
0.5934065934065934 0.32166301969365424
0.5934065934065934 0.22538293216630198
0.5659340659340659 0.16192560175054704
}
