version: 2
n_points: 55
{
0.7914485165794066 0.4666666666666667
0.8728917975567189 0.5622451612903225
0.9465776614310646 0.6649935483870968
0.9911762652705061 0.8633204301075269
0.9562722513089005 0.9397849462365592
0.8767696335078532 0.9756279569892472
0.7759354275741712 0.987574193548387
0.6828586387434555 0.966068817204301
0.5878411867364748 0.9158903225806452
0.49088656195462477 0.8561526881720429
0.40362652705061086 0.7844688172043011
0.32606108202443296 0.717563440860215
0.23880104712041894 0.629152688172043
0.16899301919720777 0.543131182795699
0.09724607329842927 0.4403827956989248
0.052647469458987683 0.3543612903225807
0.013863874345549698 0.25161290322580643
0.008047120418848364 0.14169677419354842
0.03713438045375217 0.05089677419354843
0.10694240837696334 0.010275268817204308
0.6246841186736474 0.42604516129032255
0.7041884816753927 0.5168451612903225
0.7875706806282723 0.5861419354838711
0.8418656195462476 0.6817204301075268
0.8787085514834206 0.7677419354838709
0.8864642233856893 0.853763440860215
0.8302303664921465 0.9182795698924731
0.7429703315881326 0.9111118279569892
0.6440767888307156 0.8704903225806452
0.5471204188481675 0.8179204301075269
0.4695567190226877 0.7510150537634408
0.3997486910994765 0.6888881720430109
0.3454520069808027 0.6243720430107527
0.3124886561954625 0.5598559139784945
0.2911570680628274 0.4881720430107527
0.5917207678883072 0.3519720430107528
0.5257905759162305 0.3758666666666667
0.4424083769633508 0.35675053763440867
0.3842356020942407 0.29223440860215055
0.3338184991273997 0.2755075268817204
0.3590261780104712 0.3328559139784947
0.3687225130890053 0.4523290322580644
0.3803560209424083 0.5192344086021505
0.37453926701570694 0.5741935483870968
0.4288342059336824 0.6363204301075269
0.49864223385689355 0.6626043010752688
0.5490593368237349 0.6697720430107528
0.5975375218150085 0.633931182795699
0.6460157068062826 0.5933096774193549
0.6983717277486909 0.543131182795699
0.4462862129144851 0.7103935483870969
0.512216404886562 0.7534043010752689
0.6033542757417103 0.7796903225806451
0.7003106457242583 0.8011956989247311
0.8011448516579407 0.8059741935483872
}
