version: 2
n_points: 55
{
0.65625 0.17142857142857143
0.5243055555555556 0.10285714285714286
0.3576388888888889 0.054285714285714284
0.2534722222222222 0.02857142857142857
0.14930555555555555 0.05714285714285714
0.07291666666666667 0.09714285714285714
0.07291666666666667 0.15428571428571428
0.0798611111111111 0.23142857142857143
0.1076388888888889 0.3057142857142857
0.1423611111111111 0.37142857142857144
0.10069444444444445 0.44
0.09375 0.5142857142857142
0.13541666666666666 0.6142857142857143
0.16319444444444445 0.7228571428571429
0.2604166666666667 0.8171428571428572
0.3993055555555556 0.8885714285714286
0.6145833333333334 0.9457142857142857
0.7743055555555556 0.9714285714285714
0.8645833333333334 0.9685714285714285
0.9340277777777778 0.9742857142857143
0.6909722222222222 0.4685714285714286
0.5451388888888888 0.36857142857142855
0.4965277777777778 0.29714285714285715
0.4548611111111111 0.22
0.3368055555555556 0.16285714285714287
0.21180555555555555 0.13714285714285715
0.1423611111111111 0.16857142857142857
0.16319444444444445 0.2257142857142857
0.1909722222222222 0.3171428571428571
0.13541666666666666 0.4114285714285714
0.1148472222222223 0.4993428571428571
0.13087500000000002 0.5872514285714286
0.16826388888888902 0.6531885714285713
0.2163472222222222 0.6949428571428572
0.28044444444444455 0.7257142857142858
0.6543750000000002 0.5081314285714286
0.6223333333333332 0.5586800000000001
0.6276666666666668 0.6290114285714286
0.6704027777777779 0.6751657142857143
0.6383611111111109 0.7081314285714286
0.5475416666666667 0.67956
0.4674166666666666 0.64
0.32852777777777775 0.6224171428571429
0.23770833333333347 0.5784628571428571
0.20566666666666655 0.5147257142857142
0.2590833333333333 0.4663714285714286
0.33920833333333333 0.44659428571428567
0.41933333333333345 0.4246171428571428
0.47809722222222223 0.40263999999999994
0.5261805555555554 0.3850571428571428
0.2163472222222222 0.3345028571428572
0.23237499999999991 0.29054857142857143
0.23770833333333347 0.2531885714285714
0.24305555555555555 0.20922857142857149
0.2644166666666668 0.1806571428571429
}
