version: 2
n_points: 55
{
0.9286101694915256 0.18140540540540562
0.8412881355932198 0.11043243243243227
0.6923389830508467 0.06401801801801797
0.5382711864406786 0.05036936936936944
0.3995932203389834 0.09131531531531553
0.23010169491525462 0.16502702702702687
0.13764406779660984 0.2605765765765764
0.09655932203389835 0.38889189189189166
0.1325084745762709 0.5226576576576575
0.19415254237288204 0.6236666666666665
0.26605084745762525 0.7219459459459462
0.3430847457627112 0.7983873873873872
0.4098644067796613 0.8420720720720724
0.49716949152542517 0.8993963963963967
0.5588135593220344 0.9430810810810812
0.6307118644067795 0.9621891891891892
0.7488474576271189 0.9567297297297298
0.8412881355932198 0.945810810810811
0.8926610169491511 0.9157837837837837
0.9234745762711848 0.8966666666666664
0.6777627118644077 0.4081981981981982
0.7322372881355932 0.31810810810810813
0.780677966101694 0.24088288288288287
0.8291016949152529 0.17974774774774774
0.7080338983050828 0.12827027027027027
0.5445932203389845 0.1250540540540538
0.41142372881355743 0.15079279279279278
0.2903559322033913 0.1990540540540543
0.2358813559322039 0.26018918918918893
0.1995593220338983 0.32454054054054055
0.1995593220338983 0.3953243243243241
0.22376271186440674 0.4628918918918916
0.26008474576271234 0.4886306306306306
0.2843050847457608 0.5272432432432432
0.3387796610169501 0.6044594594594597
0.810932203389831 0.5175855855855855
0.7988305084745777 0.5948108108108108
0.8593559322033898 0.6398558558558559
0.9077966101694906 0.6784684684684685
0.8654237288135584 0.6977657657657658
0.7443559322033884 0.704207207207207
0.6777627118644077 0.6495045045045047
0.5445932203389845 0.6398558558558559
0.45379661016948963 0.5819369369369372
0.3932542372881356 0.5111531531531531
0.42957627118644115 0.4339369369369367
0.4901186440677952 0.39854054054054056
0.5688135593220329 0.3856756756756757
0.6353898305084755 0.38245045045045045
0.7019830508474562 0.36636936936936915
0.26008474576271234 0.4435855855855856
0.2964067796610179 0.401756756756757
0.3387796610169501 0.35027927927927904
0.3751016949152557 0.30201801801801803
0.38720338983050895 0.231234234234234
}
