version: 2
n_points: 55
{
0.9402499999999999 0.38998529411764715
0.9550285714285714 0.5116911764705885
0.9624214285714284 0.6384705882352941
0.9501071428571428 0.7703088235294113
0.8836 0.8565147058823529
0.7900071428571429 0.9122941176470588
0.7185785714285714 0.902161764705882
0.6496142857142859 0.8970882352941177
0.563407142857143 0.9072205882352937
0.46734285714285717 0.902161764705882
0.3663642857142857 0.8818676470588233
0.28015714285714266 0.7956617647058826
0.22596428571428562 0.7246764705882356
0.164392857142857 0.6688823529411763
0.10774285714285714 0.5776176470588239
0.0707928571428571 0.486338235294118
0.041235714285714486 0.3494117647058822
0.03138571428571435 0.22770588235294087
0.05109285714285727 0.1465735294117645
0.0683285714285713 0.06544117647058811
0.6372999999999999 0.3037794117647056
0.7087285714285713 0.3494117647058822
0.7826142857142855 0.38998529411764715
0.8466571428571428 0.46604411764705844
0.8909928571428569 0.5268970588235296
0.9057714285714286 0.6384705882352941
0.8515857142857142 0.7348088235294115
0.7702999999999999 0.7855294117647058
0.7013357142857144 0.8565147058823529
0.6200571428571429 0.8869411764705885
0.5535500000000001 0.861588235294118
0.5092214285714285 0.8362352941176467
0.469807142857143 0.8007352941176469
0.4353285714285716 0.744955882352941
0.38113571428571413 0.6841029411764707
0.5978857142857144 0.33420588235294113
0.5338499999999998 0.3595588235294116
0.4254714285714284 0.31898529411764664
0.3663642857142857 0.19729411764705873
0.31463571428571413 0.18207352941176425
0.34172857142857127 0.2835000000000003
0.4082357142857145 0.369705882352941
0.45256428571428553 0.5421176470588231
0.49444285714285696 0.6841029411764707
0.563407142857143 0.7703088235294113
0.6397571428571427 0.765235294117647
0.6840928571428573 0.6587500000000002
0.6865571428571429 0.5522499999999999
0.6865571428571429 0.4508382352941174
0.6865571428571429 0.3646323529411767
0.7259642857142856 0.815941176470588
0.7555214285714288 0.7398823529411767
0.7875428571428569 0.6790294117647055
0.8269500000000002 0.6080441176470586
0.8614357142857143 0.5522499999999999
}
