version: 2
n_points: 55
{
0.7713333333333333 0.26391304347826305
0.8432222222222221 0.34065217391304503
0.8464722222222222 0.4940869565217405
0.8072777777777778 0.6168695652173908
0.7615277777777776 0.6935652173913043
0.6928888888888886 0.7345217391304351
0.6177222222222223 0.7447391304347835
0.5491111111111111 0.7447391304347835
0.4804722222222222 0.7345217391304351
0.43800000000000006 0.7089130434782587
0.3922500000000002 0.6628695652173905
0.33669444444444474 0.6168695652173908
0.2876666666666665 0.57591304347826
0.23863888888888907 0.5452608695652197
0.1994166666666667 0.514565217391306
0.15694444444444455 0.4838695652173921
0.13080555555555562 0.4429565217391299
0.12099999999999989 0.36621739130434794
0.12099999999999989 0.31504347826086876
0.12099999999999989 0.23321739130434926
0.558916666666667 0.34065217391304503
0.6373333333333331 0.35599999999999954
0.7321111111111109 0.37643478260869634
0.7843888888888889 0.40713043478261013
0.7647777777777781 0.4736521739130437
0.7321111111111109 0.5503478260869572
0.679805555555556 0.5656956521739116
0.6308055555555556 0.6168695652173908
0.5817777777777775 0.6424347826086936
0.5295000000000003 0.6424347826086936
0.4902777777777779 0.6373043478260876
0.4575833333333337 0.6270869565217392
0.4249166666666666 0.6015217391304364
0.4085833333333334 0.5503478260869572
0.3660833333333334 0.5299130434782604
0.5686944444444448 0.24856521739130366
0.5262222222222219 0.28947826086956585
0.45105555555555554 0.28947826086956585
0.4249166666666666 0.22300000000000086
0.33669444444444474 0.19743478260869796
0.3399444444444444 0.24856521739130366
0.3922500000000002 0.26391304347826305
0.3922500000000002 0.33552173913043415
0.41183333333333316 0.44804347826086743
0.4575833333333337 0.5349999999999978
0.516416666666667 0.5349999999999978
0.5523611111111109 0.4940869565217405
0.5523611111111109 0.4378260869565239
0.5686944444444448 0.38669565217391333
0.5850555555555559 0.34573913043478255
0.5365555555555557 0.5770869565217402
0.571666666666667 0.5521304347826068
0.6004166666666669 0.5321304347826101
0.6546944444444441 0.5021304347826078
0.7121666666666668 0.5021304347826078
}
