version: 2
n_points: 55
{
0.8597398373983739 0.29266233766233796
0.9274878048780489 0.39006493506493534
0.9591056910569108 0.5199350649350652
0.9591056910569108 0.6678311688311689
0.9274878048780489 0.7868831168831165
0.8732926829268295 0.8806753246753248
0.7852113821138212 0.9203636363636363
0.694878048780488 0.9239740259740261
0.5887398373983741 0.9239740259740261
0.4916260162601628 0.9095454545454549
0.3990325203252034 0.8662467532467535
0.30643902439024395 0.8049220779220777
0.2386910569105689 0.7255584415584415
0.17319512195121944 0.6461948051948052
0.12577235772357742 0.5415714285714288
0.08512195121951238 0.43335064935064926
0.05350406504065053 0.34676623376623406
0.03995934959349612 0.20968831168831192
0.048991869918699305 0.11949350649350676
0.08964227642276434 0.06177922077922082
0.6271300813008129 0.4153116883116881
0.701650406504065 0.37562337662337664
0.773918699186992 0.37562337662337664
0.8213495934959351 0.34676623376623406
0.8642520325203251 0.44416883116883144
0.8620000000000001 0.5415714285714288
0.8258617886178863 0.6570129870129867
0.787471544715447 0.7544155844155841
0.7242357723577237 0.7941038961038963
0.654227642276423 0.8121428571428575
0.6022845528455286 0.8121428571428575
0.5232439024390243 0.819350649350649
0.4735609756097561 0.7904935064935064
0.4103252032520327 0.7399870129870127
0.3583821138211384 0.6714415584415587
0.5571219512195122 0.18442857142857172
0.4780731707317073 0.21689610389610414
0.4035528455284553 0.22411688311688316
0.3380569105691058 0.17361038961038955
0.3380569105691058 0.27822077922077926
0.3583821138211384 0.3575974025974029
0.4193577235772359 0.43335064935064926
0.4080650406504066 0.5415714285714288
0.4419430894308941 0.6173376623376627
0.4916260162601628 0.6786623376623377
0.5661544715447154 0.693090909090909
0.6203495934959349 0.6714415584415587
0.661 0.5956883116883116
0.6768130081300812 0.48024675324675303
0.7039105691056913 0.40809090909090906
0.5548617886178862 0.779675324675325
0.6135772357723579 0.7508051948051949
0.6564878048780487 0.7147402597402601
0.6971382113821137 0.7002987012987013
0.7581138211382112 0.6967012987012988
}
