version: 2
n_points: 55
{
0.7741506024096386 0.9448767123287671
0.8564819277108433 0.8444246575342462
0.9207349397590361 0.5932876712328767
0.9568795180722891 0.4015068493150685
0.9669216867469881 0.26908219178082154
0.9247530120481928 0.17775342465753424
0.8544698795180722 0.12753424657534249
0.8002530120481927 0.0727397260273973
0.7420240963855421 0.0727397260273973
0.663710843373494 0.08186301369863012
0.5914216867469879 0.1001369863013699
0.5171204819277108 0.10926027397260273
0.4368012048192772 0.10926027397260273
0.3343915662650603 0.14579452054794484
0.2239518072289156 0.22798630136986264
0.14563855421686744 0.333013698630137
0.05326506024096378 0.5110958904109589
0.025156626506024016 0.6663424657534243
0.03720481927710839 0.8170273972602736
0.0894096385542168 0.9311780821917808
0.5633072289156628 0.7348356164383558
0.6396144578313252 0.7530958904109589
0.7159156626506022 0.7348356164383558
0.776156626506024 0.6983013698630137
0.8323855421686747 0.5795890410958905
0.8665180722891566 0.43346575342465715
0.894632530120482 0.25994520547945205
0.8183253012048192 0.16405479452054794
0.740012048192771 0.13665753424657534
0.6657168674698797 0.12753424657534249
0.6175240963855422 0.1412328767123288
0.5392108433734941 0.14579452054794484
0.4408192771084337 0.16405479452054794
0.3564819277108433 0.18689041095890374
0.26009638554216863 0.333013698630137
0.5211385542168676 0.7576712328767123
0.44684337349397585 0.7256986301369863
0.36250602409638544 0.7622328767123284
0.33037349397590354 0.8261643835616439
0.286198795180723 0.8444246575342462
0.2942289156626505 0.7165753424657535
0.3263614457831324 0.6252465753424654
0.3404156626506025 0.49739726027397263
0.3825843373493977 0.42432876712328765
0.43278313253012035 0.40606849315068455
0.4709397590361445 0.4289041095890411
0.5030662650602411 0.5019589041095887
0.5472409638554216 0.5430547945205476
0.5994518072289157 0.5932876712328767
0.6195301204819277 0.7302739726027397
0.6014578313253012 0.212
0.6544698795180723 0.261315068493151
0.7050722891566263 0.32158904109589037
0.7701325301204818 0.3654246575342464
0.8135060240963854 0.4256986301369866
}
