version: 2
n_points: 55
{
0.7740961538461539 0.7594347826086956
0.8402628205128206 0.6086630434782611
0.9209102564102563 0.45438043478260864
0.9664038461538462 0.30711956521739125
0.9560641025641027 0.17388043478260884
0.9043653846153847 0.10726086956521734
0.8423333333333334 0.06868478260869552
0.7616858974358973 0.058173913043478305
0.6707051282051282 0.09322826086956519
0.5859230769230769 0.13530434782608705
0.4990769230769231 0.20192391304347823
0.4225641025641027 0.26504347826086944
0.34191666666666665 0.31061956521739126
0.26127564102564116 0.37373913043478246
0.19303846153846138 0.46139130434782616
0.14754487179487175 0.5315217391304349
0.07930769230769241 0.6121630434782608
0.033814102564102444 0.7243695652173913
0.02760897435897447 0.8505978260869564
0.052423076923076906 0.955782608695652
0.5900576923076921 0.7138478260869566
0.6686346153846154 0.6261956521739132
0.7430769230769232 0.5420434782608695
0.7989102564102564 0.42633695652173925
0.8506025641025642 0.32114130434782595
0.8609423076923077 0.23348913043478256
0.8588782051282052 0.16686956521739135
0.8113141025641025 0.1247934782608695
0.749282051282051 0.1247934782608695
0.6686346153846154 0.15634782608695638
0.5900576923076921 0.2124456521739129
0.5176858974358975 0.26854347826086944
0.434974358974359 0.2895869565217391
0.34812179487179495 0.40529347826086964
0.2943589743589745 0.5069782608695652
0.5590384615384614 0.7979999999999999
0.49700641025641035 0.7594347826086956
0.4080897435897435 0.7664456521739131
0.3501923076923077 0.8295543478260868
0.2943589743589745 0.8505978260869564
0.3005641025641024 0.7839782608695652
0.33985256410256404 0.7033260869565217
0.38327564102564105 0.6296956521739129
0.38534615384615367 0.5104782608695652
0.4225641025641027 0.4123043478260868
0.4783974358974359 0.36321739130434777
0.5590384615384614 0.39127173913043495
0.5900576923076921 0.46490217391304334
0.6293461538461538 0.552554347826087
0.650025641025641 0.5981413043478261
0.5507692307692309 0.2755652173913044
0.6086666666666667 0.2860760869565216
0.6541602564102562 0.2720543478260869
0.7203333333333335 0.21595652173913038
0.7823653846153844 0.18439130434782608
}
