version: 2
n_points: 55
{
0.8907103825136612 0.16997167138810199
0.6994535519125683 0.09348441926345609
0.5245901639344263 0.031161473087818695
0.36065573770491804 0.014164305949008499
0.20765027322404372 0.0453257790368272
0.10382513661202186 0.1048158640226629
0.04371584699453552 0.19263456090651557
0.0273224043715847 0.29178470254957506
0.0273224043715847 0.3937677053824363
0.08196721311475409 0.49575070821529743
0.14754098360655737 0.5750708215297451
0.23497267759562843 0.660056657223796
0.32786885245901637 0.7393767705382436
0.4207650273224044 0.8186968838526912
0.5191256830601093 0.8951841359773371
0.5901639344262295 0.9461756373937678
0.6885245901639344 0.9801699716713881
0.7923497267759563 0.9858356940509915
0.9016393442622951 0.9660056657223796
0.9726775956284153 0.9093484419263456
0.7213114754098361 0.37960339943342775
0.6939890710382514 0.3059490084985836
0.6666666666666666 0.2237960339943343
0.5683060109289617 0.16147308781869688
0.44808743169398907 0.11614730878186968
0.273224043715847 0.11331444759206799
0.17486338797814208 0.1671388101983003
0.1366120218579235 0.24362606232294617
0.12021857923497267 0.3286118980169972
0.14754098360655737 0.40509915014164305
0.18032786885245902 0.46742209631728043
0.21311475409836064 0.5184135977337111
0.2459016393442623 0.5609065155807366
0.30601092896174864 0.5977337110481586
0.3551912568306011 0.6203966005665722
0.8688524590163934 0.45609065155807366
0.8087431693989071 0.5042492917847026
0.7978142076502732 0.5637393767705382
0.8415300546448088 0.6175637393767706
0.8360655737704918 0.6487252124645893
0.7213114754098361 0.6260623229461756
0.6010928961748634 0.5864022662889519
0.4972677595628415 0.5410764872521246
0.3989071038251366 0.5382436260623229
0.32786885245901637 0.48725212464589235
0.31693989071038253 0.43342776203966005
0.32786885245901637 0.3654390934844193
0.4207650273224044 0.3286118980169972
0.546448087431694 0.31444759206798867
0.6612021857923497 0.28895184135977336
0.20765027322404372 0.44192634560906513
0.19672131147540983 0.3654390934844193
0.2185792349726776 0.2804532577903683
0.2459016393442623 0.21246458923512748
0.30601092896174864 0.14447592067988668
}
