version: 2
n_points: 55
{
0.9330724637681151 0.22090350877192988
0.8741884057971009 0.11947368421052636
0.7473768115942023 0.05916666666666671
0.5933913043478255 0.05094736842105269
0.47563768115941973 0.061912280701754446
0.3443043478260862 0.09206140350877197
0.22655072463768042 0.16059649122807024
0.1314347826086959 0.25379824561403513
0.07708695652173937 0.3552192982456141
0.07256521739130442 0.45938596491228073
0.07256521739130442 0.5498508771929824
0.10879710144927543 0.6320877192982456
0.1540869565217392 0.7088421052631578
0.1857826086956516 0.7664035087719299
0.23107246376811535 0.8267105263157896
0.28995652173912967 0.8733157894736842
0.3578840579710139 0.9253947368421053
0.43940579710144867 0.9637719298245614
0.5209275362318835 0.9610350877192981
0.5979275362318833 0.9336228070175437
0.57527536231884 0.44568421052631574
0.6296231884057966 0.3744122807017545
0.7383188405797095 0.3168421052631579
0.8062608695652166 0.259280701754386
0.8017246376811589 0.1934912280701755
0.7292608695652169 0.16881578947368425
0.5616956521739123 0.171561403508772
0.43034782608695593 0.21267543859649127
0.3261884057971007 0.27572807017543866
0.26730434782608636 0.3497368421052632
0.2084347826086949 0.4210087719298246
0.2084347826086949 0.4977631578947369
0.2038985507246371 0.5690350877192983
0.23560869565217316 0.6320877192982456
0.26730434782608636 0.673201754385965
0.6885072463768108 0.5306578947368421
0.6522753623188399 0.6183771929824562
0.6522753623188399 0.6786842105263158
0.6703913043478253 0.7060964912280702
0.6341594202898543 0.7664035087719299
0.611507246376811 0.7280263157894737
0.5481014492753618 0.673201754385965
0.45299999999999924 0.6567543859649123
0.3624202898550717 0.6320877192982456
0.31713043478260794 0.5443684210526315
0.31259420289855017 0.4758333333333334
0.35336231884057895 0.4237543859649122
0.43034782608695593 0.3935964912280702
0.5526376811594196 0.35248245614035095
0.6613333333333326 0.3195877192982457
0.2718405797101442 0.38263157894736843
0.31713043478260794 0.32507017543859656
0.38959420289854996 0.27298245614035094
0.4439420289855065 0.2373508771929825
0.502811594202898 0.2071929824561404
}
