version: 2
n_points: 55
{
0.8742853333333332 0.4332802197802196
0.9104773333333332 0.515697802197802
0.9542853333333332 0.6020384615384617
0.9847626666666666 0.7354780219780218
0.9504773333333333 0.8846153846153846
0.8876186666666666 0.9395604395604396
0.8133333333333334 0.970956043956044
0.7295226666666668 0.970956043956044
0.64 0.9277857142857141
0.5485706666666668 0.8649945054945054
0.45142933333333324 0.8375219780219778
0.35428533333333323 0.794346153846154
0.2685706666666665 0.7158571428571425
0.18857066666666655 0.6177417582417581
0.1180960000000002 0.5196208791208793
0.07047733333333361 0.44505494505494503
0.03047733333333358 0.33908791208791245
0.013333333333333308 0.19780219780219777
0.022855999999999765 0.11146153846153817
0.03047733333333358 0.02511538461538476
0.5923813333333334 0.16247802197802208
0.660952 0.272368131868132
0.7314293333333333 0.3665604395604398
0.7809519999999999 0.5
0.8304773333333333 0.6687582417582421
0.8704773333333333 0.794346153846154
0.9085706666666669 0.8846153846153846
0.8514293333333331 0.8924670329670328
0.7809519999999999 0.89639010989011
0.7142853333333332 0.8767637362637364
0.6114293333333332 0.8178956043956043
0.5485706666666668 0.8218186813186814
0.48 0.8296703296703296
0.3980959999999999 0.778648351648352
0.33142933333333346 0.6530604395604394
0.5580959999999999 0.11146153846153817
0.5295226666666668 0.20957692307692322
0.4323813333333334 0.2684450549450548
0.35428533333333323 0.2291978021978025
0.29142933333333354 0.19387912087912063
0.2647626666666668 0.29591758241758226
0.30857066666666655 0.35086263736263723
0.3371440000000002 0.48822527472527455
0.3847626666666668 0.6569835164835166
0.4590480000000001 0.7629505494505493
0.5352373333333335 0.7511758241758245
0.5847626666666665 0.6726868131868131
0.6247626666666666 0.570642857142857
0.6495226666666667 0.4529065934065932
0.6742853333333332 0.3351648351648352
0.6323813333333335 0.8061208791208794
0.6819040000000001 0.778648351648352
0.7257146666666667 0.7747252747252747
0.7828560000000001 0.7590274725274727
0.822856 0.7472527472527473
}
