version: 2
n_points: 55
{
0.8620388888888888 0.7058299999999997
0.9175944444444443 0.5608299999999997
0.959261111111111 0.3958299999999997
0.9675944444444443 0.28083000000000025
0.934261111111111 0.15583000000000027
0.8474055555555556 0.08300000000000012
0.7640722222222223 0.05632999999999981
0.6788888888888889 0.05632999999999981
0.5899999999999999 0.09966999999999984
0.5066666666666666 0.12966999999999984
0.4344444444444444 0.15966999999999984
0.35296111111111117 0.2163299999999998
0.280738888888889 0.27300000000000013
0.2103722222222223 0.3596699999999998
0.1362944444444445 0.47633000000000036
0.07703888888888899 0.5663300000000003
0.03259444444444459 0.6829999999999995
0.025183333333333446 0.8129999999999995
0.06777777777777771 0.8996699999999999
0.1844444444444444 0.9529999999999995
0.5696277777777778 0.7196699999999998
0.6381500000000001 0.6763300000000004
0.7455555555555555 0.5863300000000004
0.8011111111111111 0.5796699999999998
0.8585166666666668 0.47633000000000036
0.8788888888888888 0.4029999999999995
0.89185 0.2763299999999998
0.8603722222222223 0.19966999999999985
0.8103722222222223 0.14300000000000013
0.7418500000000001 0.11632999999999981
0.6529611111111112 0.1363299999999998
0.5640722222222223 0.17632999999999982
0.4788888888888888 0.2263299999999998
0.4066666666666666 0.25966999999999985
0.330738888888889 0.3363299999999998
0.601111111111111 0.7963300000000004
0.5437055555555557 0.7296699999999998
0.4585166666666668 0.7263300000000004
0.3974055555555557 0.7863300000000004
0.3418500000000001 0.8296699999999998
0.35296111111111117 0.7596699999999998
0.3899999999999999 0.6596699999999999
0.38259444444444457 0.5196699999999999
0.4344444444444444 0.46966999999999987
0.49 0.45299999999999957
0.5492611111111112 0.5129999999999996
0.5899999999999999 0.5529999999999995
0.6325944444444446 0.5796699999999998
0.6566666666666666 0.6063300000000004
0.6714833333333334 0.6429999999999996
0.4344444444444444 0.28966999999999987
0.5140722222222223 0.27300000000000013
0.6066666666666666 0.27966999999999986
0.7085166666666667 0.2996699999999998
0.8288888888888888 0.2930000000000001
}
