version: 2
n_points: 55
{
0.15039199999999983 0.6728695652173913
0.07688000000000011 0.5436086956521742
0.04011999999999989 0.3830144927536232
0.05741600000000017 0.2302463768115942
0.12444799999999986 0.13233333333333297
0.21525599999999986 0.08140579710144957
0.30823199999999995 0.07357971014492748
0.373096 0.10491304347826058
0.44660800000000017 0.12449275362318801
0.5222800000000002 0.16366666666666674
0.584984 0.2263333333333336
0.6390399999999999 0.26159420289855095
0.703904 0.29292753623188394
0.7709279999999998 0.31642028985507287
0.8401199999999999 0.40259420289855075
0.8876880000000001 0.4887681159420293
0.9222800000000002 0.5866956521739134
0.9611999999999998 0.7198695652173912
0.9655279999999998 0.8138840579710147
0.9093119999999999 0.9392173913043476
0.4076880000000001 0.6924492753623188
0.3168800000000001 0.6572028985507243
0.22823199999999996 0.6062753623188409
0.15903999999999996 0.5279420289855072
0.12660800000000016 0.4143478260869562
0.133096 0.26550724637681156
0.1763359999999998 0.17933333333333368
0.25417599999999996 0.1558260869565219
0.3211999999999998 0.17149275362318883
0.38823199999999997 0.19891304347826122
0.46174400000000015 0.2302463768115942
0.533096 0.26159420289855095
0.59796 0.2811739130434784
0.6455279999999998 0.31642028985507287
0.6909279999999999 0.3869275362318838
0.4357919999999999 0.7198695652173912
0.48984799999999995 0.6806956521739133
0.5741759999999999 0.6846231884057967
0.6152559999999998 0.7629565217391305
0.675792 0.7786231884057975
0.6693119999999999 0.6767826086956519
0.6368800000000001 0.6180289855072465
0.628232 0.5201014492753623
0.6066080000000001 0.42218840579710104
0.5395760000000001 0.34775362318840586
0.47903999999999997 0.37126086956521764
0.4357919999999999 0.42610144927536253
0.38606399999999985 0.5083623188405797
0.37741600000000014 0.590608695652174
0.3622800000000002 0.6532898550724637
0.4811999999999998 0.2576666666666666
0.41417599999999993 0.277260869565217
0.35579199999999994 0.3085942028985509
0.299576 0.3046811594202903
0.20011999999999988 0.36734782608695626
}
