version: 2
n_points: 55
{
0.8745318352059925 0.2976588628762542
0.9194756554307116 0.40802675585284276
0.9588014981273408 0.5150501672240803
0.9906367041198502 0.68561872909699
0.9625468164794008 0.8327759197324415
0.8857677902621723 0.9364548494983278
0.8071161048689138 0.9732441471571907
0.7378277153558053 0.9832775919732442
0.6479400749063671 0.9565217391304348
0.5692883895131087 0.9096989966555185
0.48127340823970033 0.8795986622073578
0.39138576779026213 0.8260869565217391
0.30149812734082393 0.7391304347826086
0.22284644194756553 0.6387959866220736
0.1573033707865169 0.5250836120401338
0.0898876404494382 0.4247491638795987
0.029962546816479363 0.3177257525083612
0.009363295880149836 0.21404682274247488
0.02621722846441943 0.11371237458193983
0.03183520599250933 0.01672240802675584
0.5767790262172285 0.2675585284280937
0.6591760299625469 0.28428093645484953
0.7378277153558053 0.3377926421404682
0.8071161048689138 0.4046822742474916
0.8558052434456929 0.5317725752508361
0.8820224719101124 0.68561872909699
0.8820224719101124 0.8294314381270903
0.8239700374531835 0.8795986622073578
0.7209737827715356 0.8695652173913043
0.6273408239700374 0.8528428093645485
0.5393258426966292 0.8160535117056856
0.4325842696629213 0.782608695652174
0.38014981273408244 0.7324414715719063
0.3314606741573034 0.6755852842809364
0.3033707865168539 0.6153846153846154
0.5411985018726592 0.14046822742474918
0.47003745318352064 0.17391304347826086
0.40074906367041196 0.20401337792642138
0.33520599250936334 0.15719063545150502
0.2752808988764045 0.12374581939799334
0.29400749063670417 0.254180602006689
0.35580524344569286 0.3946488294314381
0.35767790262172283 0.5117056856187291
0.3876404494382022 0.6153846153846154
0.4325842696629213 0.6956521739130435
0.5056179775280899 0.745819397993311
0.5767790262172285 0.7157190635451505
0.6292134831460674 0.6187290969899666
0.6554307116104869 0.4882943143812709
0.6891385767790262 0.3311036789297659
0.5636704119850187 0.7959866220735786
0.6254681647940075 0.7725752508361204
0.696629213483146 0.7591973244147157
0.7696629213483146 0.7491638795986622
0.8370786516853932 0.725752508361204
}
