version: 2
n_points: 55
{
0.9004166666666669 0.42337500000000006
0.9458712121212123 0.5662222222222218
0.956689393939394 0.7289305555555556
0.9242196969696971 0.8519444444444441
0.8506287878787879 0.9074999999999996
0.7640530303030304 0.9194027777777778
0.6753030303030302 0.8995555555555552
0.5908863636363637 0.8559027777777778
0.5129696969696969 0.7924166666666663
0.45019696969696965 0.7249583333333334
0.3852651515151516 0.6773333333333329
0.32898484848484844 0.6336805555555556
0.2467348484848486 0.5741666666666663
0.20344696969696985 0.5225694444444444
0.1449999999999999 0.46701388888888884
0.07140909090909087 0.41145833333333337
0.03678030303030322 0.31622222222222185
0.04327272727272724 0.1694027777777778
0.10171212121212114 0.062263888888888896
0.19262121212121208 0.07019444444444412
0.6449999999999999 0.3559027777777778
0.751060606060606 0.41145833333333337
0.8527954545454547 0.4828888888888885
0.8982500000000001 0.6019444444444442
0.9047424242424241 0.6971805555555556
0.8939166666666668 0.8043194444444445
0.8268181818181817 0.8559027777777778
0.7467348484848486 0.8678194444444445
0.6449999999999999 0.8360694444444445
0.5605833333333334 0.7884444444444441
0.49565151515151507 0.7368611111111107
0.43287878787878775 0.6932083333333334
0.3636136363636364 0.6495555555555552
0.2900227272727274 0.578125
0.21209848484848493 0.47495833333333337
0.6017121212121211 0.3003472222222222
0.547598484848485 0.3201944444444441
0.4783333333333333 0.28051388888888895
0.41989393939393926 0.18923611111111116
0.3527954545454547 0.16145833333333337
0.33331060606060614 0.20115277777777785
0.3852651515151516 0.3559027777777778
0.40041666666666675 0.490833333333333
0.45019696969696965 0.5662222222222218
0.5043106060606062 0.5662222222222218
0.5454318181818183 0.5543194444444445
0.5779015151515152 0.5067083333333333
0.6082045454545455 0.4630555555555552
0.6341818181818182 0.41145833333333337
0.6385075757575759 0.3836805555555556
0.5194621212121213 0.7130555555555552
0.6255227272727274 0.7130555555555552
0.7359090909090908 0.6932083333333334
0.798681818181818 0.6733750000000001
0.8636136363636364 0.6416250000000001
}
