version: 2
n_points: 55
{
0.9190638977635783 0.2854425287356317
0.9531405750798722 0.4463620689655168
0.9829616613418531 0.5919540229885057
0.9765718849840257 0.7337183908045972
0.9318434504792333 0.825672413793103
0.865814696485623 0.8984655172413798
0.7806166134185303 0.9444425287356326
0.6911597444089456 0.9712643678160919
0.5910543130990416 0.9597701149425287
0.5058562300319488 0.9022988505747126
0.41000958466453663 0.852488505747127
0.337594249201278 0.8218390804597702
0.25452715654952085 0.7567068965517236
0.18849840255591055 0.6417643678160915
0.12034185303514389 0.5842931034482755
0.064961661341853 0.4961666666666672
0.02449520766773139 0.37356321839080464
0.015974440894568676 0.18965517241379315
0.058571884984025435 0.07471264367816088
0.11395207667731644 0.028735632183908066
0.597444089456869 0.2662816091954028
0.697549520766773 0.3467413793103453
0.7891373801916933 0.42337356321839037
0.8551661341853036 0.5459770114942528
0.8828530351437699 0.6149425287356323
0.853035143769968 0.77969540229885
0.7657092651757189 0.8295000000000005
0.6656006389776357 0.8180057471264373
0.584664536741214 0.825672413793103
0.5228977635782748 0.806511494252874
0.4568690095846646 0.7911896551724134
0.39723003194888173 0.7682011494252869
0.3333322683706069 0.7068965517241379
0.307773162939297 0.6647528735632179
0.30138338658146957 0.599614942528736
0.584664536741214 0.19348850574712595
0.5463258785942492 0.22030459770114985
0.4653897763578275 0.24712643678160917
0.3951022364217254 0.19731609195402344
0.3269424920127795 0.18965517241379315
0.34398402555910557 0.2586206896551724
0.3780607028753993 0.2969367816091949
0.3738019169329073 0.41187931034482705
0.3738019169329073 0.4923390804597696
0.4142715654952077 0.5076609195402304
0.47603833865814693 0.5
0.5122460063897762 0.4693505747126432
0.576143769968051 0.43103448275862066
0.6230031948881789 0.39271839080459814
0.6357827476038338 0.3160919540229885
0.5740159744408946 0.7988505747126436
0.631523961661342 0.7835229885057476
0.7145910543130991 0.7528735632183908
0.7870063897763577 0.7030632183908051
0.8338658146964857 0.6111091954022994
}
