version: 2
n_points: 55
{
0.7371659919028342 0.878137614678899
0.8522307692307691 0.762256880733945
0.9374655870445343 0.5932477064220182
0.9758218623481782 0.38562385321100934
0.9268137651821863 0.19731192660550465
0.856493927125506 0.11522018348623878
0.7733927125506074 0.05727522935779812
0.6881578947368422 0.04762385321100893
0.6029271255060729 0.07176146788990828
0.5240850202429148 0.08142201834862385
0.4388502024291496 0.1007339449541286
0.3578785425101213 0.14901834862385316
0.2918218623481783 0.20213761467889924
0.22150607287449386 0.2842201834862387
0.1639716599190283 0.33250458715596326
0.09791902834008115 0.3904495412844039
0.04464777327935232 0.5159908256880733
0.016947368421052822 0.6463669724770643
0.016947368421052822 0.8153669724770642
0.048906882591093326 0.9553944954128438
0.5411295546558704 0.7332844036697247
0.6284939271255063 0.7429357798165139
0.7158582995951417 0.7284495412844038
0.7883076923076923 0.665678899082569
0.8501012145748988 0.5691100917431194
0.8820647773279352 0.4580550458715596
0.8671497975708503 0.28905504587155967
0.8053562753036437 0.19247706422018365
0.7307732793522266 0.1731651376146789
0.6455425101214574 0.16350458715596333
0.5624412955465588 0.18282568807339447
0.49212145748987846 0.19247706422018365
0.42180566801619446 0.2407614678899082
0.3600121457489879 0.3131926605504585
0.31100000000000005 0.37113761467889916
0.4878582995951416 0.8105412844036697
0.4431133603238865 0.7767339449541283
0.3919716599190284 0.7525963302752295
0.349356275303644 0.8105412844036697
0.3003481781376519 0.8057064220183486
0.32378542510121466 0.6946513761467888
0.35148582995951416 0.6222201834862385
0.34509311740890714 0.49667889908256857
0.35361943319838074 0.38562385321100934
0.40902024291497985 0.3421651376146788
0.4963846153846153 0.28905504587155967
0.5667004048582998 0.30836697247706446
0.5944008097165991 0.4290825688073393
0.6199716599190285 0.5691100917431194
0.647672064777328 0.6849908256880732
0.5816153846153846 0.20213761467889924
0.6455425101214574 0.23111009174311903
0.7115991902834007 0.2793944954128441
0.7733927125506074 0.3228532110091741
0.835186234817814 0.36631192660550455
}
