version: 2
n_points: 55
{
0.8933317073170731 0.7580952380952383
0.9421121951219511 0.6704761904761902
0.9733317073170733 0.502857142857143
0.9752829268292682 0.3619047619047619
0.9304048780487805 0.21333333333333337
0.8543073170731706 0.12891428571428573
0.7602341463414635 0.06428571428571428
0.6853170731707318 0.05067619047619046
0.5877560975609757 0.0846952380952381
0.509360975609756 0.1153047619047619
0.4431609756097562 0.14932380952380955
0.37173170731707306 0.18673333333333333
0.2898487804878048 0.23775238095238094
0.2236487804878049 0.2989809523809524
0.15570243902439018 0.42142857142857143
0.10169756097560978 0.5166666666666667
0.061624390243902316 0.5982952380952383
0.030268292682926745 0.7275523809523807
0.02155609756097554 0.8465999999999997
0.044204878048780594 0.9554380952380955
0.5459463414634145 0.7751714285714283
0.6243414634146343 0.7615619047619048
0.7219024390243902 0.7309523809523809
0.798560975609756 0.6969428571428569
0.8595365853658536 0.5540857142857141
0.8908926829268292 0.4588476190476188
0.8752146341463414 0.3057809523809524
0.7950731707317074 0.20374285714285714
0.6992585365853659 0.17313333333333336
0.6121463414634147 0.17993333333333333
0.5459463414634145 0.20034285714285716
0.47974634146341466 0.23095238095238096
0.4257365853658537 0.2683714285714286
0.36650243902439017 0.3227904761904762
0.30030243902439036 0.4588476190476188
0.5511707317073171 0.8568
0.507619512195122 0.8193904761904762
0.4309658536585367 0.8057809523809526
0.40308780487804874 0.8534000000000003
0.3299170731707316 0.8806095238095238
0.3299170731707316 0.7989809523809521
0.37173170731707306 0.7105428571428574
0.40308780487804874 0.6357142857142857
0.3943804878048781 0.5336761904761905
0.43270731707317067 0.4554380952380955
0.4919414634146342 0.42142857142857143
0.5389756097560976 0.4588476190476188
0.5790487804878048 0.5336761904761905
0.6191170731707316 0.6085047619047617
0.6557024390243902 0.7343523809523812
0.502390243902439 0.24796190476190477
0.5773073170731708 0.25816190476190476
0.6783512195121952 0.3057809523809524
0.7654585365853658 0.35
0.8508243902439023 0.4078190476190476
}
