version: 2
n_points: 55
{
0.7852070484581499 0.04748421052631602
0.8384405286343614 0.1746842105263161
0.9118590308370045 0.27116842105263184
0.9705991189427313 0.393978947368421
0.9779383259911895 0.5606421052631582
0.9265462555066081 0.7097684210526316
0.8714801762114539 0.8062631578947371
0.7870440528634361 0.8545052631578947
0.7154581497797357 0.8632736842105266
0.6457092511013216 0.8720526315789476
0.5722863436123348 0.911526315789474
0.5007004405286344 0.9422210526315792
0.4236079295154185 0.9422210526315792
0.3465154185022026 0.8983684210526319
0.26758590308370056 0.8194210526315793
0.18682378854625548 0.7580105263157897
0.11340088105726853 0.6395894736842107
0.06017180616740081 0.5167894736842108
0.019788546255506412 0.38082105263157895
0.03814537444933919 0.24924210526315782
0.5520969162995596 0.18784210526315814
0.6310220264317181 0.2580105263157897
0.7429911894273127 0.34573684210526345
0.8274273127753304 0.43784210526315814
0.9026828193832599 0.5387157894736843
0.8971762114537445 0.6571368421052631
0.8421101321585902 0.7536315789473687
0.7521674008810574 0.7536315789473687
0.6897621145374451 0.7711684210526318
0.6108325991189427 0.8062631578947371
0.5722863436123348 0.8369578947368423
0.5410837004405287 0.8676631578947368
0.48234361233480183 0.8720526315789476
0.4236079295154185 0.8545052631578947
0.3924052863436124 0.8325789473684213
0.519057268722467 0.08257894736842131
0.45848458149779747 0.20537894736842133
0.3575286343612335 0.24924210526315782
0.29879295154185037 0.2097684210526316
0.25106607929515423 0.23608421052631579
0.3042995594713658 0.3281894736842105
0.33917180616740095 0.34573684210526345
0.3777180616740089 0.4597684210526316
0.3777180616740089 0.5167894736842108
0.4346211453744493 0.543105263157895
0.47316740088105724 0.5387157894736843
0.5208898678414098 0.5211684210526318
0.5594361233480176 0.4597684210526316
0.5869691629955949 0.35450526315789466
0.6034889867841411 0.2667894736842108
0.6475418502202643 0.7711684210526318
0.7026079295154186 0.674684210526316
0.7484977973568281 0.5957368421052635
0.794387665198238 0.5167894736842108
0.8292599118942732 0.4904736842105266
}
