version: 2
n_points: 55
{
0.729381443298969 0.20588235294117646
0.595360824742268 0.13368983957219252
0.40463917525773196 0.05080213903743316
0.2190721649484536 0.026737967914438502
0.09536082474226804 0.07754010695187166
0.059278350515463915 0.15508021390374332
0.07989690721649484 0.24064171122994651
0.14175257731958762 0.32085561497326204
0.18814432989690721 0.41711229946524064
0.23969072164948454 0.5213903743315508
0.2912371134020619 0.6122994652406417
0.3582474226804124 0.6978609625668449
0.44072164948453607 0.7727272727272727
0.5128865979381443 0.8315508021390374
0.5798969072164949 0.8983957219251337
0.6520618556701031 0.946524064171123
0.7448453608247423 0.9759358288770054
0.8427835051546392 0.9679144385026738
0.8891752577319587 0.9518716577540107
0.9561855670103093 0.9331550802139037
0.68679381443299 0.3661336898395721
0.6180618556701031 0.3001764705882352
0.5184020618556704 0.23422459893048134
0.40500000000000025 0.1789679144385026
0.29847422680412367 0.15935828877005354
0.15757731958762913 0.14688235294117638
0.15414432989690718 0.20926737967914427
0.19538144329896906 0.277005347593583
0.22287628865979411 0.33048128342245997
0.21256701030927863 0.38930481283422463
0.21256701030927863 0.4499090909090911
0.27442268041237144 0.5497326203208553
0.31221649484536107 0.5835989304812836
0.37407216494845386 0.6210320855614976
0.4324948453608247 0.6549037433155079
0.8225257731958765 0.5405668449197861
0.7734329896907219 0.5736684491978608
0.7636185567010312 0.6220534759358286
0.8274329896907219 0.6831657754010693
0.8304536082474224 0.7018128342245991
0.7868453608247424 0.6833048128342247
0.7352989690721651 0.6236577540106953
0.6639278350515465 0.5989732620320858
0.5528969072164945 0.5928021390374334
0.4299793814432992 0.5681229946524066
0.33085567010309297 0.48585026737967935
0.33085567010309297 0.4220909090909093
0.37447422680412384 0.35833155080213897
0.4735979381443301 0.325422459893048
0.5846185567010312 0.30691443850267364
0.23569072164948476 0.31513903743315497
0.26741237113402083 0.271946524064171
0.27534020618556726 0.23492513368983947
0.29120618556701044 0.2040748663101603
0.29120618556701044 0.18144919786096247
}
