version: 2
n_points: 55
{
0.8461322751322751 0.5658124999999998
0.9198306878306879 0.4402499999999998
0.968962962962963 0.29516406250000005
0.9708518518518517 0.16960937500000006
0.9292804232804234 0.08310937500000004
0.8593597883597883 0.04962500000000003
0.7781058201058202 0.04404687500000004
0.6798465608465607 0.06915625000000003
0.5853650793650794 0.10542968750000004
0.4795449735449736 0.16402343750000004
0.3850582010582011 0.21425000000000005
0.28679894179894205 0.28679687500000006
0.18475661375661367 0.3956093749999998
0.1167301587301588 0.4932656249999998
0.043037037037037096 0.6216171875000001
0.026026455026454953 0.7276406249999998
0.03169841269841267 0.8141406249999998
0.043037037037037096 0.8783124999999998
0.05437037037037018 0.9257421875
0.06382010582010589 0.9648046875
0.5948095238095237 0.6718359375
0.6817354497354498 0.6160312499999998
0.7554285714285714 0.5686015625
0.8026719576719576 0.46257812499999984
0.8385767195767195 0.29516406250000005
0.8593597883597883 0.23657031250000005
0.849915343915344 0.11659375000000005
0.8007830687830688 0.09706250000000005
0.7214179894179895 0.12496093750000004
0.6420529100529101 0.15565625000000005
0.5645767195767195 0.20308593750000004
0.48898941798941786 0.22540625000000003
0.4152962962962963 0.27005468750000006
0.3642751322751323 0.31748437500000004
0.30947619047619035 0.3956093749999998
0.4795449735449736 0.6997421875000001
0.4436402116402117 0.6439374999999998
0.35860317460317437 0.6606796875000001
0.2943597883597885 0.7332187499999998
0.23388888888888915 0.7388046875000001
0.2697936507936507 0.6634687499999998
0.3378201058201056 0.6048749999999998
0.35671428571428565 0.5267499999999998
0.420962962962963 0.5044296875000001
0.4814338624338623 0.4988437499999998
0.538121693121693 0.5127968749999998
0.5853650793650794 0.5127968749999998
0.6174867724867724 0.5267499999999998
0.6458306878306879 0.5686015625
0.6685079365079365 0.6076640625
0.5796931216931218 0.23378125000000005
0.6326031746031746 0.24214843750000004
0.7006296296296295 0.25610156250000005
0.7743280423280424 0.25889062500000004
0.8329047619047618 0.26726562500000006
}
