version: 2
n_points: 55
{
0.8521739130434782 0.6029411764705882
0.9304347826086956 0.4264705882352941
0.9565217391304348 0.27941176470588236
0.8956521739130435 0.14705882352941177
0.8 0.08823529411764706
0.7043478260869565 0.07352941176470588
0.6347826086956522 0.08823529411764706
0.5652173913043479 0.11764705882352941
0.4956521739130435 0.14705882352941177
0.4347826086956522 0.17647058823529413
0.3739130434782608 0.23529411764705882
0.30434782608695654 0.27941176470588236
0.24347826086956526 0.3382352941176471
0.17391304347826086 0.4411764705882353
0.12173913043478257 0.5147058823529411
0.08695652173913049 0.6029411764705882
0.04347826086956519 0.6911764705882353
0.04347826086956519 0.8088235294117647
0.060869565217391286 0.8823529411764706
0.11304347826086958 0.9264705882352942
0.6521739130434783 0.6470588235294118
0.7304347826086957 0.5882352941176471
0.8 0.5147058823529411
0.8521739130434782 0.38235294117647056
0.8782608695652174 0.27941176470588236
0.817391304347826 0.17647058823529413
0.7391304347826086 0.16176470588235295
0.6521739130434783 0.19117647058823528
0.5739130434782609 0.22058823529411764
0.4869565217391304 0.23529411764705882
0.4173913043478261 0.27941176470588236
0.33913043478260874 0.3382352941176471
0.27826086956521734 0.39705882352941174
0.25217391304347825 0.47058823529411764
0.21739130434782605 0.47058823529411764
0.6 0.6617647058823529
0.5391304347826087 0.6323529411764706
0.4434782608695652 0.6470588235294118
0.4173913043478261 0.7352941176470589
0.34782608695652173 0.75
0.34782608695652173 0.6029411764705882
0.3913043478260869 0.5735294117647058
0.408695652173913 0.5147058823529411
0.4521739130434783 0.4264705882352941
0.4956521739130435 0.4117647058823529
0.5826086956521739 0.39705882352941174
0.6086956521739131 0.39705882352941174
0.6260869565217391 0.4411764705882353
0.6521739130434783 0.5
0.6782608695652175 0.5882352941176471
0.4608695652173913 0.27941176470588236
0.5826086956521739 0.2647058823529412
0.7043478260869565 0.23529411764705882
0.7739130434782608 0.25
0.8347826086956522 0.27941176470588236
}
