version: 2
n_points: 55
{
0.12014814814814835 0.6930759493670884
0.0747481481481482 0.5664936708860757
0.04845925925925927 0.4766582278481013
0.038903703703703774 0.3786582278481011
0.07235555555555556 0.24798734177215198
0.13448148148148129 0.15407594936708857
0.20617037037037056 0.08874683544303796
0.2515703703703703 0.06832911392405061
0.32802962962962956 0.11324050632911387
0.4307777777777776 0.15407594936708857
0.5215777777777778 0.21124050632911384
0.6004296296296295 0.2561645569620252
0.7031777777777776 0.3419113924050632
0.7724148148148149 0.4161772151898733
0.8501925925925927 0.4763037974683543
0.9020444444444445 0.5332658227848099
0.9483407407407408 0.6250379746835442
0.9668592592592593 0.7263037974683543
0.9687111111111112 0.8307341772151897
0.9650074074074075 0.944658227848101
0.40389629629629636 0.7199746835443036
0.3316740740740742 0.694658227848101
0.23167407407407414 0.6313670886075947
0.17056296296296303 0.5332658227848099
0.15574814814814822 0.4668101265822784
0.1687111111111112 0.37187341772151883
0.18722962962962972 0.25162025316455683
0.2557481481481482 0.21048101265822772
0.31500740740740746 0.20098734177215172
0.37056296296296304 0.21364556962025305
0.42797037037037045 0.24529113924050616
0.47797037037037043 0.2674430379746834
0.5187111111111112 0.2959240506329113
0.5687111111111112 0.3497215189873416
0.6205629629629631 0.42250632911392394
0.42982222222222227 0.8275696202531644
0.4742666666666667 0.7674430379746834
0.5372296296296297 0.7136455696202529
0.6038962962962964 0.7389620253164555
0.6576000000000001 0.8054177215189872
0.6390814814814816 0.6725063291139238
0.5742666666666667 0.6187088607594935
0.5650074074074075 0.5269367088607593
0.5224148148148149 0.4573164556962024
0.470562962962963 0.4288354430379745
0.40574814814814825 0.43199999999999983
0.3631555555555556 0.47313924050632894
0.3372296296296297 0.5395949367088606
0.3298222222222223 0.6092151898734175
0.3261185185185186 0.6725063291139238
0.40204444444444454 0.2611139240506327
0.34278518518518525 0.2674430379746834
0.28537777777777784 0.2864303797468353
0.23537777777777785 0.30541772151898716
0.2076000000000001 0.3465569620253163
}
