version: 2
n_points: 55
{
0.7184378109452736 0.11179562043795643
0.8257960199004976 0.2731459854014602
0.8964925373134328 0.44602189781021906
0.9724328358208956 0.6726861313868615
0.9593383084577114 0.8263576642335767
0.8991144278606964 0.9262408759124087
0.8179402985074627 0.9492919708029197
0.7341492537313434 0.9569708029197082
0.629407960199005 0.9608175182481749
0.5508557213930347 0.9416058394160584
0.48015422885572123 0.9108686131386861
0.3989800995024878 0.8762992700729927
0.30995522388059726 0.8186715328467155
0.21306965174129355 0.7379927007299272
0.14237313432835796 0.6496350364963503
0.06643283582089532 0.5420656934306571
0.02453731343283594 0.411445255474453
0.02192039800995005 0.2731459854014602
0.032393034825870526 0.14252554744525514
0.06905472636815924 0.03495620437956193
0.6136965174129354 0.33845255474452596
0.7053432835820895 0.3154087591240877
0.7655721393034826 0.3691897810218975
0.8153233830845771 0.5113357664233577
0.8415074626865671 0.6496350364963503
0.7786616915422887 0.8109854014598541
0.7105820895522388 0.8109854014598541
0.6241741293532339 0.8532481751824816
0.5403830845771143 0.837875912408759
0.4565870646766169 0.8301970802919706
0.41993034825870623 0.8186715328467155
0.33090049751243766 0.7610437956204382
0.2890049751243783 0.6957372262773724
0.23925373134328376 0.6381094890510952
0.18950248756218924 0.5151751824817514
0.5848955223880599 0.22320437956204342
0.49848258706467685 0.22704379562043808
0.4277860696517414 0.2424160583941607
0.3623233830845771 0.17326277372262744
0.30733333333333335 0.15789781021897775
0.30733333333333335 0.2885109489051092
0.35446766169154253 0.4152919708029196
0.35185074626865664 0.5305401459854012
0.3806517412935322 0.6496350364963503
0.44611442786069644 0.7072627737226276
0.5168159203980099 0.7111021897810222
0.5875124378109451 0.6765255474452552
0.6398855721393035 0.5920072992700731
0.6791592039800995 0.47675912408759147
0.7210547263681593 0.3691897810218975
0.49586567164179096 0.8109854014598541
0.590134328358209 0.8109854014598541
0.6791592039800995 0.787934306569343
0.7446218905472636 0.7533649635036497
0.7786616915422887 0.7418394160583938
}
