version: 2
n_points: 55
{
0.7743566176470589 0.966105633802817
0.9053308823529411 0.8164577464788734
0.9650735294117647 0.653605633802817
0.9811580882352942 0.4511408450704226
0.9443933823529411 0.30149295774647894
0.8853860294117647 0.18064788732394396
0.8118566176470587 0.1135774647887327
0.7103161764705883 0.06327464788732404
0.6332867647058824 0.04315492957746509
0.5492536764705882 0.036450704225352425
0.4722205882352942 0.053218309859155044
0.3881874999999999 0.1001619718309856
0.3094080882352941 0.16052816901408423
0.22712500000000002 0.23765492957746448
0.16759926470588227 0.3214929577464792
0.10107352941176462 0.4220985915492957
0.04680147058823536 0.5059366197183096
0.015290441176470604 0.6333661971830985
0.05030147058823531 0.7138450704225351
0.10807720588235314 0.7306126760563377
0.5755147058823531 0.797683098591549
0.6367867647058825 0.8915774647887327
0.7138198529411764 0.9351760563380279
0.7978529411764707 0.871457746478873
0.8661286764705882 0.7507323943661974
0.895889705882353 0.6736056338028172
0.8993933823529412 0.5461760563380282
0.890639705882353 0.3986197183098594
0.8241139705882352 0.3214929577464792
0.7768419117647059 0.21083098591549287
0.6735514705882353 0.1571760563380279
0.5545036764705882 0.15382394366197155
0.45471323529411767 0.1739436619718313
0.37593382352941185 0.2544225352112679
0.2901470588235294 0.3416126760563381
0.47572426470588236 0.8815211267605637
0.41970220588235296 0.8178028169014088
0.3864375 0.7675000000000001
0.3094080882352941 0.8043873239436616
0.2463823529411765 0.8110985915492961
0.2603860294117647 0.733964788732394
0.3636764705882354 0.5964788732394369
0.4021948529411764 0.46904225352112705
0.4442095588235294 0.40533098591549305
0.5037352941176472 0.35838028169014075
0.5615073529411765 0.33155633802816914
0.6122794117647059 0.3617323943661971
0.6332867647058824 0.4489225352112673
0.661297794117647 0.5964788732394369
0.6437904411764706 0.7809154929577464
0.6858088235294119 0.21753521126760553
0.7383272058823529 0.26448591549295786
0.7873492647058823 0.34496478873239445
0.8101066176470588 0.4321549295774647
0.8556250000000001 0.49587323943661965
}
