version: 2
n_points: 55
{
0.9101796407185628 0.5957446808510638
0.9520958083832335 0.44680851063829785
0.9700598802395209 0.2872340425531915
0.9281437125748503 0.1702127659574468
0.8622754491017964 0.0851063829787234
0.7844311377245509 0.05319148936170213
0.688622754491018 0.05319148936170213
0.6150179640718565 0.08751063829787233
0.5494371257485029 0.12804255319148938
0.46674251497006003 0.18882978723404256
0.38405389221556885 0.23948936170212767
0.2956586826347305 0.2749468085106386
0.2272215568862277 0.33574468085106385
0.16449101796407206 0.41679787234042526
0.0932035928143713 0.5231808510638295
0.04473053892215584 0.6143617021276596
0.02762275449101792 0.7308723404255318
0.03047305389221555 0.857521276595745
0.09035329341317366 0.9385744680851064
0.15023353293413177 0.9537765957446805
0.5665449101796407 0.6954148936170216
0.6748982035928146 0.6599574468085107
0.7518862275449102 0.5637021276595745
0.8374311377245509 0.48264893617021304
0.8830538922155691 0.4015957446808511
0.9014311377245509 0.2805744680851066
0.8925628742514969 0.20177659574468068
0.8348982035928143 0.14267021276595745
0.7484011976047904 0.10327659574468114
0.6530419161676646 0.13085106382978737
0.5665449101796407 0.19389361702127658
0.4977964071856288 0.2254148936170215
0.4223892215568862 0.2372340425531916
0.3358982035928145 0.2884574468085107
0.24718562874251482 0.43818085106383003
0.5687604790419162 0.7533936170212768
0.5044491017964072 0.7139893617021278
0.4356946107784433 0.7218723404255318
0.39577844311377264 0.784914893617021
0.3514191616766468 0.8124893617021279
0.3137185628742516 0.7652127659574469
0.3625089820359281 0.6312446808510637
0.35585628742514963 0.4775851063829784
0.3935568862275448 0.37513829787234015
0.4467844311377246 0.35543617021276597
0.5221916167664672 0.36725531914893605
0.5820718562874252 0.4145425531914892
0.6042455089820359 0.5012234042553192
0.6264251497005988 0.5603297872340425
0.6574730538922156 0.6233723404255317
0.5399341317365268 0.2254148936170215
0.635299401197605 0.2214787234042555
0.7107005988023953 0.2451170212765957
0.7971976047904192 0.27270212765957463
0.8770359281437125 0.2805744680851066
}
