version: 2
n_points: 55
{
0.9446301369863014 0.09009424083769647
0.7791095890410958 0.05519371727748677
0.6078767123287672 0.03119371727748705
0.4366438356164384 0.03992146596858639
0.2825342465753425 0.087916230366492
0.18550684931506853 0.15336125654450247
0.1113013698630137 0.23843979057591608
0.08276712328767126 0.32787958115183247
0.07134246575342464 0.4129581151832461
0.07134246575342464 0.49149214659685864
0.07705479452054795 0.567842931937173
0.08276712328767126 0.6420157068062827
0.08846575342465751 0.7074607329842932
0.10558904109589039 0.781633507853403
0.1797945205479452 0.8667120418848167
0.3053698630136987 0.9125235602094239
0.488013698630137 0.9539685863874346
0.6478356164383562 0.9779685863874344
0.7905205479452054 0.9736020942408379
0.9275068493150684 0.9343350785340315
0.801945205479452 0.39114136125654464
0.8304794520547946 0.29951832460732997
0.819068493150685 0.21662303664921467
0.7448630136986302 0.1511780104712042
0.682082191780822 0.09663874345549753
0.4651780821917808 0.09663874345549753
0.3110684931506849 0.14463350785340315
0.2482876712328767 0.2231675392670157
0.18550684931506853 0.2842513089005234
0.16838356164383564 0.3606020942408377
0.16267123287671234 0.4347748691099475
0.15126027397260275 0.5111256544502618
0.1740821917808219 0.5787539267015706
0.23116438356164384 0.6398324607329844
0.2825342465753425 0.7052774869109949
0.8932602739726028 0.44131937172774854
0.8647260273972602 0.4958534031413614
0.7277397260273972 0.5612984293193719
0.7791095890410958 0.6114764397905758
0.841890410958904 0.6594659685863876
0.841890410958904 0.7118219895287959
0.6592465753424658 0.7030994764397904
0.5336712328767123 0.7161884816753925
0.4537671232876712 0.6485602094240838
0.3453150684931507 0.5962041884816754
0.2825342465753425 0.5242146596858639
0.3110684931506849 0.46095287958115166
0.4252328767123288 0.40205235602094225
0.5622191780821918 0.3736910994764398
0.7505753424657534 0.3453298429319373
0.20832876712328766 0.406413612565445
0.2482876712328767 0.3453298429319373
0.2825342465753425 0.2777068062827224
0.3567397260273973 0.20571727748691085
0.4537671232876712 0.1489947643979059
}
