version: 2
n_points: 55
{
0.9512178217821781 0.14150847457627125
0.8587623762376239 0.10150423728813553
0.7052970297029705 0.05277542372881349
0.551831683168317 0.02523305084745756
0.3736138613861387 0.04430084745762705
0.25975247524752487 0.0972669491525423
0.18054455445544568 0.1629449152542372
0.13599009900990114 0.23286016949152535
0.09143564356435657 0.3091313559322033
0.05183168316831697 0.4023516949152542
0.05183168316831697 0.495572033898305
0.08153465346534668 0.5803177966101695
0.12608910891089123 0.6671822033898305
0.20034653465346547 0.7476906779661017
0.30430693069306947 0.8176059322033897
0.4082673267326734 0.8896398305084745
0.5122277227722773 0.9468432203389829
0.6607425742574259 0.9807415254237287
0.7696534653465348 0.9595550847457627
0.8637128712871288 0.9447245762711863
0.848861386138614 0.419300847457627
0.8191584158415843 0.3239618644067796
0.7795544554455447 0.23709745762711856
0.7003465346534655 0.16930084745762705
0.5815346534653467 0.11209745762711858
0.45282178217821795 0.08031779661016943
0.348861386138614 0.10362288135593213
0.2647029702970298 0.1565889830508474
0.2201485148514853 0.22862288135593214
0.19539603960396054 0.2879449152542372
0.15579207920792093 0.3684533898305084
0.15579207920792093 0.4510805084745762
0.16569306930693084 0.533707627118644
0.24490099009901004 0.6120974576271185
0.34391089108910905 0.6862499999999999
0.9330198019801982 0.4553177966101694
0.8340099009900992 0.484978813559322
0.7696534653465348 0.5781991525423729
0.8191584158415843 0.6290466101694915
0.8538118811881189 0.6798940677966101
0.7548019801980199 0.7095550847457627
0.6854950495049507 0.6396398305084745
0.4825247524752477 0.6184533898305085
0.38351485148514863 0.5548940677966101
0.33400990099009914 0.5040466101694915
0.33400990099009914 0.4320127118644067
0.4231188118811883 0.3959957627118643
0.5419306930693071 0.3959957627118643
0.6656930693069308 0.3875211864406779
0.8092574257425744 0.3663347457627118
0.19539603960396054 0.3938771186440677
0.2696534653465348 0.3176059322033898
0.3736138613861387 0.2561652542372881
0.4280693069306932 0.196843220338983
0.546881188118812 0.1332838983050847
}
