version: 2
n_points: 55
{
0.8745757575757577 0.45415533980582545
0.9221893939393938 0.5537669902912623
0.9529696969696968 0.6569223300970874
0.9553333333333333 0.7691844660194175
0.9008863636363634 0.8784077669902912
0.8274924242424242 0.9451553398058252
0.7185909090909091 0.9512233009708738
0.6073257575757574 0.9178446601941749
0.5126287878787876 0.8450291262135923
0.417931818181818 0.7509805825242718
0.3327045454545452 0.6478252427184465
0.261681818181818 0.562873786407767
0.18592424242424221 0.4718543689320388
0.12199999999999989 0.38083495145631063
0.07465151515151502 0.31711650485436904
0.04387878787878763 0.2594757281553398
0.03203787878787867 0.18059223300970872
0.04150757575757569 0.11991262135922331
0.08412121212121204 0.06530097087378639
0.15514393939393933 0.041029126213592226
0.5954848484848484 0.31408737864077674
0.6712424242424242 0.38993203883495153
0.7612045454545453 0.4718543689320388
0.8156590909090907 0.5901747572815534
0.8535378787878786 0.7054660194174758
0.8511666666666665 0.8237961165048544
0.7919848484848483 0.8935728155339807
0.6925530303030301 0.8905436893203883
0.602590909090909 0.8571650485436895
0.533931818181818 0.796485436893204
0.4842196969696968 0.7418737864077671
0.45465909090909085 0.6831067961165049
0.413121212121212 0.6267281553398059
0.369128787878788 0.5672233009708736
0.3373636363636362 0.5014563106796115
0.5915151515151513 0.26030097087378623
0.5255303030303031 0.2665728155339805
0.43999999999999984 0.228990291262136
0.39601515151515154 0.18200970873786426
0.3373636363636362 0.16948543689320383
0.3471363636363637 0.238378640776699
0.3984545454545455 0.2759611650485435
0.3984545454545455 0.3573883495145629
0.4057878787878789 0.43255339805825244
0.413121212121212 0.5171165048543687
0.4815454545454547 0.5922815533980582
0.5817424242424244 0.5891456310679613
0.6208409090909093 0.5390388349514564
0.6452803030303031 0.45447572815533965
0.6526060606060606 0.4043689320388347
0.4595530303030303 0.6329902912621357
0.5328636363636365 0.6486504854368931
0.6355000000000002 0.6329902912621357
0.708818181818182 0.6236019417475728
0.7821287878787877 0.6236019417475728
}
