version: 2
n_points: 55
{
0.848967741935484 0.7832500000000001
0.8997419354838708 0.6385833333333331
0.9355913978494623 0.4996875000000003
0.9296129032258065 0.3723750000000005
0.8911720430107529 0.27879166666666677
0.8564838709677421 0.214958333333333
0.8113870967741936 0.1712708333333334
0.7576236559139785 0.14439583333333297
0.6778494623655916 0.12087500000000044
0.6084731182795702 0.13095833333333337
0.5321720430107528 0.1712708333333334
0.45759139784946223 0.2183124999999997
0.3708817204301077 0.26535416666666717
0.2928387096774191 0.30568750000000006
0.21132258064516152 0.3392916666666667
0.14194623655914007 0.3695208333333338
0.0829784946236557 0.4636041666666664
0.04309677419354818 0.6148125000000005
0.05696774193548393 0.769395833333333
0.1037956989247314 0.9004375000000001
0.5304301075268816 0.7895416666666671
0.6240860215053765 0.7391458333333331
0.7281397849462363 0.7021874999999996
0.802720430107527 0.5912916666666668
0.8391397849462368 0.4804166666666667
0.8217956989247315 0.3090416666666667
0.7610967741935482 0.2451875000000001
0.6518387096774192 0.23847916666666671
0.5495161290322583 0.25527083333333306
0.47320430107526856 0.2989583333333338
0.4090322580645164 0.3460000000000001
0.3674086021505375 0.39639583333333306
0.32751612903225813 0.47033333333333377
0.28936559139784945 0.4804166666666667
0.25815053763440843 0.49720833333333303
0.5304301075268816 0.8500416666666671
0.49748387096774216 0.7895416666666671
0.4333118279569893 0.7559583333333334
0.36567741935483855 0.7761041666666664
0.2668172043010755 0.8164375000000005
0.3084408602150538 0.7391458333333331
0.37781720430107524 0.7324374999999996
0.3986236559139785 0.6484166666666672
0.44372043010752704 0.5812083333333339
0.49401075268817185 0.5576875000000001
0.5512473118279573 0.5543333333333335
0.5876666666666669 0.6013749999999997
0.6136774193548387 0.6181875
0.6310215053763442 0.6517916666666667
0.6258172043010755 0.7189791666666672
0.39341935483870993 0.41993749999999963
0.47666666666666646 0.3392916666666667
0.5668494623655913 0.32583333333333303
0.6830537634408602 0.32920833333333377
0.7888494623655914 0.4098541666666667
}
