version: 2
n_points: 55
{
0.8292789699570816 0.9566700000000004
0.9175021459227467 0.8455600000000004
0.9771115879828326 0.6955600000000004
0.9771115879828326 0.5233299999999997
0.9580343347639485 0.3233299999999997
0.9008111587982833 0.2066700000000003
0.8197424892703863 0.1344399999999996
0.7267510729613733 0.0677800000000002
0.6433004291845494 0.0511099999999999
0.5550772532188841 0.0566700000000003
0.4620901287553648 0.0788900000000001
0.3643304721030043 0.0955600000000004
0.3047210300429185 0.1344399999999996
0.2212703862660943 0.2177800000000002
0.16166094420600852 0.2677800000000002
0.1044334763948499 0.3566700000000003
0.0639012875536481 0.5066700000000003
0.018596566523605307 0.6511099999999999
0.03051931330472102 0.74
0.05913304721030055 0.8288900000000001
0.5431587982832619 0.8066700000000003
0.6242231759656651 0.7955600000000004
0.731519313304721 0.79
0.8340472103004292 0.7288900000000001
0.8984248927038626 0.6566700000000003
0.9341931330472103 0.5288900000000001
0.9151158798283262 0.39
0.8531244635193133 0.3066700000000003
0.7887467811158798 0.2288900000000001
0.7148326180257512 0.1788900000000001
0.6409141630901287 0.1455600000000004
0.5598454935622317 0.1233299999999997
0.4740085836909871 0.1344399999999996
0.3619442060085838 0.1733299999999997
0.2451115879828326 0.2677800000000002
0.4740085836909871 0.7455600000000004
0.37863519313304717 0.7011099999999999
0.3333347639484977 0.7622199999999998
0.28564806866952785 0.8011099999999999
0.2474978540772531 0.8288900000000001
0.2618025751072961 0.7733299999999997
0.3500257510729613 0.6622199999999998
0.357175965665236 0.4566700000000003
0.41201716738197425 0.3233299999999997
0.5121587982832618 0.2288900000000001
0.5979957081545064 0.2566700000000003
0.6218412017167383 0.3844399999999996
0.6528369098712445 0.5455600000000004
0.6456824034334763 0.64
0.6504549356223177 0.7733299999999997
0.6528369098712445 0.19
0.7219828326180258 0.2955600000000004
0.7839785407725322 0.3955600000000004
0.8483562231759657 0.4677800000000002
0.8841201716738197 0.59
}
