version: 2
n_points: 55
{
0.7967479674796748 0.7894736842105263
0.8780487804878049 0.618421052631579
0.9349593495934959 0.4605263157894737
0.959349593495935 0.2631578947368421
0.9105691056910569 0.11842105263157894
0.8048780487804879 0.06578947368421052
0.7154471544715447 0.07894736842105263
0.6504065040650406 0.10526315789473684
0.5772357723577235 0.15789473684210525
0.5040650406504066 0.21052631578947367
0.4227642276422764 0.2894736842105263
0.34959349593495936 0.32894736842105265
0.26016260162601623 0.3815789473684211
0.1869918699186992 0.4605263157894737
0.12195121951219512 0.5394736842105263
0.08130081300813008 0.6052631578947368
0.04878048780487809 0.7105263157894737
0.04065040650406504 0.8421052631578947
0.08130081300813008 0.9078947368421053
0.13008130081300817 0.9342105263157895
0.6341463414634146 0.6973684210526315
0.7154471544715447 0.6052631578947368
0.7804878048780488 0.5526315789473685
0.8373983739837398 0.4342105263157895
0.8699186991869918 0.34210526315789475
0.8699186991869918 0.2236842105263158
0.8130081300813008 0.14473684210526316
0.7073170731707317 0.14473684210526316
0.6422764227642277 0.18421052631578946
0.5609756097560976 0.23684210526315788
0.4796747967479674 0.2894736842105263
0.4227642276422764 0.35526315789473684
0.36585365853658536 0.40789473684210525
0.31707317073170727 0.47368421052631576
0.2520325203252033 0.5657894736842105
0.6341463414634146 0.8026315789473685
0.5853658536585367 0.7236842105263158
0.46341463414634143 0.7368421052631579
0.4065040650406504 0.8289473684210527
0.33333333333333337 0.8026315789473685
0.33333333333333337 0.7105263157894737
0.3902439024390244 0.6578947368421053
0.39837398373983735 0.5657894736842105
0.4390243902439024 0.5394736842105263
0.5040650406504066 0.47368421052631576
0.5691056910569106 0.47368421052631576
0.6097560975609756 0.4868421052631579
0.6341463414634146 0.5263157894736842
0.6504065040650406 0.5789473684210527
0.6747967479674797 0.618421052631579
0.4878048780487805 0.32894736842105265
0.5528455284552846 0.3157894736842105
0.6504065040650406 0.3026315789473684
0.7317073170731707 0.2894736842105263
0.8211382113821138 0.27631578947368424
}
