version: 2
n_points: 55
{
0.13796111111111126 0.29417000000000026
0.0824055555555557 0.4391700000000003
0.04073888888888904 0.6041700000000003
0.0324055555555557 0.7191699999999998
0.06573888888888904 0.8441699999999998
0.15259444444444437 0.9169999999999999
0.23592777777777768 0.9436700000000002
0.3211111111111112 0.9436700000000002
0.4100000000000001 0.9003300000000002
0.4933333333333334 0.8703300000000002
0.5655555555555556 0.8403300000000001
0.6470388888888888 0.7836700000000002
0.719261111111111 0.7269999999999999
0.7896277777777777 0.6403300000000002
0.8637055555555555 0.5236699999999996
0.922961111111111 0.43366999999999967
0.9674055555555554 0.3170000000000005
0.9748166666666666 0.1870000000000005
0.9322222222222223 0.10033000000000014
0.8155555555555556 0.047000000000000486
0.43037222222222216 0.2803300000000002
0.3618499999999999 0.32366999999999957
0.25444444444444453 0.41366999999999965
0.19888888888888895 0.4203300000000002
0.14148333333333324 0.5236699999999996
0.12111111111111117 0.5970000000000004
0.10814999999999991 0.7236700000000003
0.13962777777777768 0.8003300000000002
0.18962777777777767 0.8569999999999999
0.25814999999999994 0.8836700000000002
0.3470388888888888 0.8636700000000002
0.4359277777777777 0.8236700000000001
0.5211111111111112 0.7736700000000002
0.5933333333333334 0.7403300000000002
0.669261111111111 0.6636700000000002
0.39888888888888896 0.20366999999999957
0.45629444444444434 0.2703300000000002
0.5414833333333332 0.27366999999999964
0.6025944444444443 0.21366999999999958
0.6581499999999999 0.1703300000000002
0.6470388888888888 0.24033000000000015
0.6100000000000001 0.34033000000000013
0.6174055555555554 0.48033000000000015
0.5655555555555556 0.5303300000000002
0.51 0.5470000000000004
0.4507388888888888 0.48700000000000043
0.4100000000000001 0.4470000000000005
0.36740555555555543 0.4203300000000002
0.3433333333333334 0.39366999999999963
0.32851666666666657 0.35700000000000043
0.5655555555555556 0.7103300000000001
0.4859277777777777 0.7269999999999999
0.3933333333333334 0.7203300000000001
0.29148333333333326 0.7003300000000001
0.17111111111111119 0.7069999999999999
}
