version: 2
n_points: 55
{
0.8646913043478262 0.32180701754385943
0.925182608695652 0.4247807017543861
0.9592086956521739 0.504877192982456
0.9743347826086955 0.6231052631578946
0.9497565217391305 0.7375175438596491
0.8968304347826088 0.8214298245614032
0.8533521739130435 0.9053333333333335
0.7739565217391304 0.9510964912280703
0.6832173913043478 0.9358421052631577
0.5924826086956521 0.9015175438596493
0.4979608695652171 0.8443070175438594
0.4204565217391306 0.8214298245614032
0.3183782608695651 0.7604035087719296
0.23709130434782588 0.6688684210526314
0.1463565217391306 0.546824561403509
0.07830434782608686 0.4591052631578949
0.025373913043478358 0.35994736842105257
0.017813043478260737 0.20739473684210497
0.05750869565217376 0.10060526315789464
0.11043913043478237 0.03576315789473683
0.5660173913043477 0.3637631578947368
0.6397391304347826 0.3637631578947368
0.7304782608695652 0.37520175438596515
0.7966391304347825 0.3980877192982457
0.8609130434782608 0.47435964912280704
0.9006086956521738 0.5582719298245611
0.8817043478260869 0.7108245614035087
0.8438999999999999 0.802359649122807
0.7966391304347825 0.8404912280701752
0.7210260869565218 0.8862631578947368
0.641630434782609 0.8824473684210525
0.5641260869565219 0.8481228070175437
0.49607391304347814 0.8137982456140354
0.4431434782608695 0.7527719298245612
0.4053347826086956 0.684122807017544
0.5168652173913044 0.22264912280701754
0.4866217391304348 0.26078070175438584
0.4450304347826086 0.26841228070175427
0.38832173913043466 0.24552631578947381
0.3807608695652176 0.32180701754385943
0.39777391304347853 0.39045614035087717
0.4488130434782608 0.4324122807017545
0.45070434782608715 0.5811491228070174
0.47338695652173923 0.6688684210526314
0.531986956521739 0.6917543859649125
0.5792478260869565 0.6688684210526314
0.6132739130434782 0.59259649122807
0.641630434782609 0.5125000000000002
0.6643130434782609 0.4552894736842107
0.6756565217391302 0.38664035087719295
0.5886999999999998 0.8061666666666668
0.6454086956521737 0.7832894736842106
0.7115739130434784 0.7565877192982454
0.7834086956521737 0.7375175438596491
0.8420086956521738 0.6881929824561404
}
