version: 2
n_points: 55
{
0.16666666666666663 0.20945945945945946
0.31818181818181823 0.12162162162162163
0.4696969696969697 0.060810810810810814
0.6666666666666667 0.033783783783783786
0.7878787878787878 0.060810810810810814
0.8484848484848485 0.11486486486486487
0.8939393939393939 0.19594594594594594
0.9242424242424242 0.25675675675675674
0.8939393939393939 0.3310810810810811
0.8484848484848485 0.42567567567567566
0.7878787878787878 0.5
0.7575757575757576 0.5878378378378378
0.7424242424242424 0.6756756756756757
0.696969696969697 0.777027027027027
0.5909090909090908 0.8716216216216216
0.5 0.918918918918919
0.36363636363636365 0.9527027027027027
0.2727272727272727 0.9662162162162162
0.16666666666666663 0.9594594594594594
0.0757575757575758 0.9527027027027027
0.24242424242424243 0.43243243243243246
0.2727272727272727 0.3310810810810811
0.31818181818181823 0.2635135135135135
0.4242424242424242 0.20270270270270271
0.5151515151515151 0.16216216216216217
0.6363636363636364 0.13513513513513514
0.7727272727272727 0.11486486486486487
0.8181818181818181 0.18243243243243243
0.803030303030303 0.25675675675675674
0.7878787878787878 0.3310810810810811
0.7424242424242424 0.41216216216216217
0.7575757575757576 0.4864864864864865
0.7424242424242424 0.5608108108108109
0.696969696969697 0.6081081081081081
0.5909090909090908 0.6756756756756757
0.18181818181818177 0.5135135135135135
0.25757575757575757 0.5405405405405406
0.303030303030303 0.6351351351351351
0.24242424242424243 0.7027027027027027
0.24242424242424243 0.7297297297297297
0.28787878787878785 0.6891891891891891
0.36363636363636365 0.6486486486486487
0.43939393939393945 0.6283783783783784
0.5151515151515151 0.5945945945945946
0.6363636363636364 0.5743243243243243
0.6666666666666667 0.5135135135135135
0.6363636363636364 0.46621621621621623
0.5454545454545454 0.4189189189189189
0.4242424242424242 0.38513513513513514
0.303030303030303 0.36486486486486486
0.7272727272727273 0.3783783783783784
0.6818181818181819 0.3310810810810811
0.6515151515151515 0.27702702702702703
0.6515151515151515 0.21621621621621623
0.6666666666666667 0.16891891891891891
}
