version: 2
n_points: 55
{
0.8521739130434782 0.3970588235294118
0.9304347826086956 0.5735294117647058
0.9565217391304348 0.7205882352941176
0.8956521739130435 0.8529411764705882
0.8 0.9117647058823529
0.7043478260869565 0.9264705882352942
0.6347826086956522 0.9117647058823529
0.5652173913043479 0.8823529411764706
0.4956521739130435 0.8529411764705882
0.4347826086956522 0.8235294117647058
0.3739130434782608 0.7647058823529411
0.30434782608695654 0.7205882352941176
0.24347826086956526 0.6617647058823529
0.17391304347826086 0.5588235294117647
0.12173913043478257 0.4852941176470589
0.08695652173913049 0.3970588235294118
0.04347826086956519 0.3088235294117647
0.04347826086956519 0.19117647058823528
0.060869565217391286 0.11764705882352944
0.11304347826086958 0.07352941176470584
0.6521739130434783 0.3529411764705882
0.7304347826086957 0.4117647058823529
0.8 0.4852941176470589
0.8521739130434782 0.6176470588235294
0.8782608695652174 0.7205882352941176
0.817391304347826 0.8235294117647058
0.7391304347826086 0.8382352941176471
0.6521739130434783 0.8088235294117647
0.5739130434782609 0.7794117647058824
0.4869565217391304 0.7647058823529411
0.4173913043478261 0.7205882352941176
0.33913043478260874 0.6617647058823529
0.27826086956521734 0.6029411764705883
0.25217391304347825 0.5294117647058824
0.21739130434782605 0.5294117647058824
0.6 0.3382352941176471
0.5391304347826087 0.36764705882352944
0.4434782608695652 0.3529411764705882
0.4173913043478261 0.2647058823529411
0.34782608695652173 0.25
0.34782608695652173 0.3970588235294118
0.3913043478260869 0.42647058823529416
0.408695652173913 0.4852941176470589
0.4521739130434783 0.5735294117647058
0.4956521739130435 0.5882352941176471
0.5826086956521739 0.6029411764705883
0.6086956521739131 0.6029411764705883
0.6260869565217391 0.5588235294117647
0.6521739130434783 0.5
0.6782608695652175 0.4117647058823529
0.4608695652173913 0.7205882352941176
0.5826086956521739 0.7352941176470589
0.7043478260869565 0.7647058823529411
0.7739130434782608 0.75
0.8347826086956522 0.7205882352941176
}
