version: 2
n_points: 55
{
0.11653116531165311 0.8897849462365591
0.057298102981029886 0.7185107526881719
0.02245528455284538 0.5764193548387097
0.014712737127371202 0.3959301075268815
0.045682926829268215 0.2538387096774193
0.09601355013550128 0.12327419354838698
0.15989159891598917 0.06182795698924726
0.23731978319783206 0.04646774193548375
0.33217073170731715 0.03110752688172047
0.4212168021680216 0.06182795698924726
0.5025176151761517 0.09254838709677415
0.5876883468834687 0.15015591397849448
0.6883468834688347 0.2231182795698925
0.7696476964769647 0.303763440860215
0.8548211382113821 0.43817204301075274
0.8954715447154471 0.5380161290322583
0.9535420054200541 0.6647473118279569
0.9883848238482387 0.8029946236559141
0.9806422764227641 0.8951612903225806
0.9632222222222222 0.9758064516129032
0.4367018970189703 0.7645913978494624
0.36314363143631434 0.8529193548387095
0.2741002710027101 0.8682795698924731
0.20247696476964785 0.8413978494623656
0.15795663956639552 0.7185107526881719
0.12504878048780496 0.5380161290322583
0.13472628726287278 0.37288709677419374
0.15989159891598917 0.20007526881720428
0.23538482384823842 0.2115967741935485
0.3302357723577235 0.22695698924731178
0.3902439024390244 0.22695698924731178
0.44637940379403807 0.2039193548387095
0.5218726287262874 0.2231182795698925
0.5838184281842818 0.2653602150537636
0.645761517615176 0.3613655913978495
0.4560596205962058 0.9220430107526881
0.49671002710027085 0.8413978494623656
0.5934959349593496 0.8529193548387095
0.6515691056910569 0.9297258064516127
0.7193197831978319 0.9374032258064514
0.686411924119241 0.7837956989247312
0.6089810298102982 0.687790322580645
0.6012384823848238 0.5072956989247314
0.5509105691056909 0.3959301075268815
0.4676720867208673 0.34600537634408624
0.405728997289973 0.40745161290322573
0.3825013550135502 0.48425268817204314
0.365078590785908 0.5610591397849464
0.3186205962059621 0.6532258064516129
0.3012005420054201 0.7837956989247312
0.3341084010840107 0.261521505376344
0.3012005420054201 0.2999247311827957
0.25474254742547425 0.322962365591398
0.2140921409214092 0.3191236559139786
0.17344173441734417 0.322962365591398
}
