version: 2
n_points: 55
{
0.8745757575757577 0.5458446601941745
0.9221893939393938 0.44623300970873775
0.9529696969696968 0.3430776699029125
0.9553333333333333 0.23081553398058252
0.9008863636363634 0.12159223300970874
0.8274924242424242 0.05484466019417476
0.7185909090909091 0.04877669902912622
0.6073257575757574 0.08215533980582514
0.5126287878787876 0.15497087378640767
0.417931818181818 0.24901941747572817
0.3327045454545452 0.3521747572815534
0.261681818181818 0.437126213592233
0.18592424242424221 0.5281456310679612
0.12199999999999989 0.6191650485436894
0.07465151515151502 0.682883495145631
0.04387878787878763 0.7405242718446602
0.03203787878787867 0.8194077669902913
0.04150757575757569 0.8800873786407767
0.08412121212121204 0.9346990291262136
0.15514393939393933 0.9589708737864078
0.5954848484848484 0.6859126213592233
0.6712424242424242 0.6100679611650485
0.7612045454545453 0.5281456310679612
0.8156590909090907 0.4098252427184465
0.8535378787878786 0.29453398058252417
0.8511666666666665 0.17620388349514565
0.7919848484848483 0.10642718446601931
0.6925530303030301 0.10945631067961166
0.602590909090909 0.14283495145631056
0.533931818181818 0.203514563106796
0.4842196969696968 0.2581262135922329
0.45465909090909085 0.316893203883495
0.413121212121212 0.3732718446601942
0.369128787878788 0.4327766990291264
0.3373636363636362 0.49854368932038856
0.5915151515151513 0.7396990291262138
0.5255303030303031 0.7334271844660195
0.43999999999999984 0.771009708737864
0.39601515151515154 0.8179902912621357
0.3373636363636362 0.8305145631067962
0.3471363636363637 0.761621359223301
0.3984545454545455 0.7240388349514565
0.3984545454545455 0.6426116504854371
0.4057878787878789 0.5674466019417476
0.413121212121212 0.4828834951456313
0.4815454545454547 0.4077184466019418
0.5817424242424244 0.4108543689320387
0.6208409090909093 0.46096116504854356
0.6452803030303031 0.5455242718446603
0.6526060606060606 0.5956310679611653
0.4595530303030303 0.36700970873786426
0.5328636363636365 0.351349514563107
0.6355000000000002 0.36700970873786426
0.708818181818182 0.3763980582524272
0.7821287878787877 0.3763980582524272
}
