version: 2
n_points: 55
{
0.746191176470588 0.14149152542372903
0.5991323529411763 0.0824322033898303
0.4386911764705885 0.051610169491525214
0.313926470588235 0.049042372881355746
0.1936029411764709 0.09527118644067813
0.13120588235294156 0.18001694915254254
0.08664705882352935 0.27246610169491536
0.1044705882352939 0.3443728813559324
0.12229411764705844 0.4316864406779663
0.1490294117647061 0.5241355932203391
0.19805882352941204 0.6165847457627119
0.24261764705882338 0.6987627118644069
0.3317500000000004 0.7758050847457628
0.40304411764705855 0.8425762711864405
0.46989705882352906 0.8836610169491524
0.5902058823529414 0.9401610169491528
0.6971617647058821 0.958135593220339
0.7907500000000002 0.9555677966101696
0.8754117647058827 0.9555677966101696
0.9288970588235297 0.9555677966101696
0.7255294117647061 0.40428813559322047
0.6639705882352938 0.33333898305084747
0.595573529411765 0.2446525423728816
0.5374264705882356 0.17764406779661007
0.4519264705882352 0.14020338983050834
0.37669117647058836 0.116550847457627
0.28092647058823544 0.14216949152542382
0.21595588235294122 0.17961864406779654
0.19885294117647045 0.2426864406779661
0.21252941176470586 0.325457627118644
0.20569117647058857 0.4161186440677964
0.2296323529411766 0.5087457627118642
0.26725000000000004 0.5954661016949151
0.32539705882352954 0.6723220338983051
0.4519264705882352 0.7413050847457626
0.7084264705882353 0.4318813559322033
0.6673823529411765 0.4752457627118645
0.6810735294117646 0.5658983050847458
0.7460441176470587 0.6329067796610169
0.7939264705882356 0.692033898305085
0.7118529411764707 0.7038559322033899
0.6502941176470592 0.6506440677966102
0.5203235294117647 0.6348813559322034
0.4792941176470586 0.5796949152542372
0.5237500000000002 0.5186016949152542
0.5545294117647063 0.4575084745762711
0.5682058823529408 0.42597457627118634
0.5818823529411762 0.3885254237288136
0.622926470588235 0.36290677966101675
0.6639705882352938 0.3471355932203389
0.26041176470588273 0.5205677966101697
0.26041176470588273 0.45355932203389815
0.28435294117647075 0.36684745762711873
0.3219705882352942 0.27816101694915235
0.33907352941176494 0.18158474576271205
}
