version: 2
n_points: 55
{
0.8513987341772153 0.8633846153846153
0.9285348101265823 0.6189871794871795
0.9720474683544305 0.45873076923076933
0.9839145569620255 0.25039743589743596
0.9344683544303798 0.13020512820512828
0.8711772151898736 0.054089743589743514
0.7841518987341773 0.03806410256410249
0.6911930379746836 0.03806410256410249
0.5883449367088609 0.09815384615384623
0.5131867088607596 0.1382179487179488
0.43605063291139246 0.19430769230769238
0.3549588607594938 0.266423076923077
0.2837563291139241 0.3225128205128206
0.21650949367088612 0.3866153846153847
0.15519620253164568 0.47876923076923067
0.09783860759493679 0.5388589743589745
0.04245886075949379 0.6470384615384615
0.014768987341772233 0.7672307692307692
0.022680379746835566 0.8713974358974358
0.06025949367088612 0.9715512820512822
0.6081234177215191 0.8593717948717949
0.6852594936708862 0.7872564102564104
0.7465727848101267 0.7271666666666666
0.8059082278481013 0.6590512820512822
0.8632658227848102 0.5348589743589743
0.9048006329113925 0.39864102564102555
0.9127120253164558 0.24639743589743582
0.8790886075949368 0.15825641025641018
0.8157974683544305 0.11417948717948725
0.7287721518987342 0.12219230769230777
0.6496582278481013 0.15825641025641018
0.5784556962025318 0.18229487179487172
0.47956329113924057 0.23437179487179494
0.38067088607594946 0.3225128205128206
0.307490506329114 0.4266794871794873
0.5962563291139241 0.8994358974358975
0.5191202531645571 0.7752435897435896
0.4400063291139241 0.7912692307692307
0.3866044303797469 0.8673846153846154
0.307490506329114 0.9074487179487181
0.3292468354430381 0.8393461538461537
0.3727594936708861 0.7992820512820512
0.3885822784810128 0.6630641025641025
0.4004493670886077 0.562897435897436
0.4558291139240507 0.4427051282051283
0.5052753164556962 0.43870512820512814
0.5547215189873418 0.46274358974358965
0.6140569620253166 0.5108205128205128
0.6377911392405065 0.5949487179487181
0.6714145569620253 0.7351794871794871
0.43802848101265834 0.3185128205128204
0.5349430379746836 0.2584102564102565
0.6358132911392407 0.27043589743589735
0.7505284810126583 0.29847435897435903
0.8513987341772153 0.3866153846153847
}
