version: 2
n_points: 55
{
0.8201077844311379 0.9284054054054054
0.8999461077844311 0.7782567567567569
0.9515149700598804 0.6130945945945949
0.9681437125748503 0.4028783783783782
0.9298862275449101 0.2527297297297297
0.8616946107784432 0.16639189189189174
0.7835149700598801 0.11759459459459456
0.6953592814371258 0.08005405405405376
0.6121916167664669 0.08005405405405376
0.5173832335329343 0.08756756756756781
0.4258982035928144 0.10633783783783822
0.3277604790419161 0.1288513513513517
0.24958083832335332 0.14386486486486508
0.1780598802395209 0.23020270270270304
0.11651497005988043 0.3240540540540543
0.06661676646706582 0.41413513513513533
0.030023952095808437 0.5117432432432436
0.026694610778443262 0.6656351351351352
0.06328742514970065 0.8345540540540541
0.13647305389221553 0.9359054054054055
0.5938922155688623 0.7669864864864866
0.6803892215568863 0.7294594594594597
0.7702095808383234 0.6656351351351352
0.8400658682634731 0.5642837837837839
0.8916347305389223 0.436662162162162
0.9132574850299402 0.38035135135135156
0.8616946107784432 0.27150000000000013
0.7718742514970061 0.21143243243243265
0.7003473053892217 0.18891891891891915
0.6338143712574849 0.17390540540540578
0.5606287425149701 0.17764864864864885
0.46747904191616774 0.18140540540540512
0.4059341317365269 0.2339594594594593
0.35437125748502996 0.2639864864864868
0.3244311377245509 0.35032432432432403
0.5689461077844312 0.8383108108108112
0.5140538922155687 0.7782567567567569
0.4441916167664671 0.7669864864864866
0.39762275449101814 0.8420675675675674
0.34439520958083836 0.8608378378378378
0.3244311377245509 0.7407162162162161
0.3992814371257486 0.6543783783783781
0.3992814371257486 0.5455270270270274
0.4242335329341316 0.39912162162162196
0.4741317365269462 0.31278378378378396
0.5323532934131738 0.2827567567567565
0.587239520958084 0.35032432432432403
0.6155149700598802 0.42164864864864865
0.6404670658682636 0.5305000000000001
0.6620898203592815 0.6693918918918922
0.5972215568862275 0.19641891891891924
0.6504491017964071 0.2602297297297298
0.7070000000000001 0.3240540540540543
0.7618922155688622 0.3315540540540544
0.8417305389221558 0.3878648648648648
}
