version: 2
n_points: 55
{
0.1149584487534626 0.7924566473988441
0.04174792243767313 0.672722543352601
0.016027700831024935 0.5240867052023119
0.02789750692520775 0.3630635838150289
0.0813213296398892 0.21442196531791924
0.13870083102493075 0.11532947976878616
0.22180332409972306 0.05752601156069359
0.2870997229916897 0.03275722543352588
0.36426592797783935 0.04927167630057805
0.43549584487534626 0.0740462427745665
0.5185983379501385 0.10294797687861279
0.5937867036011081 0.1359768786127168
0.6689750692520776 0.19790751445086707
0.7402049861495845 0.2969999999999998
0.8173711911357342 0.3671907514450867
0.8945401662049861 0.4580231213872832
0.9538975069252077 0.5488554913294797
0.9875346260387812 0.7016242774566472
0.9835761772853187 0.8461329479768784
0.9360914127423822 0.9741271676300578
0.41153185595567865 0.8075953757225434
0.2930360110803324 0.7722716763005781
0.18684764542936289 0.7080462427745666
0.13914127423822711 0.5667514450867052
0.1283684210526316 0.4158208092485549
0.15914681440443212 0.2648843930635838
0.2176260387811634 0.17497109826589585
0.2714903047091412 0.171757225433526
0.3315096952908588 0.18781502890173418
0.3946038781163435 0.18460693641618509
0.4592409972299169 0.19102890173410403
0.5177202216066482 0.21029479768786108
0.5777368421052631 0.2488323699421966
0.6377562326869807 0.3034219653179192
0.7023905817174515 0.3772832369942196
0.4392326869806094 0.9039364161849709
0.4946343490304709 0.8686127167630057
0.5685041551246538 0.8108092485549132
0.6392963988919668 0.8268670520231214
0.6931578947368422 0.8621907514450866
0.6669972299168975 0.7080462427745666
0.5777368421052631 0.5731734104046242
0.5746592797783934 0.4864682080924855
0.5438808864265928 0.39976300578034674
0.4884792243767313 0.3291156069364163
0.4438504155124654 0.35158959537572243
0.4207673130193906 0.4382947976878613
0.4022991689750693 0.5314277456647399
0.37921606648199446 0.659878612716763
0.3499750692520776 0.7433699421965319
0.4484681440443213 0.22956069364161846
0.38844875346260394 0.25525433526011554
0.31919667590027706 0.30984393063583826
0.25609972299168976 0.34838150289017333
0.19608310249307478 0.41260693641618484
}
