version: 2
n_points: 55
{
0.03750399999999987 0.12796442687747037
0.16250399999999987 0.06126482213438735
0.28750399999999987 0.021739130434782608
0.4325039999999999 0.0291501976284585
0.5325039999999999 0.046442687747035576
0.6075039999999999 0.09090909090909091
0.7075039999999999 0.15019762845849802
0.767504 0.20454545454545456
0.7875039999999999 0.2910079051383399
0.8125039999999999 0.35523715415019763
0.8375039999999999 0.41452569169960474
0.8875039999999998 0.48122529644268774
0.9225039999999999 0.5454545454545454
0.9375039999999999 0.6195652173913043
0.9525039999999999 0.7060276679841897
0.9075039999999999 0.8073122529644269
0.8425039999999999 0.8913043478260869
0.757504 0.9431818181818182
0.632504 0.9777667984189723
0.517504 0.982707509881423
0.21750399999999992 0.47134387351778656
0.1925039999999999 0.40711462450592883
0.1925039999999999 0.3181818181818182
0.21250399999999992 0.25148221343873517
0.27750399999999986 0.19219367588932806
0.38750399999999996 0.15019762845849802
0.5025039999999998 0.11808300395256917
0.5675039999999999 0.1650197628458498
0.6775039999999999 0.2366600790513834
0.6775039999999999 0.2984189723320158
0.7025039999999999 0.36264822134387353
0.7425039999999998 0.41946640316205536
0.7925039999999999 0.48122529644268774
0.8575039999999999 0.5528656126482213
0.8625039999999999 0.6269762845849802
0.26250399999999996 0.508399209486166
0.3325039999999999 0.5479249011857708
0.41250399999999987 0.6269762845849802
0.37250399999999995 0.6986166007905138
0.38750399999999996 0.7702569169960475
0.49750399999999995 0.7579051383399209
0.5725039999999999 0.6912055335968379
0.642504 0.6195652173913043
0.7225039999999999 0.5775691699604744
0.6725039999999999 0.5133399209486166
0.527504 0.48122529644268774
0.4325039999999999 0.4589920948616601
0.37750399999999995 0.39723320158102765
0.3275039999999999 0.350296442687747
0.2075039999999999 0.33547430830039526
0.652504 0.350296442687747
0.6075039999999999 0.308300395256917
0.5625039999999999 0.24654150197628458
0.5225039999999999 0.21195652173913043
0.4375039999999999 0.17490118577075098
}
