version: 2
n_points: 55
{
0.9080459770114943 0.2972487046632126
0.9597701149425287 0.5001865284974094
0.9865908045977012 0.6988031088082902
0.9521080459770116 0.86719689119171
0.8888896551724139 0.9535544041450777
0.8160919540229885 0.9708238341968913
0.7490413793103448 0.9492331606217617
0.6762459770114944 0.9233264248704663
0.6130275862068966 0.901740932642487
0.5402298850574713 0.8758341968911917
0.45785517241379314 0.8499274611398964
0.4137931034482759 0.824020725388601
0.3448275862068966 0.7592538860103627
0.27394712643678165 0.672896373056995
0.19157011494252862 0.590860103626943
0.11302758620689657 0.5001865284974094
0.055556321839080214 0.39655958549222803
0.01915632183908067 0.2583886010362696
0.009579310344827396 0.12453886010362691
0.06130344827586187 0.02522797927461151
0.603448275862069 0.26270466321243524
0.7203057471264367 0.29293264248704665
0.8065126436781609 0.40519170984455954
0.8754781609195401 0.5347253886010362
0.8984666666666666 0.6858497409326426
0.8773954022988506 0.819699481865285
0.846742528735632 0.8628808290155441
0.7720298850574712 0.858559585492228
0.7030643678160919 0.8369740932642487
0.632183908045977 0.819699481865285
0.5421448275862069 0.8369740932642487
0.4501908045977011 0.8283367875647669
0.3793103448275862 0.7592538860103627
0.33333333333333337 0.664259067357513
0.2777770114942528 0.6253989637305699
0.5804597701149425 0.2583886010362696
0.5095793103448276 0.3663316062176166
0.39463678160919546 0.3404248704663212
0.34865977011494265 0.23248186528497428
0.3026827586206897 0.1979378238341969
0.31225977011494244 0.27997927461139893
0.36015402298850585 0.3749689119170986
0.37164827586206906 0.5347253886010362
0.4291195402298851 0.629720207253886
0.4885057471264368 0.6167668393782384
0.5421448275862069 0.5692694300518136
0.5842919540229885 0.4958652849740932
0.6053632183908045 0.42246632124352335
0.628351724137931 0.357699481865285
0.6417632183908046 0.29293264248704665
0.657087356321839 0.785160621761658
0.7222229885057472 0.7808393782383419
0.8026827586206897 0.7981139896373057
0.842912643678161 0.7592538860103627
0.8697310344827586 0.672896373056995
}
