version: 2
n_points: 55
{
0.8526424581005586 0.36593277310924366
0.9131620111731844 0.4674705882352943
0.9620446927374302 0.5830168067226893
0.9713575418994412 0.7195714285714288
0.9248044692737432 0.8421176470588234
0.8503128491620113 0.905142857142857
0.7618603351955306 0.9436638655462184
0.659441340782123 0.9576638655462184
0.5779664804469274 0.9436638655462184
0.49416759776536323 0.8946386554621848
0.4289944134078211 0.8421176470588234
0.3614860335195532 0.789596638655462
0.29863687150838003 0.7335798319327731
0.21949720670391037 0.6810588235294117
0.15897206703910627 0.5830168067226893
0.10078212290502775 0.5024873949579831
0.04025698324022353 0.39394117647058835
0.023966480446927174 0.2608907563025209
0.035603351955307505 0.1278319327731091
0.11474860335195514 0.04030252100840326
0.5500335195530728 0.40094117647058813
0.6454748603351954 0.4149495798319329
0.7432402234636872 0.45696638655462196
0.8247094972067038 0.5234957983193277
0.8805754189944134 0.6005210084033612
0.887558659217877 0.7405798319327732
0.8410055865921788 0.8421176470588234
0.754877094972067 0.9086470588235296
0.6687486033519554 0.9121512605042016
0.5965921787709495 0.8946386554621848
0.5337430167597763 0.8561260504201682
0.4778770949720669 0.8106050420168066
0.40804469273742994 0.7510840336134456
0.33588268156424606 0.6845546218487394
0.2776871508379889 0.6005210084033612
0.6105586592178769 0.2748907563025209
0.5523631284916204 0.2818991596638655
0.4383016759776537 0.28539495798319314
0.37079888268156447 0.23637815126050432
0.3126033519553073 0.1978655462184873
0.3265698324022347 0.29940336134453793
0.3754525139664805 0.39744537815126046
0.35450279329608947 0.5059831932773109
0.3521787709497205 0.5795126050420167
0.3894189944134079 0.6355378151260506
0.46158100558659243 0.688058823529412
0.519776536312849 0.691563025210084
0.5779664804469274 0.6075294117647059
0.6245251396648043 0.5199915966386557
0.6687486033519554 0.44996638655462173
0.4732178770949722 0.7685882352941176
0.5709832402234638 0.8036050420168068
0.664094972067039 0.7931008403361346
0.7595307262569834 0.7825966386554624
0.8479888268156426 0.730075630252101
}
