version: 2
n_points: 55
{
0.5285975975975977 0.05350672645739918
0.43850750750750755 0.031085201793722046
0.332036036036036 0.016816143497757848
0.2392162162162162 0.012739910313901382
0.1463963963963964 0.05350672645739918
0.09179579579579575 0.12077130044843057
0.06449549549549542 0.2084192825112106
0.015357357357357456 0.2858744394618834
0.015357357357357456 0.3735224215246634
0.0371951951951951 0.4591322869955155
0.10271771771771784 0.5202802690582962
0.170966966966967 0.5977376681614347
0.23648648648648649 0.6813094170403589
0.29108708708708714 0.7730336322869953
0.392096096096096 0.8545650224215245
0.525867867867868 0.9177533632286995
0.6623663663663664 0.9666726457399102
0.8070570570570571 0.9890941704035874
0.9217177177177178 0.9870560538116594
0.9872372372372372 0.9748273542600895
0.635066066066066 0.406134529147982
0.615957957957958 0.33275560538116616
0.5668168168168168 0.2695672645739912
0.5040270270270271 0.2084192825112106
0.4030180180180181 0.1696905829596413
0.3074654654654654 0.14726905829596415
0.23648648648648649 0.14930717488789214
0.18734534534534525 0.22880044843049344
0.14093693693693699 0.3144103139013455
0.13274774774774786 0.39390582959641257
0.15458558558558552 0.45301569506726475
0.20918618618618617 0.5304730941704033
0.2583273273273274 0.5956995515695067
0.31019519519519506 0.6670403587443946
0.4002852852852852 0.7485739910313902
0.7442672672672673 0.4326345291479819
0.725156156156156 0.49378251121076255
0.7551861861861862 0.6140448430493274
0.8507357357357359 0.6751928251121075
0.8753063063063066 0.728190582959641
0.7715675675675676 0.7424573991031389
0.6705555555555555 0.6813094170403589
0.5477057057057056 0.6894618834080718
0.46853753753753763 0.6731547085201796
0.40847747747747754 0.6160829596412554
0.3866366366366366 0.5345493273542603
0.40574774774774786 0.45301569506726475
0.4357777777777779 0.37759865470852044
0.5040270270270271 0.3266412556053812
0.5695465465465466 0.2879125560538119
0.27197597597597595 0.5508565022421525
0.2419459459459459 0.461170403587444
0.22010510510510498 0.38371300448430484
0.2392162162162162 0.27772197309417046
0.26651651651651653 0.22268609865470848
}
