version: 2
n_points: 55
{
0.5166625 0.11930952380952371
0.4138 0.08642857142857133
0.2497375 0.06658333333333355
0.1403625 0.08642857142857133
0.07526250000000001 0.12610714285714306
0.06485000000000003 0.2402023809523812
0.07266250000000003 0.36669047619047646
0.09610000000000003 0.48077380952380944
0.13516250000000002 0.5576547619047615
0.16641250000000002 0.6246190476190472
0.22891250000000002 0.6667857142857142
0.3382875 0.7139047619047615
0.4502625 0.778392857142857
0.5153625 0.8652023809523812
0.5987 0.9172857142857145
0.6846375 0.9495238095238094
0.7940124999999998 0.9420833333333333
0.8773499999999999 0.9098452380952383
0.9111999999999998 0.8676785714285713
0.9476624999999999 0.810630952380952
0.5466125 0.3220476190476193
0.455475 0.2550833333333336
0.3877625 0.18811904761904788
0.2888 0.1707500000000002
0.18203750000000002 0.1831547619047618
0.13255 0.2550833333333336
0.12995 0.346845238095238
0.148175 0.4559761904761907
0.176825 0.540297619047619
0.2471375 0.6097380952380947
0.330475 0.6568690476190479
0.4112 0.7089523809523812
0.4502625 0.7486309523809522
0.520575 0.7808690476190472
0.5414125000000001 0.8081547619047618
0.583075 0.3170833333333332
0.56745 0.39148809523809514
0.6091125 0.4981309523809519
0.679425 0.5874166666666663
0.7002625 0.6519047619047618
0.6533875 0.664309523809524
0.6091125 0.6717500000000003
0.5127625 0.6915833333333329
0.4711 0.6742261904761904
0.44505 0.6097380952380947
0.4372375 0.5353333333333329
0.455475 0.4708571428571431
0.4632875 0.42372619047619003
0.489325 0.38157142857142884
0.5309875 0.3493214285714288
0.3813750000000001 0.6317142857142853
0.32904999999999995 0.5486547619047618
0.29124999999999995 0.4849880952380956
0.2505625 0.41022619047618986
0.23602500000000007 0.31886904761904794
}
