version: 2
n_points: 55
{
0.8033666666666667 0.0973630831643002
0.6215481481481481 0.053107505070993946
0.4666666666666667 0.02729208924949275
0.28484814814814813 0.01069574036511138
0.15353703703703697 0.040198782961460414
0.06262592592592589 0.10473833671399588
0.032322222222222134 0.17849898580121704
0.018855555555555587 0.25779107505070975
0.032322222222222134 0.3518356997971601
0.06262592592592589 0.43665922920892475
0.11312962962962969 0.5270141987829614
0.16027037037037045 0.6302778904665316
0.2141407407407407 0.7077261663286006
0.2734259259259259 0.7797748478701827
0.3554370370370371 0.847870182555781
0.4638999999999999 0.9116206896551726
0.6014666666666667 0.9681257606490873
0.7310962962962961 0.9913062880324542
0.8739555555555554 0.9811643002028396
0.9850666666666665 0.9391480730223124
0.741677777777778 0.45088438133874253
0.7284518518518519 0.3552596348884382
0.7152222222222223 0.26687829614604447
0.6490851851851851 0.2002312373225151
0.5353296296296296 0.1654584178498984
0.4348000000000001 0.13937931034482748
0.26548888888888894 0.12489046653143998
0.1596666666666667 0.1350324543610546
0.14379629629629626 0.19298782961460453
0.1173407407407408 0.284265720081136
0.11469629629629637 0.382787018255578
0.1755407407407408 0.4755152129817446
0.2231592592592592 0.5783833671399595
0.29458888888888884 0.6508255578093306
0.3210444444444445 0.694292089249493
0.9109925925925925 0.4262535496957404
0.8422074074074073 0.4856572008113592
0.7919444444444446 0.5494056795131845
0.802525925925926 0.6059107505070993
0.8131074074074074 0.6899452332657201
0.7258074074074072 0.665314401622718
0.6728962962962963 0.6030141987829616
0.4903555555555556 0.5914219066937118
0.39247407407407414 0.5682413793103449
0.339562962962963 0.4827586206896552
0.33427037037037033 0.4088661257606489
0.4242185185185185 0.33932251521298185
0.5300370370370371 0.32773022312373207
0.6279222222222222 0.33932251521298185
0.6940592592592592 0.3407707910750507
0.18612222222222216 0.4407423935091279
0.18347777777777774 0.37699188640973624
0.2099333333333334 0.3103448275862069
0.24697037037037042 0.24369776876267754
0.28136296296296304 0.17415212981744416
}
