version: 2
n_points: 55
{
0.8556354166666669 0.3422921348314607
0.9207395833333335 0.5003033707865168
0.943520833333333 0.6934157303370787
0.8946979166666669 0.8584494382022471
0.8198229166666664 0.9216516853932583
0.7189166666666669 0.935696629213483
0.6277708333333336 0.9181348314606741
0.5398749999999997 0.8935617977528089
0.4682604166666664 0.8338651685393258
0.3738645833333335 0.7706629213483146
0.2924791666666664 0.7144831460674157
0.21110416666666687 0.6547977528089886
0.13297916666666687 0.6021235955056179
0.09391666666666687 0.4967865168539326
0.07112499999999977 0.37389887640449426
0.05159374999999977 0.26153932584269646
0.0613645833333335 0.13513483146067395
0.1004270833333335 0.07193258426966276
0.16227083333333303 0.0543707865168539
0.2143541666666664 0.06491011235955046
0.5821979166666669 0.3563370786516854
0.6831041666666664 0.3914494382022472
0.7775104166666669 0.45816853932584256
0.8198229166666664 0.5529662921348315
0.8361041666666669 0.6477752808988763
0.8133124999999998 0.7706629213483146
0.7775104166666669 0.8549325842696629
0.6570624999999997 0.8724943820224718
0.5789374999999997 0.8303595505617976
0.49430208333333303 0.7741797752808988
0.4096666666666664 0.7250224719101122
0.34782291666666687 0.6723483146067415
0.28922916666666687 0.6231910112359551
0.22737499999999977 0.5354157303370786
0.22737499999999977 0.4476292134831461
0.5952187500000001 0.2720674157303371
0.49430208333333303 0.2650449438202247
0.41943750000000024 0.2580224719101123
0.3901354166666664 0.20535955056179755
0.32829166666666687 0.19833707865168526
0.3543333333333335 0.2790898876404494
0.3738645833333335 0.3703820224719101
0.3348020833333335 0.45816853932584256
0.3543333333333335 0.5389213483146067
0.41943750000000024 0.5705280898876404
0.48454166666666687 0.5740337078651685
0.5301145833333336 0.5670112359550561
0.5756875000000001 0.5389213483146067
0.6245104166666664 0.46519101123595485
0.6570624999999997 0.4195393258426966
0.5203437499999997 0.7531123595505617
0.5724270833333331 0.7636404494382022
0.6505520833333331 0.7706629213483146
0.7319375000000001 0.7636404494382022
0.787270833333333 0.760134831460674
}
