version: 2
n_points: 55
{
0.05350672645739918 0.4714024024024023
0.031085201793722046 0.5614924924924924
0.016816143497757848 0.6679639639639641
0.012739910313901382 0.7607837837837839
0.05350672645739918 0.8536036036036037
0.12077130044843057 0.9082042042042042
0.2084192825112106 0.9355045045045046
0.2858744394618834 0.9846426426426426
0.3735224215246634 0.9846426426426426
0.4591322869955155 0.9628048048048049
0.5202802690582962 0.8972822822822821
0.5977376681614347 0.829033033033033
0.6813094170403589 0.7635135135135135
0.7730336322869953 0.7089129129129128
0.8545650224215245 0.607903903903904
0.9177533632286995 0.474132132132132
0.9666726457399102 0.33763363363363363
0.9890941704035874 0.1929429429429429
0.9870560538116594 0.07828228228228218
0.9748273542600895 0.01276276276276278
0.406134529147982 0.36493393393393403
0.33275560538116616 0.38404204204204195
0.2695672645739912 0.43318318318318316
0.2084192825112106 0.49597297297297294
0.1696905829596413 0.5969819819819819
0.14726905829596415 0.6925345345345346
0.14930717488789214 0.7635135135135135
0.22880044843049344 0.8126546546546547
0.3144103139013455 0.859063063063063
0.39390582959641257 0.8672522522522521
0.45301569506726475 0.8454144144144145
0.5304730941704033 0.7908138138138139
0.5956995515695067 0.7416726726726726
0.6670403587443946 0.6898048048048049
0.7485739910313902 0.5997147147147148
0.4326345291479819 0.25573273273273267
0.49378251121076255 0.27484384384384397
0.6140448430493274 0.24481381381381384
0.6751928251121075 0.1492642642642641
0.728190582959641 0.12469369369369343
0.7424573991031389 0.2284324324324324
0.6813094170403589 0.32944444444444454
0.6894618834080718 0.45229429429429435
0.6731547085201796 0.5314624624624624
0.6160829596412554 0.5915225225225225
0.5345493273542603 0.6133633633633634
0.45301569506726475 0.5942522522522522
0.37759865470852044 0.5642222222222222
0.3266412556053812 0.49597297297297294
0.2879125560538119 0.4304534534534534
0.5508565022421525 0.7280240240240241
0.461170403587444 0.7580540540540541
0.38371300448430484 0.779894894894895
0.27772197309417046 0.7607837837837839
0.22268609865470848 0.7334834834834835
}
