version: 2
n_points: 55
{
0.07329842931937172 0.49523809523809526
0.05759162303664921 0.38095238095238093
0.031413612565445025 0.2571428571428571
0.02617801047120419 0.17142857142857149
0.05235602094240838 0.09523809523809523
0.12041884816753927 0.04761904761904767
0.18324607329842932 0.04761904761904767
0.2513089005235602 0.10476190476190472
0.3298429319371728 0.17142857142857149
0.43455497382198954 0.2571428571428571
0.4973821989528796 0.2857142857142857
0.5759162303664922 0.34285714285714286
0.6596858638743456 0.37142857142857144
0.7382198952879581 0.4190476190476191
0.8272251308900523 0.49523809523809526
0.8795811518324608 0.5523809523809524
0.9319371727748691 0.6761904761904762
0.9685863874345549 0.780952380952381
0.9738219895287958 0.8761904761904762
0.9476439790575916 0.9523809523809523
0.39267015706806285 0.6285714285714286
0.3193717277486911 0.5428571428571428
0.2617801047120419 0.49523809523809526
0.225130890052356 0.48571428571428577
0.16753926701570682 0.4
0.14659685863874344 0.2761904761904762
0.1518324607329843 0.1428571428571428
0.2094240837696335 0.1428571428571428
0.27225130890052357 0.19999999999999996
0.3612565445026178 0.2666666666666666
0.418848167539267 0.2761904761904762
0.4869109947643979 0.2952380952380953
0.5497382198952879 0.34285714285714286
0.6387434554973822 0.38095238095238093
0.7225130890052356 0.5333333333333333
0.4293193717277487 0.6857142857142857
0.4869109947643979 0.6571428571428571
0.5706806282722513 0.6666666666666666
0.6282722513089005 0.7428571428571429
0.7068062827225131 0.8
0.7015706806282722 0.7047619047619048
0.6649214659685864 0.6666666666666666
0.6544502617801047 0.6
0.5759162303664922 0.5142857142857142
0.5235602094240838 0.4666666666666667
0.4869109947643979 0.4380952380952381
0.4293193717277487 0.4190476190476191
0.387434554973822 0.4380952380952381
0.3612565445026178 0.48571428571428577
0.34554973821989526 0.5619047619047619
0.33507853403141363 0.2666666666666666
0.2879581151832461 0.2666666666666666
0.24083769633507854 0.2857142857142857
0.20418848167539266 0.2761904761904762
0.16230366492146597 0.2857142857142857
}
