version: 2
n_points: 55
{
0.17427385892116182 0.7266666666666667
0.1078838174273859 0.5466666666666666
0.02074688796680498 0.3933333333333333
0.02074688796680498 0.22666666666666668
0.08298755186721991 0.10666666666666669
0.15767634854771784 0.06000000000000005
0.22821576763485477 0.033333333333333326
0.3278008298755187 0.046666666666666634
0.4024896265560166 0.046666666666666634
0.48132780082987553 0.07333333333333336
0.5518672199170125 0.10666666666666669
0.6390041493775933 0.15333333333333332
0.7219917012448133 0.21333333333333337
0.8008298755186722 0.32000000000000006
0.8796680497925311 0.43999999999999995
0.9336099585062241 0.5333333333333333
0.970954356846473 0.6466666666666666
0.979253112033195 0.7866666666666666
0.9336099585062241 0.8933333333333333
0.8672199170124482 0.9666666666666667
0.4149377593360996 0.62
0.3070539419087137 0.5933333333333334
0.2157676348547718 0.5466666666666666
0.13278008298755187 0.4666666666666667
0.1037344398340249 0.40666666666666673
0.12448132780082988 0.2666666666666666
0.16597510373443983 0.15333333333333332
0.24896265560165975 0.14666666666666672
0.33195020746887965 0.16000000000000003
0.43568464730290457 0.16666666666666663
0.5103734439834025 0.17333333333333334
0.5850622406639004 0.19333333333333336
0.6431535269709544 0.2466666666666667
0.6804979253112033 0.30666666666666664
0.7053941908713693 0.38
0.4066390041493776 0.78
0.47717842323651455 0.7466666666666667
0.5726141078838174 0.72
0.6265560165975104 0.7866666666666666
0.6846473029045643 0.8066666666666666
0.6887966804979253 0.72
0.6307053941908713 0.5933333333333334
0.6390041493775933 0.45333333333333337
0.6058091286307054 0.3533333333333333
0.5394190871369294 0.32666666666666666
0.47717842323651455 0.33333333333333326
0.43983402489626555 0.3400000000000001
0.3983402489626556 0.3866666666666667
0.35684647302904565 0.43333333333333335
0.3112033195020747 0.54
0.4730290456431535 0.19333333333333336
0.3817427385892116 0.19333333333333336
0.3029045643153527 0.18666666666666665
0.24481327800829875 0.18666666666666665
0.2157676348547718 0.16666666666666663
}
