version: 2
n_points: 55
{
0.6373700000000002 0.1730948905109489
0.55959 0.1001021897810219
0.40959 0.04940875912408763
0.2707100000000003 0.04129927007299281
0.15959000000000004 0.07982481751824802
0.09848000000000014 0.14673722627737232
0.05681999999999988 0.23594890510948896
0.062369999999999946 0.3434087591240878
0.09848000000000014 0.43464963503649656
0.12626000000000004 0.5157518248175184
0.17348000000000013 0.6069927007299272
0.2623700000000002 0.6962043795620437
0.36514999999999986 0.7732554744525546
0.48182000000000014 0.8279999999999998
0.5957100000000003 0.8746350364963503
0.6818200000000002 0.9131605839416059
0.7651499999999999 0.9476277372262772
0.82904 0.9557372262773721
0.88459 0.9557372262773721
0.95959 0.965875912408759
0.55959 0.4204598540145986
0.5623700000000003 0.3596277372262774
0.54293 0.2825839416058394
0.5068200000000002 0.23594890510948896
0.44848000000000016 0.19539416058394166
0.3679300000000001 0.16903649635036508
0.25125999999999976 0.16498540145985408
0.17903999999999998 0.2156715328467155
0.15959000000000004 0.2967737226277373
0.16514999999999985 0.38193430656934296
0.17348000000000013 0.4610072992700731
0.20126000000000005 0.5340000000000001
0.2651499999999999 0.604963503649635
0.3262599999999998 0.6637664233576641
0.43737000000000026 0.7124306569343066
0.7318200000000001 0.43059124087591233
0.7345900000000001 0.48128467153284654
0.7262599999999998 0.5988832116788323
0.8207100000000003 0.6617372262773724
0.8484800000000001 0.7205401459854015
0.7429300000000001 0.6962043795620437
0.65959 0.6292992700729927
0.55404 0.6232116788321167
0.47903999999999997 0.6130729927007298
0.4179300000000001 0.5644160583941605
0.38459000000000004 0.4954744525547445
0.39293000000000006 0.4164014598540148
0.4179300000000001 0.36976642335766435
0.47071000000000024 0.33327007299270084
0.53459 0.3211021897810218
0.21236999999999995 0.4975036496350366
0.22626000000000004 0.40626277372262787
0.2318199999999999 0.33124087591240875
0.25125999999999976 0.25622627737226283
0.2818200000000002 0.2177007299270072
}
