version: 2
n_points: 55
{
0.33596969696969664 0.08740816326530643
0.21009090909090888 0.2789387755102042
0.10986363636363601 0.4484693877551025
0.08654545454545438 0.5991836734693881
0.11453030303030343 0.7530204081632659
0.18445454545454512 0.8472244897959186
0.25206060606060643 0.8848979591836738
0.32198484848484815 0.8817551020408166
0.39424242424242395 0.8723469387755103
0.4664999999999998 0.8346530612244902
0.5364393939393935 0.7969795918367351
0.6040303030303028 0.7467551020408165
0.678621212121212 0.7247755102040818
0.753212121212121 0.6619795918367349
0.7975151515151518 0.5991836734693881
0.8418030303030307 0.5301020408163271
0.8767575757575755 0.46730612244898007
0.9117272727272724 0.3856734693877556
0.9257121212121209 0.2977755102040818
0.9280454545454542 0.1690408163265309
0.4430757575757575 0.4632244897959179
0.3755000000000002 0.4053061224489799
0.2649393939393938 0.41632653061224445
0.19327272727272685 0.4494285714285713
0.17075757575757547 0.5349183673469391
0.1728030303030299 0.6259387755102039
0.21784848484848462 0.7114285714285717
0.2649393939393938 0.7472857142857147
0.34274242424242396 0.7665918367346937
0.4144090909090909 0.7748571428571432
0.47378787878787854 0.7583061224489792
0.5065454545454547 0.7417551020408164
0.5413484848484846 0.7059183673469382
0.5863939393939394 0.6728163265306126
0.6334848484848485 0.6507551020408163
0.4860606060606058 0.26465306122449017
0.533166666666667 0.27016326530612245
0.5863939393939394 0.2563877551020406
0.6314393939393941 0.20948979591836703
0.686727272727273 0.20673469387755095
0.6908181818181818 0.30602040816326537
0.6293939393939397 0.35565306122449025
0.62530303030303 0.4604693877551018
0.6007272727272731 0.5404489795918372
0.5556818181818184 0.5818163265306125
0.5045000000000004 0.6011020408163267
0.4451212121212119 0.5983469387755105
0.40825757575757565 0.5735306122448982
0.3734545454545458 0.5238979591836733
0.3591212121212121 0.4411632653061228
0.5352121212121214 0.6673061224489791
0.4840151515151514 0.6893673469387754
0.4205454545454541 0.7059183673469382
0.3714090909090906 0.7196938775510202
0.3079393939393941 0.7252244897959184
}
