version: 2
n_points: 55
{
0.036102702702703215 0.19564390243902452
0.1789567567567566 0.09634146341463415
0.36428648648648665 0.044075609756097624
0.5534756756756758 0.012717073170731842
0.7117783783783789 0.04930243902439038
0.8353297297297301 0.13989512195121945
0.9395729729729725 0.2287463414634145
0.9627405405405404 0.3088853658536586
0.9704648648648652 0.4047048780487804
0.9434378378378382 0.5057487804878048
0.8971027027027024 0.5876317073170731
0.8430486486486484 0.6695121951219513
0.7774108108108103 0.7426829268292683
0.6963297297297293 0.8071439024390246
0.568918918918919 0.8716024390243902
0.48397837837837865 0.9221243902439022
0.4028972972972976 0.9621951219512195
0.2600378378378376 0.9883268292682925
0.14421081081081133 0.976131707317073
0.02451891891891922 0.9360634146341464
0.2870648648648647 0.4935536585365853
0.1982648648648654 0.41689999999999994
0.14034594594594563 0.3001731707317074
0.20598378378378368 0.17822195121951226
0.32953513513513477 0.11027804878048794
0.5032810810810809 0.11376341463414641
0.6654432432432431 0.17822195121951226
0.7503837837837833 0.28449512195121957
0.7928594594594599 0.3803146341463414
0.7774108108108103 0.47961707317073177
0.769691891891892 0.5405926829268294
0.7388054054054058 0.6015682926829269
0.6770270270270271 0.6695121951219513
0.6422756756756752 0.7148073170731705
0.5534756756756758 0.7705585365853661
0.13262702702702733 0.4761317073170733
0.1750972972972975 0.5388512195121951
0.1673729729729727 0.6033097560975609
0.06698918918918939 0.6538317073170732
0.04382162162162151 0.723519512195122
0.1828162162162158 0.7060975609756097
0.2793459459459464 0.6311853658536584
0.4376432432432429 0.6242170731707316
0.5534756756756758 0.5580146341463413
0.5650594594594598 0.49529512195121955
0.5110054054054057 0.4203829268292682
0.4337837837837838 0.38553902439024396
0.33725945945945957 0.35940731707317064
0.2716216216216216 0.3559243902439024
0.1789567567567566 0.3454707317073171
0.5805027027027029 0.6851926829268294
0.7040540540540541 0.5493024390243904
0.731081081081081 0.4064463414634147
0.6229729729729729 0.26358780487804884
0.46467027027026997 0.15383170731707324
}
