version: 2
n_points: 55
{
0.8753281596452329 0.10698076923076905
0.9326075388026608 0.3153141025641023
0.971410199556541 0.5236474358974357
0.988039911308204 0.7533525641025642
0.9326075388026608 0.8922371794871793
0.8531552106430156 0.951
0.7700066518847007 0.9616858974358976
0.6942483370288248 0.9563397435897434
0.6277294900221729 0.9029230769230769
0.5667538802660754 0.8281346153846152
0.503931263858093 0.8121089743589741
0.42447671840354784 0.8227948717948718
0.3505676274944568 0.8174551282051283
0.2748093126385811 0.8014294871794874
0.19535698447893568 0.7426666666666666
0.11220842572062084 0.5824102564102565
0.06047228381374703 0.4221538461538461
0.010583148558758082 0.23518589743589724
0.025363636363636588 0.10698076923076905
0.09188248337028837 0.05356410256410249
0.577840354767184 0.08027564102564122
0.6609889135254989 0.17642948717948737
0.7422904656319291 0.2725833333333335
0.808809312638581 0.29928846153846134
0.8734789356984478 0.4915961538461536
0.8845654101995565 0.6358269230769229
0.8568492239467849 0.8708717948717948
0.7589201773835921 0.8762115384615382
0.6683791574279379 0.8495064102564104
0.5815365853658534 0.8281346153846152
0.47885365853658524 0.805621794871795
0.408110864745011 0.7628910256410254
0.352150776053215 0.747628205128205
0.27929711751662967 0.7171025641025645
0.24128603104212842 0.6499487179487182
0.5541374722838136 0.0664615384615388
0.4987050997782704 0.1241538461538465
0.4188824833702881 0.15620512820512855
0.3811884700665187 0.09210256410256445
0.2991485587583147 0.028000000000000358
0.2658891352549888 0.14338461538461567
0.32797339246119717 0.27158974358974397
0.33905986696230583 0.46389743589743626
0.3878403547671839 0.6433846153846157
0.46322838137472266 0.7203076923076926
0.5408337028824832 0.7331282051282055
0.591831485587583 0.5792820512820516
0.6206563192904655 0.4574871794871799
0.6539157427937916 0.32928205128205157
0.6716541019955655 0.22030769230769265
0.6095698447893568 0.8164615384615388
0.676088691796009 0.7459487179487183
0.7381729490022174 0.694666666666667
0.7891707317073172 0.6433846153846157
0.8468203991130822 0.6177435897435901
}
