version: 2
n_points: 55
{
0.14336448598130844 0.1845789473684213
0.07954205607476632 0.30866666666666653
0.0476261682242991 0.4455964912280702
0.05902803738317759 0.6082105263157895
0.10005607476635503 0.74940350877193
0.16843925233644857 0.8392631578947373
0.2505046728971963 0.8948947368421055
0.33712149532710284 0.8777719298245616
0.4282990654205608 0.8264385964912285
0.5035233644859815 0.7921929824561399
0.5833084112149531 0.757964912280702
0.667644859813084 0.6852280701754385
0.7291869158878507 0.6167543859649118
0.7861775700934578 0.5397368421052628
0.8545607476635513 0.505508771929825
0.9115514018691588 0.4455964912280702
0.9480186915887849 0.38142105263157866
0.9571401869158878 0.2872807017543859
0.9480186915887849 0.19742105263157872
0.9115514018691588 0.08189473684210535
0.42145794392523367 0.19742105263157872
0.3302803738317757 0.19314035087719328
0.24138317757009348 0.21882456140350903
0.17528037383177567 0.3044035087719298
0.12741121495327112 0.4242105263157896
0.12969158878504683 0.5697017543859652
0.15476635514018694 0.7237368421052629
0.2368224299065421 0.7665263157894738
0.33940186915887854 0.7622456140350874
0.4305794392523365 0.7536842105263154
0.5012429906542057 0.715175438596491
0.5445514018691588 0.6852280701754385
0.5992616822429905 0.6424385964912286
0.6197757009345792 0.5825263157894738
0.6516915887850466 0.5354561403508775
0.4716074766355139 0.08189473684210535
0.5331588785046729 0.07761403508771891
0.5719065420560749 0.12896491228070173
0.6174953271028037 0.10328070175438597
0.6813177570093459 0.10328070175438597
0.6767663551401868 0.2359298245614031
0.6106542056074764 0.3343508771929823
0.5650654205607476 0.4541578947368421
0.5354392523364486 0.5311754385964911
0.46932710280373824 0.5910877192982458
0.41690654205607486 0.5953684210526312
0.36903738317757007 0.5525789473684213
0.3485233644859813 0.44987719298245565
0.34168224299065425 0.35145614035087747
0.3257289719626169 0.2444912280701751
0.4670560747663551 0.6980701754385968
0.39183177570093447 0.7023333333333336
0.31204672897196273 0.6980701754385968
0.2596168224299065 0.6852280701754385
0.19351401869158869 0.646719298245614
}
