version: 2
n_points: 55
{
0.86586 0.9228101265822783
0.923005 0.7917088607594939
0.9658599999999999 0.6560886075949369
0.9658599999999999 0.5249873417721518
0.97122 0.3170253164556964
0.91229 0.29441772151898754
0.84622 0.27182278481012645
0.7676499999999999 0.2356582278481015
0.698005 0.19496202531645554
0.635505 0.14524050632911378
0.560505 0.10907594936708884
0.49265000000000003 0.07289873417721537
0.41764999999999997 0.07289873417721537
0.348005 0.10907594936708884
0.26765000000000005 0.18592405063291123
0.19979000000000002 0.24921518987341756
0.12478999999999996 0.276341772151899
0.06586000000000003 0.38935443037974704
0.02479000000000009 0.5249873417721518
0.028360000000000163 0.6560886075949369
0.5855049999999999 0.8278734177215188
0.65872 0.8866455696202533
0.7301500000000001 0.8956835443037977
0.798005 0.823354430379747
0.8640749999999999 0.7465063291139239
0.923005 0.5837594936708863
0.94265 0.4164810126582277
0.894435 0.35318987341772135
0.81586 0.3260632911392407
0.7355050000000001 0.25825316455696185
0.66586 0.2266075949367087
0.60336 0.19044303797468373
0.53729 0.1587974683544306
0.46585999999999994 0.14524050632911378
0.36943499999999996 0.17688607594936695
0.526575 0.9408987341772154
0.47479000000000005 0.7962278481012657
0.41229000000000005 0.6922531645569618
0.34085999999999994 0.7374556962025318
0.28371999999999997 0.7510253164556964
0.33729 0.6606075949367087
0.42122000000000004 0.6334810126582281
0.46050499999999994 0.5068987341772154
0.526575 0.4029240506329116
0.5712200000000001 0.2989493670886078
0.6337200000000001 0.330594936708861
0.669435 0.4300506329113923
0.68015 0.5656708860759492
0.681935 0.7284177215189875
0.67836 0.8278734177215188
0.67836 0.28537974683544326
0.7301500000000001 0.35318987341772135
0.7783599999999999 0.4164810126582277
0.814075 0.5295063291139243
0.844435 0.6606075949367087
}
