version: 2
n_points: 55
{
0.16222826086956535 0.7016129032258065
0.08614130434782621 0.5370967741935483
0.027445652173913104 0.32096774193548394
0.047010869565217266 0.1661290322580644
0.12961956521739143 0.07903225806451608
0.24048913043478262 0.04354838709677422
0.34266304347826093 0.04677419354838708
0.4361413043478261 0.10483870967741937
0.49701086956521734 0.15645161290322585
0.5904891304347825 0.22419354838709693
0.6622282608695653 0.27903225806451615
0.7317934782608695 0.3403225806451612
0.7948369565217391 0.4048387096774193
0.8470108695652175 0.4854838709677418
0.8904891304347827 0.5661290322580644
0.936141304347826 0.6403225806451613
0.9622282608695649 0.720967741935484
0.9774456521739132 0.8370967741935484
0.9622282608695649 0.9306451612903226
0.894836956521739 0.9596774193548387
0.49266304347826073 0.7274193548387096
0.3970108695652175 0.6596774193548388
0.28396739130434784 0.5790322580645162
0.22309782608695658 0.5048387096774193
0.16657608695652162 0.40161290322580656
0.127445652173913 0.27258064516129044
0.127445652173913 0.17258064516129035
0.20135869565217399 0.11774193548387091
0.2991847826086957 0.1016129032258064
0.35788043478260884 0.13709677419354838
0.43831521739130425 0.185483870967742
0.510054347826087 0.25
0.5991847826086957 0.3016129032258065
0.6883152173913042 0.3661290322580646
0.7687499999999999 0.4951612903225807
0.46222826086956526 0.7564516129032259
0.5296195652173913 0.753225806451613
0.5839673913043477 0.785483870967742
0.627445652173913 0.8435483870967742
0.6687500000000001 0.8241935483870967
0.6817934782608696 0.7629032258064515
0.6535326086956522 0.746774193548387
0.6470108695652175 0.6564516129032258
0.6557065217391304 0.5887096774193549
0.6100543478260869 0.4983870967741937
0.5491847826086957 0.4629032258064516
0.48614130434782604 0.4370967741935483
0.4361413043478261 0.45967741935483875
0.4100543478260869 0.5338709677419354
0.3883152173913043 0.6209677419354839
0.7144021739130434 0.4564516129032258
0.5904891304347825 0.3564516129032257
0.4730978260869566 0.3177419354838711
0.3144021739130436 0.32096774193548394
0.21657608695652186 0.33709677419354844
}
