version: 2
n_points: 55
{
0.5805425531914896 0.09689947089947101
0.4613936170212764 0.07150264550264555
0.33798936170212784 0.041873015873015805
0.19756382978723433 0.029174603174603228
0.08267021276595761 0.07785185185185184
0.061393617021276756 0.17097354497354508
0.07841489361702107 0.24928042328042316
0.08692553191489354 0.3487513227513227
0.13373404255319177 0.43340740740740735
0.17203191489361694 0.5286455026455026
0.21458510638297865 0.6133015873015872
0.2869255319148937 0.6852592592592593
0.3635212765957446 0.772031746031746
0.4741595744680854 0.8503386243386246
0.5762872340425531 0.9074814814814816
0.6741595744680849 0.9371111111111113
0.7720319148936173 0.9646243386243384
0.8571382978723407 0.975206349206349
0.9337340425531917 0.9603915343915345
0.9550106382978725 0.9095978835978835
0.6401170212765956 0.3931957671957673
0.5677765957446806 0.31912169312169325
0.5124574468085106 0.25351322751322747
0.4358617021276596 0.17097354497354508
0.3209680851063829 0.12017989417989418
0.20181914893617026 0.1032486772486773
0.10820212765957439 0.14769312169312163
0.1252234042553193 0.226
0.16352127659574447 0.30853968253968267
0.17203191489361694 0.38261375661375674
0.21884042553191518 0.46938624338624335
0.25288297872340443 0.5307619047619049
0.29543617021276614 0.6027195767195767
0.3465000000000003 0.6535132275132276
0.4060744680851063 0.7064232804232805
0.6826702127659574 0.43129100529100534
0.6571382978723406 0.48420105820105824
0.6784148936170215 0.5434603174603174
0.7550106382978724 0.5921375661375661
0.814585106382979 0.6535132275132276
0.7337340425531915 0.6852592592592593
0.6230957446808514 0.6386984126984127
0.48267021276595723 0.6302328042328041
0.38905319148936196 0.604835978835979
0.3465000000000003 0.5434603174603174
0.34224468085106374 0.47785185185185197
0.33798936170212784 0.42917460317460304
0.376287234042553 0.3868465608465607
0.42735106382978716 0.350867724867725
0.49969148936170216 0.3254708994708995
0.22735106382978704 0.4122433862433862
0.25288297872340443 0.35298412698412696
0.2613936170212769 0.2979576719576721
0.2826702127659577 0.2217671957671957
0.29543617021276614 0.1625079365079365
}
