version: 2
n_points: 55
{
0.21477037037037036 0.7265862068965516
0.14580740740740739 0.5957931034482761
0.07428148148148142 0.4887758620689653
0.04108148148148143 0.35798275862068973
0.05896296296296302 0.23313793103448255
0.09727407407407411 0.1736724137931036
0.1713481481481482 0.14989655172413774
0.24542222222222226 0.1261206896551723
0.3169407407407408 0.10232758620689664
0.4063407407407407 0.10827586206896556
0.48552592592592586 0.11422413793103448
0.5647037037037038 0.15584482758620666
0.6464444444444443 0.20934482758620687
0.7332888888888891 0.28068965517241384
0.8022518518518517 0.3758275862068966
0.8737777777777777 0.4768965517241379
0.9325259259259261 0.6195689655172414
0.9606222222222224 0.7682068965517244
0.9657259259259259 0.8692758620689657
0.9529555555555556 0.9287413793103446
0.44976296296296286 0.7384827586206896
0.34503703703703714 0.7563275862068963
0.2607481481481481 0.6790344827586204
0.21221481481481483 0.5839137931034482
0.15602222222222215 0.4471551724137932
0.13048148148148156 0.3044827586206895
0.1841185185185185 0.2747413793103448
0.255637037037037 0.23908620689655158
0.32205185185185187 0.2212413793103447
0.38335555555555545 0.1974655172413794
0.4599777777777778 0.16774137931034505
0.5161777777777777 0.14394827586206882
0.5979111111111113 0.19151724137931048
0.6796518518518517 0.2985344827586207
0.784377777777778 0.453103448275862
0.5340518518518519 0.7860517241379312
0.6004666666666666 0.7444310344827585
0.6617703703703703 0.7801034482758622
0.7077481481481481 0.8692758620689657
0.7562740740740739 0.8811724137931035
0.7562740740740739 0.7325344827586207
0.6694296296296296 0.6314655172413793
0.6643259259259261 0.530396551724138
0.618348148148148 0.41743103448275887
0.5596 0.32825862068965495
0.4931851851851853 0.38175862068965505
0.5366074074074074 0.5185000000000002
0.4676444444444445 0.6611896551724136
0.4012296296296296 0.6433620689655172
0.3935703703703704 0.7206551724137932
0.38590370370370375 0.23908620689655158
0.32205185185185187 0.2747413793103448
0.28373333333333334 0.2747413793103448
0.2377555555555556 0.28663793103448276
0.16879259259259263 0.322310344827586
}
