version: 2
n_points: 55
{
0.3467142857142862 0.16956842105263167
0.44091208791208847 0.09187368421052641
0.571736263736264 0.049268421052631524
0.7025494505494507 0.026710526315789414
0.8333736263736262 0.0618000000000001
0.9066373626373628 0.12194736842105272
0.9380329670329669 0.19713684210526325
0.9328021978021976 0.28736315789473676
0.9014065934065936 0.3600473684210526
0.8961648351648357 0.4352315789473685
0.8909340659340664 0.5154315789473685
0.880472527472528 0.6307210526315788
0.8052527472527475 0.7303473684210527
0.6914285714285711 0.8130526315789475
0.573692307692308 0.8769631578947368
0.4520329670329669 0.9295947368421053
0.37746153846153896 0.9634263157894736
0.25580219780219804 0.9784684210526315
0.16160439560439577 0.9709473684210528
0.051714285714285935 0.9653105263157894
0.22832967032967055 0.4277157894736843
0.2871978021978021 0.3506473684210526
0.39708791208791194 0.26794210526315787
0.5344505494505494 0.18335263157894732
0.6443406593406593 0.13072105263157888
0.7581538461538457 0.14952105263157892
0.844494505494506 0.162678947368421
0.8601978021978024 0.21531052631578942
0.8562637362637358 0.28861578947368416
0.7934725274725276 0.3337315789473684
0.8130989010989007 0.3957578947368422
0.8130989010989007 0.47282631578947365
0.7856263736263732 0.5555315789473684
0.7228351648351651 0.6119263157894738
0.6875054945054944 0.6589157894736843
0.19692307692307642 0.48034736842105275
0.21654945054945074 0.5292157894736842
0.23225274725274714 0.5799684210526317
0.17338461538461558 0.6232052631578947
0.16552747252747235 0.7171894736842106
0.3185934065934062 0.6889947368421052
0.42063736263736284 0.6326
0.5462197802197803 0.6232052631578947
0.5933186813186808 0.5762105263157896
0.6286373626373628 0.5141789473684212
0.6207912087912084 0.4596684210526315
0.5697692307692312 0.4239526315789473
0.5148241758241763 0.393878947368421
0.47164835164835117 0.3732052631578947
0.3892307692307688 0.36192631578947376
0.7620769230769235 0.3299684210526317
0.7463736263736259 0.28109999999999996
0.7149780219780218 0.23410526315789484
0.7110549450549453 0.20591052631578943
0.6953626373626376 0.1645578947368422
}
