version: 2
n_points: 55
{
0.8484848484848485 0.6283185840707964
0.9151515151515152 0.5309734513274337
0.9696969696969697 0.39823008849557523
0.9696969696969697 0.24778761061946902
0.9272727272727272 0.13274336283185842
0.8606060606060606 0.061946902654867256
0.7757575757575758 0.04424778761061947
0.6848484848484848 0.061946902654867256
0.6060606060606061 0.09734513274336283
0.509090909090909 0.13274336283185842
0.4181818181818182 0.18584070796460178
0.32121212121212117 0.24778761061946902
0.24242424242424243 0.3274336283185841
0.18181818181818177 0.415929203539823
0.12727272727272732 0.49557522123893805
0.07878787878787874 0.5752212389380531
0.042424242424242475 0.6991150442477876
0.030303030303030276 0.831858407079646
0.08484848484848484 0.911504424778761
0.1575757575757576 0.9557522123893806
0.6303030303030304 0.5929203539823009
0.7272727272727273 0.5575221238938053
0.8181818181818181 0.49557522123893805
0.8787878787878788 0.415929203539823
0.896969696969697 0.3008849557522124
0.8424242424242424 0.24778761061946902
0.7696969696969697 0.20353982300884957
0.696969696969697 0.20353982300884957
0.6424242424242423 0.19469026548672566
0.5757575757575757 0.20353982300884957
0.509090909090909 0.22123893805309736
0.4424242424242424 0.23008849557522124
0.38787878787878793 0.24778761061946902
0.35151515151515156 0.336283185840708
0.33939393939393936 0.4247787610619469
0.6121212121212121 0.6902654867256637
0.5515151515151515 0.6991150442477876
0.48484848484848486 0.672566371681416
0.4 0.7522123893805309
0.34545454545454546 0.7522123893805309
0.35151515151515156 0.6991150442477876
0.3939393939393939 0.584070796460177
0.36363636363636365 0.48672566371681414
0.38787878787878793 0.3805309734513274
0.4242424242424242 0.30973451327433627
0.509090909090909 0.3008849557522124
0.6060606060606061 0.2920353982300885
0.6363636363636364 0.37168141592920356
0.6666666666666667 0.46017699115044247
0.7272727272727273 0.5309734513274337
0.4242424242424242 0.26548672566371684
0.47878787878787876 0.25663716814159293
0.5454545454545454 0.24778761061946902
0.5818181818181818 0.23008849557522124
0.6060606060606061 0.20353982300884957
}
