version: 2
n_points: 55
{
0.954835051546392 0.13205670103092784
0.7731958762886598 0.07560309278350516
0.6357422680412368 0.02651030927835052
0.4590103092783505 0.033871134020618546
0.2822783505154636 0.058417525773195866
0.1939175257731959 0.11487628865979382
0.15463917525773196 0.1885103092783505
0.10063917525773196 0.2695154639175258
0.08590721649484563 0.35542268041237113
0.08590721649484563 0.43151546391752577
0.071185567010309 0.502701030927835
0.06136082474226802 0.5812474226804124
0.07609278350515435 0.6475206185567012
0.09082474226804126 0.7260670103092784
0.13009278350515494 0.7972525773195875
0.2135463917525773 0.8561597938144331
0.29209278350515494 0.9027989690721648
0.4295567010309276 0.9494329896907217
0.6111958762886598 0.9788917525773194
0.7781030927835051 0.9666185567010309
0.8271958762886598 0.44133505154639174
0.7879278350515461 0.3603350515463918
0.7584639175257735 0.2572422680412371
0.7290103092783505 0.1786958762886598
0.5964639175257734 0.12960309278350515
0.4884639175257729 0.11978350515463917
0.3853711340206183 0.14432989690721648
0.2822783505154636 0.20814948453608248
0.2135463917525773 0.2744226804123711
0.18900000000000028 0.33333505154639176
0.16445360824742267 0.4192422680412371
0.1693711340206183 0.5100618556701031
0.15954639175257732 0.6008814432989692
0.179185567010309 0.6917010309278351
0.29209278350515494 0.7628865979381443
0.8910206185567008 0.4634278350515464
0.7879278350515461 0.5076082474226804
0.7388350515463915 0.6057938144329897
0.8222886597938145 0.7015206185567012
0.7879278350515461 0.7898865979381443
0.6701030927835051 0.7776134020618558
0.5621030927835051 0.6941597938144328
0.4148247422680412 0.6966134020618555
0.4148247422680412 0.6401546391752577
0.43937113402061884 0.5665206185567009
0.4737319587628866 0.5076082474226804
0.5375567010309276 0.4511546391752577
0.5768247422680413 0.4143350515463918
0.6799175257731959 0.4020618556701031
0.7731958762886598 0.39469587628865976
0.2135463917525773 0.4290618556701031
0.26754639175257733 0.3652422680412371
0.3264639175257729 0.29896907216494845
0.3804639175257729 0.2228762886597938
0.4639175257731959 0.16396907216494847
}
