version: 2
n_points: 55
{
0.6500517241379309 0.9522391304347826
0.8125574712643677 0.832304347826087
0.901735632183908 0.7011195652173912
0.9651551724137932 0.5174565217391304
0.9671379310344826 0.367532608695652
0.9215574712643678 0.2475978260869565
0.850212643678161 0.17638043478260843
0.7689597701149424 0.15014130434782597
0.6678908045977012 0.13515217391304377
0.56483908045977 0.0826739130434782
0.47956321839080474 0.06415217391304333
0.39417816091954017 0.06726086956521726
0.29401149425287365 0.10452173913043462
0.23490229885057468 0.12936956521739115
0.15936781609195416 0.18216304347826104
0.10682183908045972 0.22875000000000018
0.06412643678160923 0.2815434782608694
0.044425287356321896 0.3436521739130433
0.03128735632183921 0.46166304347826104
0.026362068965517182 0.576576086956522
0.5255402298850576 0.7442717391304349
0.627344827586207 0.793967391304348
0.7225862068965518 0.7411739130434781
0.8161839080459772 0.6604239130434785
0.8785804597701149 0.5889999999999999
0.916344827586207 0.4399239130434784
0.8818620689655173 0.30328260869565205
0.7981206896551724 0.25048913043478277
0.7028793103448275 0.2225326086956523
0.622419540229885 0.20390217391304363
0.5518160919540231 0.15110869565217377
0.4812068965517242 0.14799999999999985
0.4007471264367817 0.17595652173913032
0.36790804597701166 0.20390217391304363
0.3153620689655172 0.24427173913043493
0.46642528735632194 0.8001739130434781
0.4401551724137931 0.6697391304347825
0.38104022988505737 0.5579347826086954
0.30550574712643686 0.5672608695652173
0.2562471264367815 0.5517282608695654
0.33013793103448286 0.5175652173913042
0.4171666666666666 0.42440217391304363
0.469712643678161 0.3436521739130433
0.5009080459770117 0.38092391304347845
0.527183908045977 0.4430326086956523
0.5600229885057473 0.5082500000000002
0.6010747126436782 0.582782608695652
0.6027183908045977 0.6417934782608697
0.6060000000000001 0.7070108695652175
0.6158505747126437 0.7660108695652176
0.6285919540229885 0.24436956521739162
0.691287356321839 0.3300108695652173
0.7383103448275863 0.40246739130434767
0.7870747126436783 0.48481521739130445
0.8306091954022989 0.5803369565217393
}
