version: 2
n_points: 55
{
0.24426126126126127 0.5397234042553192
0.1504189189189188 0.4156099290780142
0.06220720720720722 0.3092269503546099
0.022792792792792803 0.1792056737588652
0.05845045045045045 0.0905531914893617
0.095990990990991 0.052134751773049604
0.18795495495495496 0.04031914893617028
0.2555225225225225 0.043269503546099264
0.33247747747747747 0.0669148936170213
0.41693693693693695 0.11124113475177311
0.49576576576576575 0.1792056737588652
0.5839774774774773 0.2205744680851064
0.6477927927927926 0.2649007092198581
0.7378828828828826 0.34468794326241137
0.8242162162162162 0.4333404255319149
0.9049234234234236 0.5279078014184397
0.9649819819819819 0.6638368794326241
0.9799999999999998 0.7879503546099291
0.9612297297297299 0.8943333333333333
0.9349549549549547 0.9711702127659575
0.40754954954954953 0.6165602836879432
0.32684684684684684 0.5426808510638298
0.26115315315315313 0.47175886524822697
0.19358558558558558 0.3978794326241135
0.14478828828828816 0.31809219858156035
0.1354054054054054 0.20875886524822695
0.15980180180180178 0.12305673758865243
0.22924774774774762 0.11124113475177311
0.2986936936936937 0.14078723404255322
0.3700135135135134 0.18511347517730492
0.461981981981982 0.18807092198581565
0.5577027027027027 0.2205744680851064
0.644036036036036 0.30036170212765956
0.6740675675675677 0.3683333333333334
0.6965900900900902 0.4392553191489361
0.43945945945945947 0.7052127659574469
0.5201621621621622 0.6874822695035461
0.572716216216216 0.6933900709219856
0.6177612612612612 0.7465815602836877
0.6740675675675677 0.7554468085106381
0.6477927927927926 0.6963475177304965
0.5971171171171171 0.610645390070922
0.6121306306306306 0.49539716312056736
0.6064999999999999 0.3978794326241135
0.5633333333333334 0.3240070921985816
0.49388738738738724 0.3033191489361702
0.43195045045045033 0.31218439716312063
0.39253603603603593 0.35946808510638295
0.37376576576576576 0.4392553191489361
0.3456126126126126 0.5367730496453901
0.3418603603603602 0.196936170212766
0.3005675675675676 0.19989361702127662
0.24426126126126127 0.2028439716312056
0.1992162162162162 0.196936170212766
0.16168018018018004 0.20580141843971633
}
