version: 2
n_points: 55
{
0.2544228187919463 0.853101449275362
0.16595302013422802 0.6686376811594207
0.09579194630872499 0.5171304347826089
0.03782550335570486 0.312913043478261
0.0866375838926174 0.1745652173913046
0.20256375838926186 0.14163768115942066
0.2971342281879196 0.12846376811594173
0.39780536912751696 0.10869565217391308
0.4923758389261743 0.0757536231884054
0.5777919463087249 0.08892753623188443
0.6815100671140941 0.12186956521739123
0.7699798657718119 0.22068115942028954
0.8187919463087249 0.32608695652173914
0.8798053691275168 0.4183188405797098
0.9286174496644294 0.5434782608695652
0.9499664429530202 0.6291159420289854
0.968275167785235 0.6884057971014492
0.9713221476510066 0.7674637681159417
0.968275167785235 0.8596811594202897
0.9560738255033556 0.9321449275362317
0.4344093959731542 0.7476956521739132
0.33679194630872494 0.7345217391304351
0.24526845637583902 0.6291159420289854
0.1781543624161075 0.457840579710145
0.1262953020134227 0.3392608695652173
0.10493959731543641 0.22727536231884082
0.21171140939597327 0.22068115942028954
0.3093355704697987 0.20092753623188364
0.38865100671140934 0.1877536231884056
0.48322147651006714 0.16139130434782645
0.5655906040268458 0.1548115942028988
0.6327046979865774 0.2075072463768114
0.6784630872483222 0.27339130434782577
0.7303221476510066 0.3656086956521736
0.7760805369127518 0.47101449275362317
0.46796644295302 0.8201594202898552
0.5137248322147652 0.7542753623188408
0.5838926174496645 0.7674637681159417
0.6571073825503355 0.8596811594202897
0.7425234899328861 0.8992028985507249
0.7455771812080537 0.7081739130434779
0.6601610738255032 0.5764202898550728
0.6479530201342283 0.39195652173913065
0.5747382550335572 0.3787826086956525
0.5137248322147652 0.3787826086956525
0.46491946308724846 0.4183188405797098
0.43136241610738274 0.457840579710145
0.4039060402684565 0.5105362318840576
0.39170469798657703 0.5895942028985509
0.38865100671140934 0.6686376811594207
0.46796644295302 0.26679710144927526
0.4008523489932884 0.29973913043478284
0.31848993288590594 0.3392608695652173
0.2605234899328858 0.3656086956521736
0.1781543624161075 0.37220289855072486
}
