version: 2
n_points: 55
{
0.18790547263681595 0.5239823529411765
0.11519402985074625 0.3656117647058823
0.029930348258706566 0.2291294117647058
0.02560199004975132 0.11660000000000004
0.08400995024875633 0.04498823529411766
0.17053233830845765 0.032200000000000006
0.2786865671641792 0.05777647058823532
0.36304975124378114 0.08590588235294117
0.44307960199004987 0.1140411764705882
0.5231144278606966 0.1626352941176471
0.6118059701492538 0.21634117647058826
0.7026517412935324 0.2828352941176471
0.7935024875621892 0.359564705882353
0.8930049751243783 0.4567529411764706
0.9492487562189054 0.5488235294117647
0.9708756218905473 0.6741411764705882
0.9795323383084579 0.7917882352941177
0.9341044776119403 0.901764705882353
0.8250845771144277 0.9708176470588235
0.6990497512437812 0.9747411764705882
0.4716119402985074 0.5954647058823529
0.400542288557214 0.5254411764705883
0.32473134328358216 0.4694176470588236
0.23944278606965166 0.43300000000000005
0.19442786069651732 0.32095882352941185
0.16599999999999993 0.22291764705882355
0.1446766169154228 0.10807058823529414
0.21338308457711436 0.10247058823529409
0.2915621890547263 0.1304823529411765
0.365004975124378 0.15568823529411757
0.44318407960198997 0.1725
0.5189950248756218 0.1865058823529412
0.597179104477612 0.2145117647058823
0.6943084577114427 0.2873411764705882
0.7227412935323384 0.3825823529411765
0.5071492537313433 0.6458882352941177
0.6019154228855722 0.6486882352941177
0.6706169154228855 0.6626941176470589
0.7108955223880596 0.6991058823529412
0.7843383084577114 0.7299235294117646
0.7464328358208956 0.6598941176470589
0.6611442786069651 0.592664705882353
0.6540348258706469 0.49182352941176477
0.658776119402985 0.37978235294117646
0.6184975124378108 0.33496470588235294
0.5213631840796019 0.33496470588235294
0.4668756218905472 0.35177058823529417
0.4194925373134328 0.37698235294117644
0.39106467661691535 0.4274
0.36026865671641783 0.47501764705882354
0.4313383084577115 0.1893058823529412
0.37210945273631835 0.1893058823529412
0.3152537313432835 0.19490588235294115
0.2607661691542288 0.20331176470588241
0.1991691542288558 0.2005117647058824
}
