version: 2
n_points: 55
{
0.79043 0.9439438202247193
0.8788900000000001 0.7754044943820227
0.95774 0.5679662921348312
0.9712 0.4167191011235958
0.967355 0.24817977528089913
0.90774 0.23953932584269683
0.825045 0.20496629213483167
0.767355 0.18335955056179795
0.68466 0.1574269662921351
0.60389 0.11421348314606765
0.5135099999999999 0.06667415730337108
0.4212 0.07100000000000019
0.32697 0.1185280898876402
0.24620000000000009 0.16174157303370765
0.20004499999999992 0.21792134831460655
0.12950000000000006 0.2477191011235958
0.07950000000000002 0.297988764044944
0.04660500000000001 0.36895505617977514
0.024234999999999896 0.4606179775280899
0.024234999999999896 0.5581910112359547
0.62299 0.7405955056179776
0.706775 0.7709662921348313
0.785155 0.7254157303370787
0.855425 0.6677078651685392
0.91218 0.5462471910112358
0.94326 0.32456179775280924
0.8892100000000001 0.2790112359550561
0.82299 0.257752808988764
0.76083 0.23649438202247194
0.706775 0.20916853932584253
0.66083 0.17879775280898888
0.6121800000000001 0.1484269662921346
0.5648850000000001 0.1302134831460674
0.505425 0.11805617977528096
0.44326 0.10591011235955042
0.5229900000000001 0.8468764044943822
0.498665 0.7254157303370787
0.41488500000000006 0.613056179775281
0.344615 0.6403820224719105
0.277045 0.6434157303370788
0.33245 0.5705393258426968
0.42569500000000005 0.5341011235955059
0.4554250000000001 0.42174157303370813
0.48650499999999997 0.294191011235955
0.5527200000000001 0.2547191011235957
0.6094799999999999 0.28204494382022444
0.6432599999999999 0.36707865168539344
0.67029 0.4794382022471912
0.677045 0.5917977528089889
0.677045 0.7193370786516856
0.667585 0.2243483146067414
0.72299 0.26989887640449456
0.775695 0.34277528089887643
0.8108299999999999 0.41566292134831495
0.85137 0.5219438202247189
}
