version: 2
n_points: 55
{
0.7714285714285715 0.15625
0.8428571428571429 0.25
0.9 0.375
0.9285714285714286 0.53125
0.8857142857142857 0.6875
0.8285714285714285 0.78125
0.7571428571428571 0.8125
0.6714285714285715 0.84375
0.6 0.84375
0.5285714285714286 0.84375
0.4571428571428572 0.84375
0.4 0.84375
0.34285714285714286 0.8125
0.2857142857142857 0.71875
0.22857142857142854 0.625
0.15714285714285714 0.59375
0.11428571428571432 0.53125
0.0714285714285714 0.40625
0.0714285714285714 0.28125
0.09999999999999998 0.15625
0.5714285714285714 0.1875
0.6285714285714286 0.1875
0.7142857142857143 0.1875
0.7571428571428571 0.3125
0.7857142857142857 0.46875
0.7857142857142857 0.65625
0.7428571428571429 0.6875
0.7 0.71875
0.6428571428571428 0.75
0.6 0.75
0.5428571428571429 0.71875
0.5 0.75
0.44285714285714284 0.71875
0.41428571428571426 0.65625
0.37142857142857144 0.59375
0.5225285714285715 0.16965624999999918
0.47209999999999996 0.22940625000000026
0.40067142857142857 0.22940625000000026
0.3502571428571428 0.16506250000000122
0.29562857142857124 0.16506250000000122
0.29772857142857156 0.23859374999999972
0.40067142857142857 0.3167187499999997
0.4090714285714284 0.4821562499999992
0.4447857142857141 0.5648750000000007
0.49731428571428593 0.6108437500000008
0.560342857142857 0.6246250000000018
0.6212571428571428 0.6062499999999993
0.6464714285714284 0.5235312500000013
0.6380714285714284 0.39025000000000176
0.6443714285714285 0.24778124999999918
0.6779857142857144 0.7119375000000012
0.7053000000000001 0.6705937499999983
0.7283999999999999 0.6475937499999986
0.7578142857142857 0.6200312500000003
0.7809285714285713 0.5878750000000004
}
