version: 2
n_points: 55
{
0.6896760563380284 0.12716216216216247
0.791605633802817 0.1652972972972977
0.8847042253521126 0.3164864864864867
0.9276760563380283 0.4630540540540543
0.8942535211267604 0.6325405405405404
0.8441267605633802 0.7424864864864867
0.7701267605633804 0.8157837837837837
0.6794084507042253 0.838702702702703
0.5934647887323943 0.8524324324324322
0.5194647887323944 0.8432702702702701
0.4478591549295775 0.8478648648648651
0.37384507042253534 0.8295405405405408
0.3093943661971833 0.7745675675675674
0.2425492957746479 0.7333243243243246
0.19242253521126773 0.6508648648648647
0.16139436619718317 0.5684324324324328
0.11125352112676057 0.4997027027027028
0.08977464788732392 0.4035135135135137
0.07305633802816913 0.3164864864864867
0.06350704225352088 0.2294324324324325
0.5290140845070423 0.30272972972972956
0.6292816901408451 0.23859459459459464
0.7390845070422534 0.26151351351351315
0.8035492957746477 0.36227027027027014
0.8321971830985917 0.4630540540540543
0.8345774647887323 0.6050540540540541
0.7772816901408452 0.7012702702702703
0.7056760563380282 0.7562432432432431
0.61256338028169 0.7837297297297294
0.5624366197183097 0.7837297297297294
0.5075352112676056 0.7791351351351352
0.4478591549295775 0.7837297297297294
0.38578873239436606 0.7608108108108109
0.3428169014084508 0.6737837837837839
0.2855211267605633 0.586756756756757
0.49559154929577487 0.2477567567567568
0.45261971830985914 0.32562162162162167
0.38339436619718315 0.3302162162162159
0.34997183098591567 0.26151351351351315
0.2926901408450705 0.2660810810810811
0.29746478873239446 0.3897567567567566
0.3595211267605636 0.45389189189189216
0.3810140845070421 0.5684324324324328
0.44546478873239415 0.6462972972972976
0.5027605633802816 0.6325405405405404
0.5314084507042252 0.5592702702702705
0.5648309859154931 0.504297297297297
0.5910845070422537 0.42640540540540506
0.5982394366197182 0.34394594594594596
0.61256338028169 0.2660810810810811
0.5170845070422534 0.7333243243243246
0.5648309859154931 0.6921081081081082
0.6197323943661972 0.6371351351351355
0.6818028169014083 0.6050540540540541
0.7581830985915492 0.6142162162162161
}
