version: 2
n_points: 55
{
0.8170793201133144 0.29096045197740117
0.8919461756373936 0.3878135593220341
0.9526515580736542 0.5088757062146894
0.9850254957507084 0.6460847457627117
0.9830028328611898 0.7550451977401131
0.9506260623229462 0.8640056497175139
0.8899235127478754 0.9527853107344635
0.8089830028328613 0.9689265536723164
0.7462577903682719 0.9689265536723164
0.6754362606232294 0.924536723163842
0.6046147308781868 0.8518983050847455
0.4710651558073653 0.827683615819209
0.35370254957507075 0.8034689265536726
0.2312832861189803 0.7341129943502824
0.12328045325779047 0.6317118644067796
0.054229461756374 0.5045932203389829
0.013507082152974581 0.3421638418079095
0.027671388101983108 0.1903276836158191
0.06131161473087832 0.080864406779661
0.10911614730878194 0.02436723163841803
0.534045325779037 0.23623163841807904
0.6367365439093485 0.292728813559322
0.7429688385269122 0.3668813559322033
0.8279546742209632 0.46575141242937845
0.8916940509915015 0.5928700564971751
0.9182521246458925 0.7199887005649717
0.9040878186968839 0.8082655367231638
0.8615949008498585 0.8859491525423728
0.7872322946175638 0.9036045197740112
0.7252634560906517 0.8753559322033898
0.6703767705382437 0.8435762711864406
0.6331954674220964 0.8223898305084745
0.5747677053824363 0.8153276836158192
0.49686402266288965 0.8047344632768361
0.41364872521246465 0.7623615819209039
0.5181104815864024 0.13736158192090386
0.479158640226629 0.20092090395480222
0.40656657223796044 0.24682485875706206
0.3357450424929179 0.21504519774011288
0.28085835694051 0.18679661016949145
0.3215807365439094 0.27860451977401124
0.3977138810198301 0.36335028248587564
0.4047960339943344 0.4198474576271186
0.43312464589235133 0.4939999999999999
0.4986345609065157 0.5222485875706214
0.5358158640226629 0.5010621468926553
0.5783087818696885 0.4445649717514124
0.6084079320113316 0.4092542372881355
0.62257223796034 0.3668813559322033
0.6385070821529746 0.3245084745762711
0.3817790368271955 0.628180790960452
0.48092917847025507 0.7411751412429377
0.5977847025495752 0.7341129943502824
0.6987053824362607 0.6776158192090395
0.8456600566572239 0.6705536723163841
}
