version: 2
n_points: 55
{
0.12832799999999997 0.11508849557522116
0.08658800000000019 0.3036194690265487
0.03789199999999983 0.496
0.02223999999999978 0.6653008849557522
0.07093600000000015 0.8345929203539822
0.14398000000000002 0.9269380530973451
0.23441600000000018 0.9538672566371682
0.3335439999999999 0.9230884955752212
0.41354399999999986 0.8884601769911503
0.4952840000000001 0.846141592920354
0.5578919999999998 0.8153539823008848
0.6309360000000002 0.8307433628318583
0.7231120000000001 0.7768761061946903
0.7857199999999998 0.7037787610619468
0.8448519999999998 0.6576017699115044
0.90398 0.5498672566371681
0.94398 0.4382920353982299
0.9631120000000001 0.295929203539823
0.9822399999999998 0.15740707964601774
0.9822399999999998 0.03813274336283179
0.4031120000000001 0.19203539823008842
0.32485199999999986 0.2805309734513274
0.23789199999999983 0.3459469026548674
0.19441600000000017 0.4921592920353983
0.16485199999999986 0.6768407079646018
0.17006800000000022 0.8153539823008848
0.24311200000000008 0.846141592920354
0.32832799999999995 0.8307433628318583
0.39963200000000004 0.7730353982300886
0.47615599999999997 0.7576460176991151
0.5474600000000001 0.7499469026548673
0.6048519999999998 0.7576460176991151
0.676156 0.7422477876106195
0.7422399999999998 0.6806902654867257
0.78398 0.6152831858407078
0.45528400000000013 0.17664601769911514
0.5213719999999998 0.22282300884955752
0.620504 0.2459026548672567
0.6552840000000001 0.11893805309734506
0.74746 0.11508849557522116
0.7370239999999999 0.2920796460176991
0.66398 0.42674336283185843
0.6570239999999999 0.5883451327433629
0.58746 0.6152831858407078
0.5509360000000002 0.40750442477876103
0.488328 0.3420973451327435
0.4222399999999998 0.35748672566371664
0.3735439999999999 0.36518584070796456
0.3335439999999999 0.38442477876106196
0.30746 0.3382477876106196
0.500504 0.723008849557522
0.4205039999999999 0.723008849557522
0.35267599999999993 0.6883805309734514
0.2865880000000002 0.6383628318584069
0.20485199999999987 0.6306725663716813
}
