version: 2
n_points: 55
{
0.8922913165266106 0.6351988304093568
0.946310924369748 0.7375380116959065
0.9843277310924369 0.8419649122807018
0.9803249299719888 0.9025350877192981
0.9423109243697478 0.9422163742690058
0.8942913165266106 0.967280701754386
0.8102577030812325 0.9839883040935673
0.718221288515406 0.9714561403508772
0.6281848739495797 0.9505701754385966
0.5341456582633055 0.9150643274853801
0.42810364145658253 0.8544970760233919
0.3100560224089637 0.7458918128654972
0.21401960784313723 0.6477309941520468
0.1279831932773111 0.5245058479532163
0.045952380952380856 0.3845730994152047
0.01994117647058835 0.2864093567251462
0.011938375350139863 0.18616081871345036
0.01994117647058835 0.11306140350877203
0.04795238095238108 0.06502339181286565
0.06996078431372543 0.012809941520467771
0.5801652661064427 0.4493187134502923
0.6942100840336134 0.520327485380117
0.7962521008403362 0.6017836257309941
0.8662801120448179 0.695766081871345
0.9042941176470589 0.7876637426900583
0.8922913165266106 0.8628508771929826
0.8542745098039215 0.9150643274853801
0.7882492997198879 0.9380409356725147
0.6822072829131653 0.9296842105263158
0.6001736694677869 0.9004444444444444
0.5041344537815127 0.8544970760233919
0.4000924369747898 0.7772222222222223
0.3020532212885153 0.6874122807017544
0.25603641456582626 0.5996929824561404
0.24002801120448192 0.5098859649122807
0.5541540616246498 0.3908391812865496
0.47612324929971983 0.35950877192982456
0.4221008403361346 0.31147368421052635
0.4000924369747898 0.2738801169590642
0.3480728291316525 0.22375438596491226
0.3480728291316525 0.307295321637427
0.3840868347338936 0.3929269005847953
0.3700812324929973 0.4493187134502923
0.3700812324929973 0.5579239766081872
0.4161008403361345 0.6289327485380118
0.480126050420168 0.6539970760233917
0.5541540616246498 0.6372865497076023
0.6061764705882352 0.6080467836257311
0.6621988795518207 0.6017836257309941
0.7062156862745099 0.5537456140350876
0.5241428571428572 0.8294356725146198
0.6061764705882352 0.8398771929824561
0.6902100840336134 0.8315233918128654
0.7782436974789917 0.8586754385964912
0.8522745098039216 0.8231695906432749
}
