version: 2
n_points: 55
{
0.8610431034482758 0.5802727272727273
0.9226206896551724 0.4179242424242428
0.9503275862068965 0.325939393939394
0.9503275862068965 0.21771212121212163
0.910301724137931 0.15277272727272767
0.8518103448275862 0.09325757575757535
0.7686810344827586 0.07701515151515193
0.6886293103448273 0.09325757575757535
0.6085775862068967 0.12572727272727274
0.516215517241379 0.15818181818181815
0.43000862068965495 0.17983333333333376
0.31917241379310346 0.2393636363636364
0.22988793103448257 0.30969696969696964
0.16523275862068942 0.38545454545454544
0.12828448275862048 0.47745454545454546
0.07286206896551728 0.6073181818181822
0.05131034482758623 0.7047272727272728
0.03940517241379338 0.8072121212121214
0.04877586206896567 0.8862575757575757
0.08062931034482768 0.9323636363636364
0.5665862068965517 0.6822727272727268
0.6281637931034485 0.6142424242424246
0.6879827586206895 0.5678636363636361
0.7478017241379311 0.527666666666667
0.8005775862068965 0.3885151515151515
0.8216896551724138 0.2926666666666663
0.8093793103448277 0.19371212121212159
0.7337241379310344 0.18134848484848476
0.6440000000000001 0.19680303030302992
0.5648275862068963 0.2401060606060603
0.5085344827586208 0.2617424242424239
0.443439655172414 0.27101515151515154
0.3783448275862067 0.3050303030303031
0.32204310344827614 0.36687878787878786
0.2921379310344826 0.4905606060606062
0.587698275862069 0.7317424242424245
0.5314051724137929 0.697742424242424
0.44168103448275875 0.6946515151515148
0.38537931034482764 0.7595757575757577
0.3132499999999999 0.7719545454545457
0.29917241379310355 0.7533939393939393
0.343155172413793 0.697742424242424
0.33259482758620706 0.6080606060606062
0.35899137931034464 0.5245757575757578
0.39768965517241384 0.42871212121212143
0.45399137931034494 0.41325757575757543
0.4944568965517244 0.42871212121212143
0.5349224137931033 0.45654545454545464
0.5753879310344828 0.49983333333333296
0.617612068965517 0.5678636363636361
0.5349224137931033 0.27410606060606074
0.5982586206896554 0.27719696969696994
0.6721465517241378 0.28339393939393953
0.7389999999999999 0.28957575757575793
0.7777068965517241 0.3081212121212123
}
