version: 2
n_points: 55
{
0.8078214285714288 0.1115982532751091
0.6394571428571428 0.058572052401746774
0.48129285714285697 0.02426200873362438
0.30272142857142836 0.030497816593886378
0.14455714285714327 0.09911790393013091
0.05272142857142837 0.2020524017467248
0.0425142857142857 0.3361746724890829
0.0833357142857145 0.4266288209606986
0.13945714285714286 0.5170873362445415
0.2108857142857143 0.6137816593886465
0.2466 0.691759825327511
0.30782142857142875 0.7634978165938865
0.38435714285714245 0.8290000000000001
0.5017000000000004 0.8913842794759823
0.5935357142857145 0.931934497816594
0.6955785714285713 0.9724803493449781
0.812928571428571 0.978720524017467
0.9047642857142859 0.9537685589519651
0.9659857142857147 0.8945021834061135
0.9608857142857143 0.8445982532751092
0.7159857142857147 0.44534497816593877
0.7159857142857147 0.3486506550218341
0.6751714285714285 0.25195633187772914
0.6394571428571428 0.15526637554585146
0.5170071428571427 0.09911790393013091
0.3639428571428571 0.07416593886462873
0.2108857142857143 0.1209519650655021
0.10884285714285755 0.223886462882096
0.11905000000000021 0.3361746724890829
0.1751714285714286 0.4235109170305676
0.2517000000000004 0.5108471615720523
0.2925142857142857 0.607541484716157
0.3639428571428571 0.685519650655022
0.4557857142857139 0.7447860262008735
0.5527214285714284 0.8009301310043668
0.8027214285714284 0.43910917030567675
0.7823142857142857 0.49837117903930134
0.8027214285714284 0.5701135371179038
0.8486428571428567 0.6044235807860262
0.8843571428571425 0.6512096069868993
0.7363928571428573 0.6699257641921398
0.6394571428571428 0.6262576419213974
0.5425142857142857 0.6449694323144104
0.44047857142857166 0.6168995633187773
0.4098642857142855 0.5732314410480348
0.44047857142857166 0.5108471615720523
0.5017000000000004 0.460943231441048
0.5374142857142861 0.4172751091703056
0.5884357142857141 0.3455327510917031
0.6751714285714285 0.32369868995633194
0.28231428571428574 0.48589519650655016
0.26700714285714267 0.38608296943231446
0.30272142857142836 0.28938864628820954
0.38435714285714245 0.2020524017467248
0.5119071428571431 0.1521441048034935
}
