version: 2
n_points: 55
{
0.8114754098360656 0.5753424657534246
0.8770491803278688 0.4657534246575342
0.9344262295081968 0.3561643835616438
0.9590163934426229 0.1917808219178082
0.8934426229508197 0.0958904109589041
0.8114754098360656 0.0684931506849315
0.7295081967213115 0.0958904109589041
0.6557377049180328 0.1095890410958904
0.5819672131147541 0.136986301369863
0.5163934426229508 0.1643835616438356
0.4590163934426229 0.1643835616438356
0.4098360655737705 0.1506849315068493
0.34426229508196726 0.1643835616438356
0.2704918032786885 0.2328767123287671
0.20491803278688525 0.3013698630136986
0.15573770491803274 0.3972602739726027
0.10655737704918034 0.5205479452054794
0.06557377049180324 0.6575342465753424
0.040983606557377095 0.821917808219178
0.08196721311475408 0.9315068493150684
0.6229508196721312 0.5616438356164384
0.6885245901639344 0.5205479452054794
0.7540983606557377 0.4794520547945205
0.8278688524590164 0.410958904109589
0.8770491803278688 0.3424657534246575
0.8852459016393442 0.2602739726027397
0.860655737704918 0.1506849315068493
0.7786885245901639 0.1506849315068493
0.7049180327868853 0.1643835616438356
0.639344262295082 0.1780821917808219
0.5737704918032787 0.2054794520547945
0.5081967213114754 0.2191780821917808
0.4426229508196722 0.1917808219178082
0.3688524590163934 0.2054794520547945
0.319672131147541 0.273972602739726
0.5901639344262295 0.6027397260273972
0.5327868852459017 0.5753424657534246
0.4672131147540983 0.5753424657534246
0.4180327868852459 0.6301369863013698
0.34426229508196726 0.6575342465753424
0.360655737704918 0.5753424657534246
0.4098360655737705 0.4931506849315068
0.3770491803278688 0.3972602739726027
0.39344262295081966 0.2876712328767123
0.4508196721311475 0.2602739726027397
0.5163934426229508 0.273972602739726
0.5901639344262295 0.2876712328767123
0.6311475409836065 0.3013698630136986
0.6557377049180328 0.3972602739726027
0.680327868852459 0.4657534246575342
0.6302049180327869 0.21590410958904105
0.6774016393442621 0.2076027397260274
0.7345245901639346 0.2076027397260274
0.8090409836065572 0.19930136986301378
0.8463032786885247 0.2076027397260274
}
