version: 2
n_points: 55
{
0.8441238938053097 0.17158333333333353
0.9008495575221238 0.3033472222222223
0.9462300884955753 0.43868055555555563
0.9507699115044249 0.5561944444444443
0.9235398230088496 0.6986527777777778
0.8463893805309735 0.8126111111111113
0.7578938053097345 0.8909583333333333
0.6421681415929203 0.9265694444444443
0.5264424778761062 0.8980694444444445
0.41979646017699124 0.8410972222222222
0.3381061946902656 0.7663055555555557
0.2654955752212387 0.6844027777777776
0.1906194690265488 0.6060555555555556
0.12027433628318596 0.499222222222222
0.068079646017699 0.4066249999999998
0.05220353982300885 0.3033472222222223
0.043123893805309677 0.19651388888888888
0.043123893805309677 0.1110416666666667
0.07261946902654881 0.06830555555555562
0.1520442477876105 0.0647361111111111
0.5377876106194691 0.2855416666666666
0.6058672566371681 0.23568055555555545
0.6920884955752211 0.24636111111111114
0.7624336283185841 0.2855416666666666
0.8236991150442479 0.3638888888888887
0.8418495575221239 0.49565277777777794
0.8441238938053097 0.6630277777777778
0.773778761061947 0.7413749999999999
0.685283185840708 0.7948055555555555
0.5922477876106196 0.8232916666666665
0.5128318584070796 0.8126111111111113
0.43794690265486724 0.76275
0.3676106194690265 0.7128888888888889
0.29272566371681397 0.6345416666666668
0.24734513274336278 0.499222222222222
0.5514070796460177 0.07543055555555567
0.5060265486725665 0.11816666666666675
0.40391150442477874 0.1395277777777777
0.33584070796460164 0.10747222222222219
0.27911504424778777 0.1110416666666667
0.2813805309734513 0.22499999999999987
0.36533628318584055 0.3425138888888889
0.3834867256637169 0.48497222222222236
0.4288761061946902 0.5811250000000001
0.481061946902655 0.6060555555555556
0.5150973451327432 0.5455138888888886
0.5491327433628318 0.5099027777777777
0.5786371681415929 0.4351111111111111
0.6081327433628319 0.3460833333333334
0.6308230088495574 0.27841666666666653
0.5627522123893807 0.7520694444444445
0.6308230088495574 0.7235694444444445
0.6966283185840707 0.6986527777777778
0.7533539823008849 0.6559166666666667
0.7987345132743363 0.6202916666666667
}
