version: 2
n_points: 55
{
0.13942038216560507 0.9852310126582278
0.07377866242038221 0.8476487341772151
0.02600796178343953 0.6753575949367089
0.00831528662420379 0.4925158227848101
0.052547770700636945 0.31670569620253164
0.12154936305732489 0.20770569620253165
0.19585987261146498 0.12683227848101275
0.2914012738853503 0.08112341772151899
0.3780955414012738 0.07057594936708866
0.45063694267515925 0.04596202531645566
0.5231783439490446 0.017832278481012653
0.5939490445859873 0.028379746835443087
0.6877213375796178 0.07409177215189877
0.7584920382165604 0.18660759493670898
0.8080318471337579 0.3061582278481012
0.8416496815286625 0.38703164556962033
0.8805732484076433 0.4854841772151899
0.9071130573248408 0.5874525316455695
0.928343949044586 0.7386487341772152
0.9920382165605095 0.8089715189873418
0.45063694267515925 0.6577753164556961
0.3745573248407643 0.7140348101265822
0.2843248407643312 0.7070031645569621
0.21532165605095538 0.7245822784810125
0.16047452229299367 0.7280981012658226
0.11093471337579613 0.678873417721519
0.13393471337579615 0.464386075949367
0.15516560509554142 0.3307721518987341
0.218859872611465 0.2780284810126583
0.26663057324840767 0.21473734177215198
0.30555573248407647 0.18660759493670898
0.35332643312101913 0.1373829113924051
0.4364824840764331 0.1127689873417721
0.5337929936305732 0.12331645569620253
0.5904108280254777 0.21122151898734165
0.47186783439490443 0.8511645569620252
0.528485668789809 0.7878734177215189
0.6010254777070063 0.7632594936708863
0.671797770700637 0.7527120253164556
0.6841831210191083 0.6753575949367089
0.6611815286624203 0.5804208860759494
0.6010254777070063 0.5417405063291141
0.5797945859872611 0.464386075949367
0.5797945859872611 0.3518670886075952
0.5161003184713375 0.26044936708860766
0.452406050955414 0.295610759493671
0.4099426751592356 0.37999683544303786
0.3657117834394905 0.4679018987341772
0.34624840764331205 0.5804208860759494
0.3285557324840765 0.6929367088607594
0.30555573248407647 0.19363924050632908
0.2542468152866242 0.2534145569620254
0.21001433121019109 0.31318987341772164
0.17639808917197455 0.37296518987341765
0.15162738853503183 0.4397721518987341
}
