version: 2
n_points: 55
{
0.6700125 0.8975250000000002
0.7700125 0.8287750000000003
0.8762624999999999 0.7225250000000003
0.9325125 0.5787750000000003
0.9075124999999999 0.42252500000000026
0.8418875 0.32877500000000026
0.7481375 0.28502500000000025
0.6668875 0.24127500000000027
0.5887625 0.19752500000000026
0.5012624999999999 0.16627500000000026
0.41688749999999997 0.14752500000000027
0.34501249999999994 0.15377500000000027
0.27626249999999997 0.17877500000000027
0.24501249999999997 0.22877500000000026
0.19813749999999997 0.2600250000000003
0.14813750000000003 0.3225250000000003
0.09813749999999999 0.4162750000000003
0.06796250000000015 0.4982749999999996
0.05646249999999997 0.6457999999999998
0.05091250000000014 0.7624499999999997
0.5536874999999999 0.7624499999999997
0.6370249999999998 0.7957999999999998
0.7620249999999998 0.7513499999999993
0.8398 0.6957999999999999
0.8870249999999998 0.5680000000000007
0.8648 0.44579999999999986
0.7953624999999999 0.384675
0.7175750000000001 0.3569000000000003
0.6536874999999999 0.31800000000000067
0.5981375 0.26244999999999974
0.5398 0.25690000000000024
0.4786874999999998 0.24022499999999952
0.44813749999999997 0.2680000000000007
0.4286874999999999 0.3124499999999998
0.4092500000000001 0.3735749999999996
0.4981375 0.8124499999999998
0.4286874999999999 0.7624499999999997
0.35091250000000007 0.7569000000000002
0.31479999999999997 0.8069000000000003
0.2592500000000001 0.7957999999999998
0.3398 0.5957999999999999
0.41479999999999995 0.5735749999999996
0.4564625 0.45690000000000025
0.5036874999999998 0.3902249999999995
0.5620249999999999 0.34579999999999983
0.5981375 0.3624499999999998
0.6203624999999999 0.44022499999999953
0.6175750000000001 0.534675
0.6064624999999999 0.6235749999999995
0.6009125000000001 0.7457999999999998
0.6842500000000001 0.3791250000000005
0.7175750000000001 0.45134999999999936
0.7370249999999998 0.5180000000000007
0.7647999999999999 0.5846750000000001
0.7842500000000001 0.5957999999999999
}
