version: 2
n_points: 55
{
0.5587910447761197 0.14074336283185837
0.43938805970149286 0.08764601769911501
0.34237313432835853 0.04782300884955749
0.2043134328358212 0.05667256637168138
0.11102985074626898 0.13631858407079642
0.07940298507462676 0.18545132743362822
0.07592537313432819 0.2595398230088496
0.09328358208955224 0.33157522123893796
0.11064179104477628 0.4036017699115044
0.14188059701492495 0.4776902654867258
0.1835373134328362 0.5435486725663716
0.23211940298507494 0.6094070796460177
0.2772537313432839 0.6670353982300885
0.3362537313432835 0.737008849557522
0.4022089552238803 0.7884601769911505
0.4612089552238808 0.8522566371681417
0.5445223880597015 0.9181150442477878
0.659059701492537 0.9572123893805311
0.8187313432835823 0.9572123893805311
0.9263283582089555 0.9016460176991152
0.5896417910447757 0.4344778761061947
0.558402985074627 0.3480353982300885
0.5028656716417912 0.24719469026548666
0.4091492537313434 0.1751592920353983
0.305014925373134 0.13194690265486722
0.1939402985074631 0.15663716814159281
0.12800000000000034 0.2245575221238938
0.13494029850746264 0.29658407079646026
0.15576119402985042 0.364504424778761
0.19741791044776083 0.4056637168141593
0.20783582089552255 0.4776902654867258
0.24253731343283583 0.5394336283185842
0.2911343283582085 0.5950000000000001
0.3258507462686566 0.6299911504424781
0.3917910447761194 0.6588053097345132
0.7250149253731346 0.46123008849557523
0.7215373134328361 0.5167964601769911
0.6937761194029851 0.5682477876106193
0.731955223880597 0.6114690265486726
0.777074626865672 0.6690884955752214
0.7076567164179106 0.6690884955752214
0.6174029850746267 0.6238141592920353
0.47162686567164164 0.6135221238938051
0.3883283582089548 0.5888318584070797
0.3431940298507467 0.5394336283185842
0.33279104477611976 0.4879823008849557
0.3431940298507467 0.44270796460177
0.3917910447761194 0.41389380530973463
0.4438656716417907 0.38507964601769923
0.5167462686567166 0.364504424778761
0.22517910447761177 0.44476106194690274
0.21823880597014947 0.36861946902654863
0.20783582089552255 0.3006991150442479
0.2112985074626863 0.24101769911504436
0.24947761194029813 0.18339823008849548
}
