version: 2
n_points: 55
{
0.6732947368421055 0.7826101694915255
0.7714105263157893 0.6645762711864408
0.870821052631579 0.5563050847457628
0.9439263157894737 0.35855932203389834
0.9439263157894737 0.21732203389830512
0.8971368421052632 0.1231525423728812
0.8152736842105266 0.10903389830508463
0.7421684210526313 0.09961016949152558
0.6602947368421054 0.08549152542372901
0.5550315789473685 0.09020338983050852
0.4643894736842107 0.11372881355932217
0.39713684210526323 0.1466949152542373
0.3035684210526316 0.2078983050847456
0.23924210526315803 0.2691016949152544
0.1544526315789474 0.3726779661016949
0.10474736842105281 0.4574237288135593
0.05211578947368445 0.5704237288135593
0.04626315789473667 0.7493220338983052
0.07550526315789474 0.8387796610169491
0.10474736842105281 0.928237288135593
0.5491894736842106 0.6127966101694915
0.6369052631578944 0.5609999999999998
0.7246210526315789 0.5421694915254237
0.7918736842105264 0.4621355932203388
0.8445052631578949 0.35384745762711883
0.850357894736842 0.2455593220338983
0.7947999999999997 0.1608135593220339
0.7012315789473687 0.1466949152542373
0.6135157894736841 0.1372711864406778
0.5316421052631576 0.15610169491525439
0.45269473684210493 0.1702372881355934
0.38544210526315814 0.2078983050847456
0.3386631578947369 0.23615254237288122
0.2801789473684212 0.31618644067796614
0.24216842105263126 0.3726779661016949
0.5082526315789473 0.6881186440677964
0.4439263157894737 0.6739999999999998
0.38836842105263136 0.6739999999999998
0.3298842105263158 0.7352033898305086
0.2772526315789473 0.7493220338983052
0.3094210526315787 0.6457457627118642
0.3620526315789472 0.5468813559322032
0.35619999999999996 0.4197627118644066
0.35619999999999996 0.3114745762711866
0.41761052631578954 0.3020677966101695
0.4731684210526318 0.31618644067796614
0.5199473684210525 0.35855932203389834
0.5696526315789476 0.4197627118644066
0.5988947368421051 0.48096610169491544
0.6076631578947369 0.5421694915254237
0.42930526315789463 0.2031864406779661
0.499484210526316 0.2078983050847456
0.5725789473684209 0.1984745762711866
0.6661473684210526 0.23615254237288122
0.7772526315789474 0.3020677966101695
}
