version: 2
n_points: 55
{
0.8156065573770493 0.422148936170213
0.8847704918032787 0.5119148936170212
0.9155081967213116 0.648212765957447
0.9129508196721311 0.7545957446808512
0.8412295081967213 0.84768085106383
0.764377049180328 0.8775957446808513
0.677295081967213 0.8510000000000003
0.5850819672131147 0.8077872340425534
0.5082295081967214 0.7712127659574471
0.423704918032787 0.7147021276595746
0.33918032786885244 0.6615106382978725
0.2879508196721311 0.6016595744680855
0.22391803278688516 0.4952765957446813
0.18549180327868853 0.4287872340425536
0.13170491803278672 0.37893617021276604
0.09072131147540974 0.3323829787234046
0.07022950819672114 0.2825106382978728
0.07790163934426242 0.2193617021276596
0.12401639344262294 0.14621276595744714
0.17011475409836085 0.1030000000000002
0.5479508196721313 0.41234042553191474
0.6334918032786885 0.4092553191489364
0.7309016393442624 0.4185106382978727
0.7855409836065574 0.48634042553191503
0.8259344262295083 0.5819361702127659
0.8449344262295082 0.6837021276595747
0.833065573770492 0.776191489361702
0.7807868852459015 0.8286170212765955
0.7095081967213115 0.8347872340425535
0.6477377049180328 0.8039574468085107
0.5835901639344261 0.7638723404255316
0.528950819672131 0.736106382978723
0.44816393442622937 0.6837021276595747
0.3697704918032789 0.6251063829787233
0.30800000000000016 0.49868085106382953
0.5645901639344262 0.25817021276595775
0.47904918032786903 0.27357446808510644
0.40540983606557357 0.2674042553191486
0.3911475409836068 0.2427446808510637
0.33650819672131127 0.23965957446808528
0.34837704918032797 0.32600000000000007
0.3863934426229507 0.4185106382978727
0.41016393442622967 0.5079361702127658
0.42678688524590147 0.5881063829787239
0.47193442622950843 0.6220212765957449
0.5503278688524589 0.6559361702127662
0.5954754098360657 0.6251063829787233
0.6358688524590166 0.5819361702127659
0.6453606557377047 0.5202553191489361
0.659622950819672 0.4431702127659576
0.5503278688524589 0.7207021276595742
0.6192295081967212 0.7237872340425526
0.7000163934426229 0.7207021276595742
0.7546557377049179 0.7268723404255322
0.8092950819672129 0.7330212765957447
}
