version: 2
n_points: 55
{
0.8671783439490446 0.8177528089887638
0.9414840764331209 0.6773033707865166
0.9680254777070065 0.4853483146067419
0.9414840764331209 0.31680898876404523
0.8963694267515925 0.19040449438202278
0.8247133757961784 0.12017977528089917
0.7424394904458598 0.059325842696628904
0.6522101910828024 0.06400000000000029
0.5513566878980891 0.11082022471910112
0.4398917197452229 0.17168539325842666
0.34435031847133746 0.23722471910112358
0.24615923566878972 0.3214943820224719
0.1479617834394905 0.38703370786516883
0.10284713375796173 0.4478988764044944
0.04976433121019097 0.5649438202247188
0.028535031847133907 0.6866629213483146
0.031191082802547676 0.803707865168539
0.055076433121019064 0.8598876404494379
0.08426751592356696 0.9160674157303368
0.12407643312101924 0.9535168539325842
0.5911656050955414 0.681977528089888
0.6522101910828024 0.7194382022471907
0.7530573248407645 0.7475280898876402
0.8406369426751593 0.714752808988764
0.9096369426751592 0.616438202247191
0.9335222929936305 0.47130337078651713
0.8777898089171974 0.24658426966292166
0.7981719745222929 0.17168539325842666
0.7265159235668789 0.13422471910112388
0.6230127388535032 0.1435955056179772
0.5407452229299363 0.19040449438202278
0.4558152866242038 0.24658426966292166
0.40273885350318483 0.3074494382022472
0.34435031847133746 0.3636292134831461
0.2939299363057324 0.41980898876404493
0.56728025477707 0.780292134831461
0.5088980891719745 0.7896629213483143
0.4531656050955414 0.8177528089887638
0.38415923566878973 0.9020224719101121
0.2912738853503186 0.9441573033707862
0.33373885350318466 0.7990224719101123
0.38681528662420395 0.705393258426966
0.4107006369426752 0.607078651685393
0.4345859872611466 0.4993932584269666
0.4743949044585989 0.44321348314606773
0.5487070063694267 0.41980898876404493
0.5911656050955414 0.4151235955056183
0.6177070063694269 0.47598876404494384
0.6415923566878983 0.5555730337078655
0.6707834394904457 0.6913483146067413
0.5938216560509555 0.2746741573033711
0.7397898089171975 0.2934044943820225
0.8087898089171975 0.31680898876404523
0.8645222929936307 0.38703370786516883
0.8910636942675159 0.45258426966292103
}
