version: 2
n_points: 55
{
0.658129411764706 0.10910399999999981
0.48961176470588225 0.08315999999999986
0.2956470588235294 0.046400000000000094
0.13667058823529402 0.081
0.07307058823529426 0.17613599999999996
0.06352941176470595 0.2864000000000001
0.09532941176470598 0.39883199999999985
0.13667058823529402 0.49396799999999985
0.20025882352941166 0.56748
0.26067058823529426 0.636672
0.3337999999999999 0.697216
0.4164705882352942 0.7685680000000003
0.48642352941176475 0.8139679999999998
0.578635294117647 0.8636959999999999
0.6263294117647059 0.906944
0.6899294117647059 0.9480239999999999
0.766235294117647 0.9653200000000002
0.8298235294117646 0.9588319999999999
0.8997764705882352 0.9436959999999999
0.9506588235294119 0.9285680000000002
0.6994588235294119 0.411808
0.6613058823529413 0.3447840000000001
0.5945294117647059 0.24748
0.4959647058823531 0.18261599999999997
0.40057647058823537 0.14586400000000002
0.27656470588235305 0.13072800000000007
0.16210588235294113 0.14153600000000005
0.11441176470588228 0.2193760000000002
0.1175882352941177 0.305864
0.14302352941176483 0.3772159999999999
0.18436470588235285 0.45937600000000023
0.23841176470588218 0.5393760000000002
0.28610588235294104 0.6042399999999998
0.36242352941176487 0.6647840000000002
0.4514470588235293 0.7447840000000001
0.7566941176470587 0.396672
0.7058235294117647 0.47883199999999987
0.7249058823529411 0.5631599999999999
0.7916705882352941 0.6085680000000002
0.8330117647058825 0.6799119999999998
0.766235294117647 0.6799119999999998
0.6962823529411765 0.6215360000000001
0.5818117647058825 0.6258640000000001
0.4832470588235293 0.597752
0.4419176470588234 0.541536
0.46098823529411764 0.4982959999999998
0.48961176470588225 0.4528879999999999
0.5182235294117647 0.40315999999999985
0.5500235294117648 0.3642399999999998
0.6167882352941175 0.321
0.26067058823529426 0.5328879999999999
0.24477647058823543 0.4355920000000001
0.24795294117647051 0.3447840000000001
0.2543176470588234 0.24532000000000018
0.3401647058823528 0.18478400000000011
}
