version: 2
n_points: 55
{
0.14174647887323946 0.6408439716312058
0.05425352112676048 0.5538014184397164
0.0265070422535212 0.41840425531914893
0.0350469483568074 0.2701134751773051
0.08626291079812218 0.15728368794326242
0.16522065727699534 0.07346808510638303
0.2633849765258216 0.03800709219858167
0.3487464788732395 0.04445390070921984
0.4383755868544602 0.05412056737588655
0.5216009389671361 0.06379432624113479
0.5962910798122065 0.08636170212765948
0.6795164319248828 0.12826950354609945
0.7563427230046949 0.17662411347517726
0.8160938967136149 0.2636666666666666
0.8673098591549296 0.415177304964539
0.9206619718309859 0.5215602836879432
0.9612065727699531 0.6537375886524822
0.9782816901408452 0.8245957446808508
0.9420000000000001 0.911631205673759
0.8779812206572769 0.9664397163120565
0.42770422535211267 0.6472907801418439
0.3167370892018778 0.6247234042553192
0.22284037558685435 0.6021560283687943
0.15668544600938977 0.5570212765957446
0.12680751173708915 0.4764326241134751
0.12253990610328638 0.35070212765957454
0.1588169014084506 0.24109929078014192
0.21643661971830985 0.15405673758865257
0.297530516431925 0.15083687943262414
0.3807558685446009 0.15405673758865257
0.46824882629107994 0.1411631205673759
0.5621455399061034 0.15728368794326242
0.6475070422535211 0.1959645390070922
0.7179295774647887 0.28300709219858156
0.7542065727699532 0.41840425531914893
0.45544600938967134 0.7504468085106382
0.5173333333333334 0.744
0.5749530516431923 0.7375531914893617
0.6026948356807513 0.7955815602836881
0.664582159624413 0.8245957446808508
0.6859201877934272 0.7375531914893617
0.6432394366197183 0.6505106382978724
0.6411079812206572 0.5666950354609929
0.6496431924882631 0.4764326241134751
0.5984272300469482 0.3861631205673759
0.545075117370892 0.3636028368794326
0.48532394366197196 0.415177304964539
0.4213004694835682 0.45063829787234044
0.3807558685446009 0.5280070921985817
0.3359436619718309 0.6053829787234043
0.39355868544600925 0.17017730496453898
0.3167370892018778 0.17985106382978733
0.26124882629107987 0.1959645390070922
0.2057652582159623 0.24431914893617024
0.1737558685446009 0.2959007092198582
}
