version: 2
n_points: 55
{
0.8771119402985076 0.6663846153846152
0.9592014925373136 0.5324786324786326
0.9592014925373136 0.3387435897435896
0.9119402985074626 0.17065811965811953
0.80994776119403 0.06809401709401697
0.6955223880597015 0.050999999999999865
0.6009925373134329 0.07664102564102551
0.5139328358208957 0.12792307692307678
0.44676865671641763 0.18775213675213662
0.3845746268656718 0.2532735042735041
0.32736567164179076 0.30741025641025627
0.2626865671641795 0.3672393162393161
0.20049999999999968 0.4527094017094016
0.1432835820895526 0.5438717948717947
0.09850746268656752 0.6293418803418802
0.04626865671641822 0.7205128205128206
0.033828358208955356 0.8401709401709403
0.05621641791044785 0.9170940170940172
0.1283582089552242 0.95982905982906
0.24776119402985108 0.9341880341880343
0.6208955223880597 0.6549829059829059
0.6955223880597015 0.6378888888888887
0.7877089552238805 0.5897948717948716
0.8491641791044777 0.5143760683760685
0.8777014925373137 0.4213675213675215
0.8711119402985074 0.32584615384615406
0.8074626865671641 0.2579658119658121
0.7416119402985073 0.1875811965811966
0.6823507462686567 0.1373076923076923
0.601141791044776 0.175008547008547
0.5374925373134328 0.21774358974358973
0.4694477611940294 0.26047863247863245
0.41018656716417934 0.3107606837606836
0.3465298507462683 0.3534957264957263
0.28288059701492496 0.459076923076923
0.6077238805970149 0.7205128205128206
0.5221268656716416 0.7381111111111109
0.4540820895522386 0.7406239316239318
0.40359701492537303 0.7934102564102565
0.34433582089552206 0.8562564102564104
0.34214179104477593 0.7481623931623934
0.3772611940298507 0.675264957264957
0.3706791044776123 0.537
0.39701492537313465 0.459076923076923
0.44969402985074636 0.41634188034188024
0.5133432835820897 0.38868376068376065
0.561634328358209 0.40879487179487184
0.5901641791044776 0.4766752136752138
0.6362611940298508 0.5445470085470084
0.7021044776119403 0.599846153846154
0.4957835820895523 0.2730512820512821
0.5682164179104479 0.2554529914529913
0.6318731343283581 0.2454017094017093
0.6801567164179105 0.24791452991452967
0.7503955223880596 0.25042735042735054
}
