version: 2
n_points: 55
{
0.9173826086956524 0.3844615384615384
0.9476260869565215 0.5043012820512824
0.9684217391304346 0.652019230769231
0.9740913043478263 0.7467820512820516
0.9079304347826085 0.827602564102564
0.8247521739130435 0.8917051282051282
0.7245652173913042 0.9585961538461542
0.6243739130434782 0.9669551282051284
0.5298565217391302 0.9363012820512819
0.45046086956521736 0.888916666666667
0.35405217391304356 0.8248141025641029
0.2859999999999999 0.7802243589743592
0.21416521739130456 0.7105448717948719
0.1517869565217389 0.6241474358974357
0.09507391304347812 0.5043012820512824
0.05159565217391293 0.3649487179487181
0.030804347826087097 0.24232051282051292
0.01946086956521742 0.12247435897435899
0.044034782608695866 0.05280128205128187
0.08940434782608686 0.030500000000000194
0.6149217391304349 0.3677371794871792
0.681086956521739 0.4039679487179487
0.7585913043478261 0.43741666666666645
0.8077391304347825 0.5238141025641028
0.8455478260869566 0.6018525641025642
0.8644521739130433 0.6771025641025643
0.8474391304347824 0.7635
0.7982869565217391 0.7913717948717945
0.7245652173913042 0.816455128205128
0.6602913043478259 0.8415384615384613
0.5695565217391306 0.8499038461538464
0.49393913043478255 0.830391025641026
0.39753043478260874 0.7885833333333334
0.32191739130434804 0.7189102564102563
0.25008260869565224 0.6297243589743587
0.5090652173913045 0.24232051282051292
0.4277782608695653 0.23117307692307687
0.3427130434782607 0.2060897435897434
0.3049043478260871 0.14198717948717932
0.25008260869565224 0.13083974358974326
0.23496086956521767 0.2701923076923075
0.2992347826086954 0.3482307692307689
0.30112173913043494 0.4987307692307693
0.33893043478260854 0.5962756410256411
0.3861913043478259 0.6687435897435894
0.4599130434782608 0.6603782051282052
0.5449782608695654 0.6408717948717948
0.6054695652173915 0.6074230769230772
0.6451695652173913 0.5488974358974361
0.6697434782608698 0.43741666666666645
0.4523521739130437 0.7690769230769231
0.5449782608695654 0.7662884615384619
0.6262652173913046 0.774647435897436
0.7264565217391306 0.7830128205128204
0.7982869565217391 0.7105448717948719
}
