version: 2
n_points: 55
{
0.16119095477386933 0.6482105263157895
0.08774874371859291 0.5412105263157895
0.04909045226130656 0.4139699248120301
0.02782914572864327 0.26648120300751876
0.04716080402010046 0.11032330827067671
0.12253768844221101 0.05827067669172936
0.1940452261306533 0.040917293233082686
0.29841708542713563 0.07272932330827064
0.4008492462311558 0.11032330827067671
0.48975879396984917 0.17972932330827074
0.5825276381909548 0.2520225563909775
0.6656381909547738 0.29829323308270683
0.7603417085427135 0.3416691729323309
0.8376482412060302 0.4110751879699248
0.8975628140703518 0.5007218045112782
0.9594120603015075 0.5874812030075188
0.9787386934673367 0.7002631578947369
0.967145728643216 0.8043684210526315
0.9400854271356783 0.8795563909774435
0.9072261306532664 0.9634210526315788
0.4008492462311558 0.6163984962406015
0.3274070351758794 0.5556691729323308
0.25395979899497495 0.47180451127819545
0.18631658291457284 0.4284285714285714
0.13220100502512558 0.3214285714285714
0.12833165829145735 0.22599999999999998
0.13992964824120604 0.1392406015037594
0.21724120603015074 0.124781954887218
0.304211055276382 0.15659398496240606
0.38152261306532664 0.2086466165413534
0.4317738693467337 0.2520225563909775
0.520678391959799 0.26359398496240605
0.5960552763819096 0.28093984962406016
0.6656381909547738 0.3243233082706767
0.717819095477387 0.4284285714285714
0.446396984924623 0.658203007518797
0.5184974874371862 0.628781954887218
0.573115577889447 0.6222406015037594
0.623366834170854 0.658203007518797
0.6583266331658288 0.6647443609022556
0.6168140703517587 0.6189774436090225
0.6080753768844218 0.5470526315789473
0.6342914572864324 0.4555187969924812
0.6168140703517587 0.3868721804511277
0.5425276381909546 0.3509097744360903
0.4922763819095476 0.3378345864661654
0.4245477386934674 0.3836015037593985
0.38740703517587965 0.43590977443609025
0.35900000000000015 0.4849398496240602
0.3371557788944726 0.5437894736842105
0.39614572864321596 0.24957142857142856
0.343708542713568 0.24957142857142856
0.2694221105527639 0.24957142857142856
0.22135678391959776 0.24303759398496239
0.16018090452261294 0.24303759398496239
}
