version: 2
n_points: 55
{
0.9652173913043478 0.6897810218978102
0.9782608695652174 0.8065693430656934
0.9391304347826087 0.9014598540145985
0.8608695652173913 0.9562043795620438
0.7478260869565218 0.9817518248175182
0.6173913043478261 0.9562043795620438
0.508695652173913 0.9087591240875912
0.4130434782608695 0.8613138686131387
0.33043478260869563 0.7992700729927007
0.25652173913043474 0.7226277372262774
0.19999999999999996 0.6532846715328466
0.16086956521739126 0.5912408759124088
0.11739130434782608 0.5145985401459854
0.09130434782608698 0.43065693430656937
0.06521739130434778 0.33941605839416056
0.04347826086956519 0.27372262773722633
0.021739130434782594 0.2007299270072993
0.02608695652173909 0.12408759124087587
0.060869565217391286 0.06934306569343063
0.10869565217391308 0.018248175182481785
0.6304347826086957 0.4014598540145985
0.7043478260869565 0.4927007299270073
0.7608695652173914 0.5693430656934306
0.808695652173913 0.6642335766423357
0.8304347826086956 0.7664233576642336
0.8217391304347826 0.8686131386861313
0.7869565217391304 0.9197080291970803
0.6869565217391305 0.9379562043795621
0.5826086956521739 0.8941605839416058
0.4521739130434783 0.8248175182481752
0.34347826086956523 0.7445255474452555
0.28695652173913044 0.6824817518248175
0.24782608695652175 0.6204379562043796
0.19999999999999996 0.5328467153284672
0.20869565217391306 0.4781021897810219
0.5043478260869565 0.3248175182481752
0.4130434782608695 0.3102189781021898
0.3739130434782608 0.2846715328467153
0.35652173913043483 0.22262773722627738
0.29565217391304344 0.18613138686131392
0.29130434782608694 0.25547445255474455
0.33913043478260874 0.3284671532846716
0.33913043478260874 0.4087591240875912
0.30000000000000004 0.4781021897810219
0.28695652173913044 0.572992700729927
0.3652173913043478 0.6240875912408759
0.4391304347826087 0.6678832116788321
0.5217391304347826 0.6861313868613139
0.6086956521739131 0.6532846715328466
0.6782608695652175 0.572992700729927
0.36086956521739133 0.6934306569343065
0.4695652173913043 0.7518248175182481
0.5913043478260869 0.7773722627737226
0.6869565217391305 0.7883211678832117
0.7913043478260869 0.8065693430656934
}
