version: 2
n_points: 55
{
0.9672619047619048 0.2831533742331288
0.9807113095238096 0.4216319018404908
0.9825714285714285 0.552
0.9788511904761905 0.6670306748466257
0.9323482142857143 0.7897300613496933
0.8709642857142857 0.8587484662576688
0.7965595238095238 0.9124294478527607
0.7165744047619047 0.9584417177914111
0.64775 0.9661104294478527
0.5752053571428571 0.9085950920245399
0.5026607142857142 0.824239263803681
0.43011607142857144 0.7628895705521472
0.35757142857142854 0.7015398773006135
0.2757261904761905 0.6095153374233129
0.18086011904761912 0.5289938650306749
0.09901488095238098 0.4676441717791411
0.024610119047619117 0.3526134969325153
0.013449404761904815 0.2145766871165644
0.04693154761904761 0.08420858895705519
0.10087500000000005 0.026693251533742357
0.6272886904761905 0.15706134969325147
0.7072738095238096 0.2184110429447853
0.7723779761904762 0.27209202453987724
0.8486428571428571 0.34494478527607364
0.8895654761904762 0.4599754601226994
0.8951458333333333 0.6210184049079754
0.8281815476190476 0.7360490797546012
0.7556369047619048 0.8204049079754601
0.6793720238095238 0.851079754601227
0.5882261904761905 0.8127361963190184
0.5063809523809524 0.6977055214723926
0.4226755952380953 0.632521472392638
0.35199107142857144 0.578840490797546
0.28502678571428575 0.48298159509202454
0.2589851190476191 0.41012883435582825
0.5845059523809524 0.15706134969325147
0.5454434523809524 0.17623312883435582
0.49708035714285714 0.17623312883435582
0.4673184523809524 0.11104907975460121
0.4152351190476191 0.07653987730061351
0.3668720238095238 0.08420858895705519
0.35757142857142854 0.17239877300613493
0.3761726190476191 0.252920245398773
0.3650119047619048 0.37561963190184045
0.3929136904761905 0.44847239263803684
0.4542976190476191 0.5021533742331288
0.5175416666666667 0.5251595092024539
0.5789255952380953 0.48681595092024543
0.6235684523809524 0.40246012269938647
0.6551904761904762 0.27592638036809813
0.5547440476190476 0.6938711656441718
0.6384494047619047 0.6785337423312883
0.7054136904761905 0.6555276073619631
0.7835386904761905 0.6171840490797547
0.8505029761904762 0.5443312883435583
}
