version: 2
n_points: 55
{
0.9780701754385965 0.09696969696969697
0.868421052631579 0.052525252525252523
0.7149122807017544 0.020202020202020204
0.5394736842105263 0.010101010101010102
0.36403508771929827 0.03232323232323232
0.2236842105263158 0.08888888888888889
0.12719298245614036 0.15555555555555556
0.05263157894736842 0.21818181818181817
0.021929824561403508 0.30505050505050507
0.02631578947368421 0.39191919191919194
0.05701754385964912 0.4707070707070707
0.07894736842105263 0.5515151515151515
0.09210526315789473 0.6363636363636364
0.10964912280701754 0.7191919191919192
0.15350877192982457 0.797979797979798
0.2149122807017544 0.8585858585858586
0.3442982456140351 0.9414141414141414
0.5504385964912281 0.98989898989899
0.7302631578947368 0.9595959595959596
0.8486842105263158 0.8707070707070707
0.8355263157894737 0.47878787878787876
0.8881578947368421 0.38585858585858585
0.8706140350877193 0.2686868686868687
0.831140350877193 0.16767676767676767
0.6776315789473685 0.09292929292929293
0.47149122807017546 0.0707070707070707
0.28728070175438597 0.09696969696969697
0.16885964912280702 0.19393939393939394
0.1162280701754386 0.2787878787878788
0.1425438596491228 0.3595959595959596
0.16447368421052633 0.43636363636363634
0.15570175438596492 0.5333333333333333
0.16447368421052633 0.6222222222222222
0.21271929824561403 0.696969696969697
0.27850877192982454 0.7434343434343434
0.9320175438596491 0.49292929292929294
0.8179824561403509 0.5515151515151515
0.7872807017543859 0.6161616161616161
0.8135964912280702 0.6666666666666666
0.7785087719298246 0.7090909090909091
0.625 0.7090909090909091
0.5635964912280702 0.6444444444444445
0.4276315789473684 0.6484848484848484
0.3530701754385965 0.597979797979798
0.36622807017543857 0.5616161616161616
0.4407894736842105 0.5373737373737374
0.5504385964912281 0.5070707070707071
0.6162280701754386 0.46060606060606063
0.6951754385964912 0.4222222222222222
0.8267543859649122 0.3696969696969697
0.17324561403508773 0.47878787878787876
0.24780701754385964 0.4
0.34868421052631576 0.301010101010101
0.5021929824561403 0.2101010101010101
0.6776315789473685 0.1414141414141414
}
