version: 2
n_points: 55
{
0.37804000000000004 0.14868275862068983
0.5360228571428571 0.07160344827586203
0.68056 0.026979310344827433
0.7713142857142856 0.018865517241379325
0.8687942857142856 0.043203448275862054
0.9259371428571428 0.10608620689655168
0.9662742857142858 0.19736206896551728
0.9629142857142857 0.2886413793103449
0.9158571428571429 0.3778896551724137
0.8755200000000001 0.48133793103448264
0.8284571428571428 0.5868137931034484
0.7444285714285714 0.6862068965517242
0.6671142857142858 0.7551724137931034
0.57972 0.8261655172413792
0.5124914285714286 0.8768758620689655
0.4351828571428572 0.9356999999999999
0.31417142857142855 0.9823517241379308
0.18980571428571436 0.9843827586206897
0.09232571428571423 0.9255586206896553
0.02845714285714296 0.8403655172413794
0.30355999999999994 0.4051137931034481
0.33664000000000005 0.3633724137931036
0.4028057142857143 0.3034793103448276
0.42085142857142854 0.2308862068965517
0.51108 0.1818827586206896
0.6103257142857141 0.15103103448275854
0.7005485714285715 0.13106551724137935
0.7998000000000001 0.12743793103448273
0.8659657142857143 0.16373448275862051
0.8990457142857142 0.23995862068965507
0.8779942857142857 0.33433448275862065
0.8358914285714286 0.41237241379310335
0.7877714285714287 0.5013034482758623
0.7276171428571429 0.6138241379310345
0.6223542857142857 0.6827896551724139
0.21333142857142873 0.43596551724137916
0.2644628571428572 0.5049310344827584
0.27348571428571433 0.5829724137931035
0.21333142857142873 0.6392344827586208
0.18325714285714279 0.690051724137931
0.24942285714285717 0.6537517241379309
0.3306285714285715 0.6101965517241379
0.43287999999999993 0.6047517241379312
0.4990457142857143 0.6047517241379312
0.5471657142857143 0.568451724137931
0.5652114285714286 0.5121931034482756
0.5381428571428573 0.44322758620689634
0.4870171428571429 0.4051137931034481
0.44792 0.359741379310345
0.3937828571428572 0.33070344827586207
0.7396514285714285 0.5303413793103448
0.7486742857142857 0.43596551724137916
0.73664 0.34885172413793114
0.7426571428571429 0.27444137931034474
0.7306285714285715 0.16917931034482764
}
