version: 2
n_points: 55
{
0.8800084985835694 0.7187419354838708
0.9488073654390934 0.5943161290322575
0.9832039660056658 0.45145806451612974
0.9832039660056658 0.2625161290322584
0.9548753541076488 0.15652903225806417
0.8779858356940509 0.03670967741935519
0.7869291784702548 0.04132258064516112
0.6796855524079319 0.08740645161290324
0.5906515580736544 0.1657419354838713
0.4854305949008497 0.23947741935483816
0.3903286118980168 0.25790967741935555
0.3012946175637393 0.2763419354838715
0.2405920679886685 0.32703225806451647
0.17988668555240794 0.39616129032258046
0.12322946175637395 0.4698903225806457
0.0726430594900851 0.5712774193548387
0.028127478753541046 0.6864838709677418
0.011937677053824536 0.824729032258065
0.022056657223795906 0.907677419354839
0.05038526912181285 0.9721935483870972
0.6189801699716714 0.7786451612903229
0.7201529745042494 0.6956967741935489
0.8172804532577904 0.5989225806451618
0.8678668555240793 0.5021483870967748
0.8840538243626063 0.36390322580645146
0.8840538243626063 0.2809548387096774
0.8354929178470254 0.11966451612903227
0.7464589235127479 0.1380967741935482
0.6715892351274788 0.1749612903225801
0.592674220963173 0.23947741935483816
0.5117365439093485 0.2348709677419353
0.424728045325779 0.28556129032258026
0.34783569405099135 0.31321290322580647
0.2871303116147308 0.39616129032258046
0.21630878186968827 0.5113677419354835
0.5744645892351273 0.843161290322581
0.5218526912181305 0.7878645161290317
0.4328215297450423 0.7878645161290317
0.34985835694050993 0.87541935483871
0.2952237960339945 0.8708129032258072
0.281059490084986 0.7970838709677419
0.2972492917847025 0.6450064516129039
0.3356940509915014 0.5067612903225807
0.45103116147308797 0.4422451612903226
0.5259008498583571 0.44685161290322545
0.5886288951841359 0.4745032258064516
0.6270736543909348 0.5297999999999995
0.6554022662889518 0.6081419354838706
0.6756373937677054 0.6634387096774199
0.6857535410764873 0.7233483870967736
0.6068385269121814 0.25330322580645126
0.6574249291784704 0.2809548387096774
0.7140821529745043 0.29477419354838746
0.7707393767705384 0.30860000000000054
0.8314447592067988 0.3454709677419355
}
