version: 2
n_points: 55
{
0.7594347826086956 0.22590384615384607
0.6086630434782611 0.1597371794871794
0.45438043478260864 0.07908974358974373
0.30711956521739125 0.033596153846153755
0.17388043478260884 0.04393589743589734
0.10726086956521734 0.09563461538461528
0.06868478260869552 0.15766666666666668
0.058173913043478305 0.2383141025641027
0.09322826086956519 0.3292948717948718
0.13530434782608705 0.4140769230769231
0.20192391304347823 0.5009230769230769
0.26504347826086944 0.5774358974358973
0.31061956521739126 0.6580833333333334
0.37373913043478246 0.7387243589743588
0.46139130434782616 0.8069615384615386
0.5315217391304349 0.8524551282051283
0.6121630434782608 0.9206923076923076
0.7243695652173913 0.9661858974358976
0.8505978260869564 0.9723910256410255
0.955782608695652 0.9475769230769231
0.7138478260869566 0.40994230769230783
0.6261956521739132 0.3313653846153845
0.5420434782608695 0.2569230769230768
0.42633695652173925 0.20108974358974363
0.32114130434782595 0.1493974358974358
0.23348913043478256 0.13905769230769222
0.16686956521739135 0.1411217948717948
0.1247934782608695 0.18868589743589745
0.1247934782608695 0.2507179487179489
0.15634782608695638 0.3313653846153845
0.2124456521739129 0.40994230769230783
0.26854347826086944 0.48231410256410245
0.2895869565217391 0.565025641025641
0.40529347826086964 0.651878205128205
0.5069782608695652 0.7056410256410255
0.7979999999999999 0.44096153846153857
0.7594347826086956 0.5029935897435897
0.7664456521739131 0.5919102564102565
0.8295543478260868 0.6498076923076923
0.8505978260869564 0.7056410256410255
0.7839782608695652 0.6994358974358976
0.7033260869565217 0.660147435897436
0.6296956521739129 0.616724358974359
0.5104782608695652 0.6146538461538463
0.4123043478260868 0.5774358974358973
0.36321739130434777 0.5216025641025641
0.39127173913043495 0.44096153846153857
0.46490217391304334 0.40994230769230783
0.552554347826087 0.37065384615384617
0.5981413043478261 0.349974358974359
0.2755652173913044 0.44923076923076916
0.2860760869565216 0.39133333333333337
0.2720543478260869 0.34583974358974373
0.21595652173913038 0.27966666666666656
0.18439130434782608 0.21763461538461554
}
