version: 2
n_points: 55
{
0.8388557692307694 0.24477551020408217
0.8911153846153845 0.3113265306122448
0.9266442307692309 0.43555102040816296
0.9475480769230769 0.5642040816326533
0.9161923076923076 0.6840000000000004
0.8660288461538462 0.7771632653061228
0.7949615384615383 0.8392857142857143
0.715528846153846 0.865897959183673
0.6423653846153847 0.8925102040816327
0.5629326923076922 0.8969591836734698
0.49604807692307695 0.8925102040816327
0.4166153846153844 0.8525918367346936
0.345548076923077 0.786040816326531
0.29119230769230764 0.6840000000000004
0.24744230769230746 0.6097142857142852
0.19346153846153846 0.47006122448979626
0.15635576923076944 0.36265306122448937
0.10911538461538473 0.2516734693877549
0.06694230769230758 0.15500000000000058
0.03995192307692286 0.0833877551020411
0.516125 0.32742857142857107
0.5598269230769232 0.29959183673469403
0.6137307692307692 0.29651020408163253
0.6953173076923076 0.32124489795918343
0.7565096153846154 0.36453061224489847
0.811875 0.4727551020408167
0.8264423076923075 0.6335510204081629
0.7827307692307692 0.704673469387755
0.6953173076923076 0.7695918367346934
0.6253942307692307 0.8159795918367347
0.5569134615384617 0.8283469387755102
0.4884423076923077 0.8314489795918365
0.43308653846153844 0.7974285714285717
0.36751923076923054 0.6984897959183674
0.3063365384615383 0.5438775510204077
0.5132115384615384 0.1635306122448975
0.4228846153846155 0.23775510204081585
0.347125 0.25012244897959124
0.3121634615384613 0.15426530612244949
0.27282692307692336 0.12642857142857133
0.3092499999999998 0.23775510204081585
0.36751923076923054 0.3026938775510203
0.39520192307692303 0.4294693877551017
0.41559615384615367 0.5315102040816323
0.43891346153846145 0.5933469387755105
0.4884423076923077 0.6799387755102042
0.5467211538461539 0.6706530612244903
0.594798076923077 0.6180816326530613
0.6181057692307691 0.5036734693877553
0.6297596153846154 0.3366938775510202
0.5875096153846153 0.7943469387755102
0.6501538461538463 0.757224489795918
0.7186346153846154 0.6984897959183674
0.7710769230769232 0.6211836734693875
0.7929326923076924 0.5438775510204077
}
