version: 2
n_points: 55
{
0.09995582329317274 0.6082356321839081
0.04417670682730924 0.46455747126436786
0.02186345381526111 0.35281034482758633
0.02632931726907624 0.20593678160919537
0.07764257028112438 0.11972988505747129
0.1557349397590362 0.055873563218390876
0.2672931726907632 0.03352298850574709
0.36769477911646603 0.052683908045977
0.45693975903614464 0.09418965517241384
0.5417228915662651 0.2027471264367815
0.599730923694779 0.26660344827586213
0.6666666666666666 0.33365517241379317
0.7291405622489961 0.40389655172413796
0.8027670682730924 0.49648850574712644
0.8719317269076304 0.5731149425287356
0.9254779116465862 0.646551724137931
0.9477911646586346 0.7231781609195402
0.9790281124497993 0.8061954022988507
0.9812570281124496 0.9083678160919539
0.9544859437751005 0.9722241379310343
0.42346987951807213 0.6497471264367817
0.3431485943775099 0.6050459770114942
0.24497991967871485 0.5316091954022989
0.15796385542168662 0.461367816091954
0.11334136546184731 0.41666666666666674
0.09549397590361454 0.32407471264367826
0.1155742971887551 0.24105747126436772
0.20481927710843373 0.18039655172413793
0.31414457831325293 0.14846551724137935
0.3922369477911648 0.16762643678160916
0.4480160642570283 0.23467241379310344
0.5127188755020081 0.2729885057471264
0.5841124497991966 0.33365517241379317
0.6555100401606425 0.41028160919540235
0.7135220883534138 0.5092586206896551
0.47702008032128523 0.6625172413793103
0.5528795180722893 0.6593218390804598
0.6086586345381527 0.7008275862068964
0.6755903614457831 0.7774597701149426
0.6398915662650602 0.716793103448276
0.6287389558232933 0.6529367816091953
0.6153493975903613 0.6050459770114942
0.6175823293172692 0.5220287356321839
0.5618032128514057 0.4677528735632184
0.5171807228915664 0.44220689655172407
0.47255823293172705 0.4517873563218391
0.42346987951807213 0.4773333333333334
0.3766184738955824 0.5252241379310345
0.35430522088353406 0.5571494252873562
0.33645783132530127 0.5826954022988506
0.39892771084337336 0.23148275862068957
0.3386867469879517 0.23148275862068957
0.285140562248996 0.24425287356321834
0.2248995983935743 0.26021839080459763
0.16242570281124483 0.27618390804597714
}
