version: 2
n_points: 55
{
0.7507718631178706 0.17146961325966847
0.8439277566539923 0.2902541436464089
0.9294790874524714 0.40351381215469617
0.9808098859315588 0.6106961325966851
0.9560950570342205 0.7736795580110497
0.8914562737642584 0.8703646408839779
0.8040038022813687 0.9394254143646409
0.7241558935361216 0.9670497237569061
0.6329011406844105 0.9449502762430939
0.5302395437262357 0.8758895027624309
0.4617984790874524 0.8151160220994476
0.3762471482889733 0.7239558011049724
0.3021026615969581 0.6300331491712707
0.21274904942965767 0.5167734806629835
0.13480228136882122 0.38970165745856356
0.07586692015209118 0.29301657458563535
0.024536121673003675 0.21014364640883976
0.016931558935361135 0.11069613259668509
0.06065779467680599 0.03058563535911607
0.12529657794676796 0.022298342541436478
0.5701634980988592 0.38417679558011053
0.6595171102661597 0.35931491712707186
0.7545741444866919 0.39246408839779
0.8439277566539923 0.4477127071823205
0.8838517110266159 0.5057237569060773
0.8876539923954372 0.6438453038674032
0.8553346007604562 0.7515801104972376
0.8040038022813687 0.8040662983425415
0.7260570342205322 0.817878453038674
0.6157908745247147 0.806828729281768
0.5131292775665398 0.7681546961325967
0.4256768060836501 0.674232044198895
0.36484030418250946 0.5830718232044199
0.3040038022813687 0.4891491712707182
0.27738783269961964 0.3648397790055249
0.560657794676806 0.21290607734806632
0.5131292775665398 0.21014364640883976
0.43518250950570336 0.18804419889502766
0.3952585551330797 0.12174585635359114
0.33252091254752847 0.1024088397790055
0.31350950570342195 0.1852817679558011
0.36103802281368813 0.3040662983425414
0.3591368821292775 0.4173259668508288
0.4066653992395436 0.5029613259668508
0.4732053231939163 0.5388729281767957
0.5321406844106462 0.5471602209944751
0.6005817490494296 0.5222983425414365
0.6405057034220532 0.48638674033149176
0.6728250950570341 0.42561325966850827
0.7013422053231938 0.38141436464088396
0.5498859315589354 0.6885082872928177
0.6364942965779469 0.7007845303867403
0.7146501901140683 0.6915745856353592
0.7906958174904942 0.6486022099447513
0.845619771863118 0.5902872928176794
}
