version: 2
n_points: 55
{
0.8972421052631578 0.9603162393162391
0.934838596491228 0.697803418803419
0.9749368421052632 0.5268632478632481
0.9824561403508771 0.3620256410256408
0.9573929824561405 0.23992307692307716
0.8972421052631578 0.16056410256410208
0.8270666666666666 0.11782905982905935
0.7468666666666668 0.06288034188034163
0.6591473684210527 0.05067521367521345
0.5639087719298246 0.06288034188034163
0.47869824561403496 0.09951282051282076
0.3884701754385965 0.11782905982905935
0.30827017543859636 0.1483504273504271
0.23057543859649143 0.20329914529914483
0.17293333333333316 0.27655555555555533
0.12782105263157884 0.3253931623931626
0.06516140350877198 0.3803418803418803
0.022557894736842 0.5329658119658117
0.015038596491227851 0.6855897435897441
0.030073684210526364 0.8260085470085473
0.5505859649122806 0.8695470085470083
0.6336912280701754 0.7840769230769228
0.7149438596491229 0.6941111111111112
0.7906596491228071 0.631128205128205
0.8349824561403509 0.5906410256410258
0.8737649122807019 0.4421965811965809
0.8479087719298246 0.3072393162393163
0.7777333333333334 0.23526495726495686
0.7241789473684211 0.19477777777777766
0.6669298245614035 0.15429914529914526
0.5986035087719297 0.17678632478632453
0.5210385964912281 0.20377777777777764
0.4416315789473685 0.19928205128205154
0.35852631578947347 0.22627350427350468
0.2828140350877192 0.3117435897435901
0.5302736842105262 0.824564102564103
0.48964561403508766 0.7705811965811967
0.3991543859649124 0.7435897435897436
0.33636842105263165 0.8650512820512821
0.2588035087719299 0.838059829059829
0.29204561403508755 0.7525897435897436
0.33082807017543836 0.6806153846153842
0.3160526315789475 0.5456581196581195
0.3511403508771932 0.469188034188034
0.41577543859649113 0.4017094017094017
0.4767192982456141 0.4152051282051278
0.5210385964912281 0.4736837606837611
0.5764421052631579 0.5546581196581195
0.6299964912280701 0.626632478632479
0.6318421052631579 0.7525897435897436
0.565361403508772 0.25326495726495685
0.6410771929824561 0.2577606837606839
0.7020175438596491 0.26676068376068385
0.7648070175438597 0.3162393162393162
0.8109754385964911 0.35223076923076935
}
