version: 2
n_points: 55
{
0.8882043795620436 0.28156218905472635
0.7268540145985398 0.17420398009950241
0.5539781021897809 0.1035074626865672
0.32731386861313855 0.027567164179104462
0.17364233576642327 0.04066169154228857
0.07375912408759137 0.10088557213930358
0.05070802919708031 0.18205970149253728
0.04302919708029184 0.2658507462686566
0.0391824817518252 0.3705920398009949
0.058394160583941604 0.44914427860696526
0.08913138686131396 0.5198457711442788
0.12370072992700731 0.6010199004975122
0.18132846715328454 0.6900447761194027
0.2620072992700729 0.7869303482587064
0.35036496350364965 0.857626865671642
0.4579343065693428 0.9335671641791047
0.588554744525547 0.9754626865671641
0.7268540145985398 0.97807960199005
0.8574744525547449 0.9676069651741295
0.9650437956204381 0.9309452736318408
0.661547445255474 0.38630348258706465
0.6845912408759123 0.29465671641791047
0.6308102189781025 0.23442786069651744
0.48866423357664235 0.18467661691542292
0.35036496350364965 0.15849253731343296
0.18901459854014585 0.22133830845771132
0.18901459854014585 0.2894179104477612
0.1467518248175184 0.37582587064676615
0.16212408759124097 0.45961691542288574
0.16980291970802944 0.5434129353233831
0.18132846715328454 0.5800696517412938
0.2389562043795618 0.6690995024875623
0.3042627737226275 0.7109950248756217
0.36189051094890473 0.7607462686567162
0.4848248175182485 0.8104975124378108
0.7767956204379566 0.4151044776119402
0.7729562043795619 0.5015174129353231
0.7575839416058393 0.5722139303482586
0.8267372262773726 0.6376766169154229
0.8421021897810222 0.6926666666666667
0.7114890510948908 0.6926666666666667
0.5847080291970804 0.6455323383084575
0.4694598540145988 0.6481492537313434
0.35036496350364965 0.6193482587064678
0.2927372262773724 0.5538855721393036
0.28889781021897776 0.48318407960199006
0.3234744525547448 0.41248756218905486
0.4079927007299269 0.3601144278606964
0.5232408759124085 0.3208407960199004
0.6308102189781025 0.27894527363184074
0.18901459854014585 0.504134328358209
0.18901459854014585 0.40986567164179094
0.21206569343065693 0.3208407960199004
0.24663503649635027 0.2553781094527364
0.25816058394160624 0.22133830845771132
}
