version: 2
n_points: 55
{
0.8798518518518517 0.3069240506329116
0.9252518518518518 0.4335063291139243
0.9515407407407407 0.5233417721518987
0.9610962962962962 0.6213417721518989
0.9276444444444445 0.752012658227848
0.8655185185185187 0.8459240506329114
0.7938296296296294 0.911253164556962
0.7484296296296298 0.9316708860759494
0.6719703703703704 0.8867594936708861
0.5692222222222224 0.8459240506329114
0.4784222222222222 0.7887594936708862
0.39957037037037046 0.7438354430379748
0.29682222222222243 0.6580886075949368
0.2275851851851851 0.5838227848101267
0.14980740740740728 0.5236962025316457
0.09795555555555546 0.46673417721519006
0.05165925925925918 0.37496202531645584
0.03314074074074069 0.2736962025316457
0.03128888888888881 0.16926582278481028
0.034992592592592464 0.05534177215189895
0.5961037037037036 0.2800253164556964
0.6683259259259258 0.30534177215189895
0.7683259259259259 0.3686329113924053
0.829437037037037 0.46673417721519006
0.8442518518518518 0.5331898734177216
0.8312888888888887 0.6281265822784812
0.8127703703703703 0.7483797468354432
0.7442518518518517 0.7895189873417723
0.6849925925925926 0.7990126582278483
0.629437037037037 0.786354430379747
0.5720296296296296 0.7547088607594938
0.5220296296296296 0.7325569620253166
0.48128888888888877 0.7040759493670887
0.43128888888888883 0.6502784810126584
0.3794370370370369 0.5774936708860761
0.5701777777777777 0.17243037974683562
0.5257333333333333 0.23255696202531662
0.4627703703703703 0.28635443037974706
0.3961037037037036 0.2610379746835445
0.3423999999999999 0.19458227848101284
0.3609185185185184 0.32749367088607617
0.4257333333333333 0.3812911392405065
0.4349925925925925 0.4730632911392407
0.4775851851851851 0.5426835443037976
0.5294370370370369 0.5711645569620255
0.5942518518518518 0.5680000000000002
0.6368444444444443 0.5268607594936711
0.6627703703703702 0.4604050632911394
0.6701777777777778 0.3907848101265825
0.6738814814814814 0.32749367088607617
0.5979555555555555 0.7388860759493673
0.6572148148148147 0.7325569620253166
0.7146222222222222 0.7135696202531647
0.7646222222222221 0.6945822784810128
0.7923999999999999 0.6534430379746837
}
