version: 2
n_points: 55
{
0.10910399999999981 0.34187058823529404
0.08315999999999986 0.5103882352941178
0.046400000000000094 0.7043529411764706
0.081 0.863329411764706
0.17613599999999996 0.9269294117647058
0.2864000000000001 0.936470588235294
0.39883199999999985 0.904670588235294
0.49396799999999985 0.863329411764706
0.56748 0.7997411764705884
0.636672 0.7393294117647058
0.697216 0.6662000000000001
0.7685680000000003 0.5835294117647059
0.8139679999999998 0.5135764705882353
0.8636959999999999 0.421364705882353
0.906944 0.3736705882352941
0.9480239999999999 0.3100705882352941
0.9653200000000002 0.23376470588235299
0.9588319999999999 0.17017647058823537
0.9436959999999999 0.10022352941176482
0.9285680000000002 0.04934117647058811
0.411808 0.3005411764705881
0.3447840000000001 0.3386941176470587
0.24748 0.40547058823529414
0.18261599999999997 0.5040352941176469
0.14586400000000002 0.5994235294117647
0.13072800000000007 0.723435294117647
0.14153600000000005 0.8378941176470589
0.2193760000000002 0.8855882352941177
0.305864 0.8824117647058823
0.3772159999999999 0.8569764705882352
0.45937600000000023 0.8156352941176471
0.5393760000000002 0.7615882352941178
0.6042399999999998 0.713894117647059
0.6647840000000002 0.6375764705882352
0.7447840000000001 0.5485529411764707
0.396672 0.24330588235294126
0.47883199999999987 0.29417647058823526
0.5631599999999999 0.27509411764705893
0.6085680000000002 0.20832941176470587
0.6799119999999998 0.16698823529411755
0.6799119999999998 0.23376470588235299
0.6215360000000001 0.30371764705882354
0.6258640000000001 0.4181882352941175
0.597752 0.5167529411764706
0.541536 0.5580823529411766
0.4982959999999998 0.5390117647058823
0.4528879999999999 0.5103882352941178
0.40315999999999985 0.48177647058823525
0.3642399999999998 0.4499764705882352
0.321 0.3832117647058825
0.5328879999999999 0.7393294117647058
0.4355920000000001 0.7552235294117646
0.3447840000000001 0.7520470588235295
0.24532000000000018 0.7456823529411766
0.18478400000000011 0.6598352941176472
}
