version: 2
n_points: 55
{
0.13900000000000004 0.5278947368421053
0.0834999999999999 0.42873684210526297
0.06037234042553204 0.3067017543859649
0.06962765957446795 0.19228070175438616
0.1320638297872339 0.13126315789473686
0.2106914893617022 0.09692982456140364
0.2962659574468084 0.10456140350877208
0.3818297872340425 0.12363157894736831
0.4558404255319148 0.15414035087719302
0.5229042553191489 0.19228070175438616
0.594595744680851 0.21898245614035083
0.6547340425531917 0.2761929824561402
0.7333617021276594 0.3639122807017543
0.7934893617021279 0.44780701754385976
0.8328085106382977 0.5202807017543861
0.874436170212766 0.5927368421052632
0.9137446808510638 0.657578947368421
0.9438191489361701 0.7567368421052629
0.9461276595744679 0.8520877192982454
0.9484361702127662 0.9283508771929824
0.32402127659574465 0.6156140350877194
0.22225531914893612 0.5240877192982455
0.15750000000000008 0.44017543859649133
0.12049999999999998 0.33338596491228045
0.1274361702127661 0.24949122807017554
0.15981914893617016 0.19228070175438616
0.2523297872340425 0.17701754385964918
0.34020212765957464 0.17701754385964918
0.4142127659574469 0.19228070175438616
0.4697127659574467 0.23422807017543856
0.515968085106383 0.26092982456140335
0.5691595744680852 0.2685614035087718
0.594595744680851 0.29143859649122805
0.6454787234042555 0.35628070175438586
0.7102340425531914 0.4211052631578944
0.49284042553191487 0.7605438596491227
0.5344680851063831 0.7414736842105265
0.6084787234042554 0.7491052631578949
0.6778617021276595 0.8291929824561405
0.6639787234042552 0.7452982456140351
0.594595744680851 0.6957192982456142
0.5969148936170214 0.5774736842105263
0.5483510638297872 0.47450877192982444
0.49515957446808495 0.42873684210526297
0.43040425531914894 0.42873684210526297
0.39339361702127673 0.42873684210526297
0.35408510638297863 0.466877192982456
0.3332659574468085 0.4973859649122807
0.3101382978723403 0.5507894736842107
0.2985744680851064 0.5660350877192984
0.46740425531914903 0.3067017543859649
0.37026595744680857 0.2990701754385965
0.32170212765957457 0.2990701754385965
0.2685106382978724 0.2952631578947371
0.18988297872340415 0.2990701754385965
}
