version: 2
n_points: 55
{
0.861 0.4721052631578947
0.9165000000000001 0.571263157894737
0.9396276595744679 0.6932982456140351
0.9303723404255321 0.8077192982456138
0.8679361702127661 0.8687368421052631
0.7893085106382978 0.9030701754385964
0.7037340425531916 0.8954385964912279
0.6181702127659575 0.8763684210526317
0.5441595744680852 0.845859649122807
0.47709574468085114 0.8077192982456138
0.40540425531914903 0.7810175438596492
0.3452659574468083 0.7238070175438598
0.2666382978723406 0.6360877192982457
0.20651063829787208 0.5521929824561402
0.16719148936170225 0.4797192982456139
0.12556382978723402 0.40726315789473677
0.08625531914893625 0.34242105263157896
0.05618085106382986 0.24326315789473707
0.05387234042553213 0.14791228070175455
0.05156382978723384 0.07164912280701763
0.6759787234042554 0.3843859649122806
0.7777446808510639 0.4759122807017545
0.8424999999999999 0.5598245614035087
0.8795000000000001 0.6666140350877195
0.8725638297872339 0.7505087719298245
0.8401808510638298 0.8077192982456138
0.7476702127659576 0.8229824561403508
0.6597978723404254 0.8229824561403508
0.5857872340425532 0.8077192982456138
0.5302872340425533 0.7657719298245614
0.48403191489361697 0.7390701754385967
0.4308404255319148 0.7314385964912282
0.40540425531914903 0.708561403508772
0.3545212765957445 0.6437192982456141
0.28976595744680855 0.5788947368421056
0.5071595744680851 0.23945614035087726
0.4655319148936169 0.2585263157894735
0.39152127659574465 0.25089473684210506
0.3221382978723405 0.17080701754385952
0.33602127659574477 0.2547017543859649
0.40540425531914903 0.3042807017543858
0.40308510638297856 0.42252631578947375
0.45164893617021284 0.5254912280701756
0.504840425531915 0.571263157894737
0.5695957446808511 0.571263157894737
0.6066063829787233 0.571263157894737
0.6459148936170214 0.533122807017544
0.6667340425531916 0.5026140350877193
0.6898617021276596 0.4492105263157893
0.7014255319148937 0.43396491228070155
0.5325957446808509 0.6932982456140351
0.6297340425531914 0.7009298245614035
0.6782978723404254 0.7009298245614035
0.7314893617021276 0.7047368421052629
0.8101170212765958 0.7009298245614035
}
