version: 2
n_points: 55
{
0.825910447761194 0.24423456790123443
0.8773731343283583 0.35492592592592587
0.9288432835820896 0.4868888888888887
0.9622910447761194 0.6486666666666667
0.9417089552238805 0.7848888888888887
0.8825223880597015 0.8828024691358025
0.8181865671641791 0.9338888888888889
0.7281194029850747 0.9296296296296296
0.6509179104477614 0.9296296296296296
0.5788656716417911 0.9083456790123456
0.5016641791044777 0.9083456790123456
0.4141716417910447 0.891320987654321
0.3163880597014924 0.8742962962962962
0.23918656716417896 0.8189506172839507
0.18257462686567172 0.6827160493827162
0.13110447761194044 0.5848024691358025
0.07706716417910442 0.48264197530864195
0.03589552238805971 0.33364197530864204
0.03589552238805971 0.1846419753086418
0.07449253731343286 0.056925925925925824
0.6380522388059702 0.2953209876543209
0.7152537313432835 0.35066666666666657
0.8027462686567165 0.4187777777777777
0.8567910447761194 0.550753086419753
0.8902388059701493 0.6486666666666667
0.8747985074626867 0.7593456790123457
0.8130373134328358 0.870037037037037
0.7358432835820896 0.8742962962962962
0.6534925373134329 0.870037037037037
0.5814402985074627 0.8657777777777778
0.5093880597014926 0.848753086419753
0.452776119402985 0.8402345679012345
0.3781492537313432 0.8359753086419752
0.30352238805970144 0.7550987654320989
0.27264179104477604 0.6571851851851851
0.5840149253731344 0.24423456790123443
0.5222537313432836 0.2953209876543209
0.4373358208955225 0.3080987654320986
0.3832910447761193 0.21018518518518525
0.3009477611940299 0.15909876543209878
0.293223880597015 0.3080987654320986
0.36785074626865677 0.4145185185185184
0.385865671641791 0.5848024691358025
0.4141716417910447 0.6869753086419754
0.48622388059701493 0.7210370370370369
0.553134328358209 0.7167777777777777
0.5968805970149254 0.635888888888889
0.6071716417910447 0.5464938271604938
0.6226119402985075 0.44858024691358034
0.6432014925373134 0.35918518518518516
0.6071716417910447 0.82320987654321
0.6715074626865671 0.7848888888888887
0.7306940298507463 0.7380617283950616
0.7847313432835821 0.678469135802469
0.8181865671641791 0.6273827160493828
}
