version: 2
n_points: 55
{
0.12571466666666675 0.4332802197802196
0.08952266666666674 0.515697802197802
0.045714666666666744 0.6020384615384617
0.015237333333333481 0.7354780219780218
0.049522666666666736 0.8846153846153846
0.11238133333333342 0.9395604395604396
0.18666666666666668 0.970956043956044
0.27047733333333324 0.970956043956044
0.36 0.9277857142857141
0.4514293333333332 0.8649945054945054
0.5485706666666668 0.8375219780219778
0.6457146666666668 0.794346153846154
0.7314293333333335 0.7158571428571425
0.8114293333333334 0.6177417582417581
0.8819039999999998 0.5196208791208793
0.9295226666666664 0.44505494505494503
0.9695226666666664 0.33908791208791245
0.9866666666666667 0.19780219780219777
0.9771440000000002 0.11146153846153817
0.9695226666666664 0.02511538461538476
0.4076186666666666 0.16247802197802208
0.33904800000000007 0.272368131868132
0.2685706666666668 0.3665604395604398
0.21904800000000008 0.5
0.16952266666666674 0.6687582417582421
0.12952266666666673 0.794346153846154
0.09142933333333318 0.8846153846153846
0.14857066666666682 0.8924670329670328
0.21904800000000008 0.89639010989011
0.28571466666666673 0.8767637362637364
0.38857066666666684 0.8178956043956043
0.4514293333333332 0.8218186813186814
0.52 0.8296703296703296
0.6019040000000001 0.778648351648352
0.6685706666666665 0.6530604395604394
0.44190400000000013 0.11146153846153817
0.47047733333333325 0.20957692307692322
0.5676186666666666 0.2684450549450548
0.6457146666666668 0.2291978021978025
0.7085706666666665 0.19387912087912063
0.7352373333333332 0.29591758241758226
0.6914293333333335 0.35086263736263723
0.6628559999999998 0.48822527472527455
0.6152373333333332 0.6569835164835166
0.5409519999999999 0.7629505494505493
0.46476266666666655 0.7511758241758245
0.41523733333333346 0.6726868131868131
0.3752373333333335 0.570642857142857
0.35047733333333325 0.4529065934065932
0.32571466666666676 0.3351648351648352
0.3676186666666666 0.8061208791208794
0.3180959999999999 0.778648351648352
0.27428533333333327 0.7747252747252747
0.21714399999999992 0.7590274725274727
0.17714399999999994 0.7472527472527473
}
