version: 2
n_points: 55
{
0.8513172413793102 0.62196
0.9283965517241379 0.46397714285714287
0.9730206896551725 0.31943999999999995
0.9811344827586207 0.22868571428571435
0.9567965517241379 0.13120571428571437
0.8939137931034483 0.07406285714285722
0.8026379310344827 0.03372571428571429
0.7113586206896552 0.03708571428571426
0.6221103448275863 0.08414285714285712
0.5186620689655174 0.12447999999999995
0.4131862068965516 0.1715428571428572
0.3137931034482758 0.25557142857142856
0.2448275862068966 0.3328857142857143
0.1738344827586208 0.42028000000000004
0.1231241379310345 0.4875085714285714
0.06430000000000013 0.5648171428571428
0.017648275862069185 0.6858285714285715
0.01561724137931031 0.8101942857142856
0.07444137931034467 0.9076742857142858
0.15963448275862058 0.971542857142857
0.5948862068965519 0.6964400000000001
0.6366275862068964 0.66336
0.6965206896551723 0.5971942857142857
0.7691137931034483 0.5791485714285715
0.8181172413793104 0.48892
0.8489689655172414 0.3896742857142858
0.8689344827586206 0.29945142857142854
0.8725620689655172 0.2002
0.8362655172413795 0.13403428571428566
0.7600413793103449 0.10095428571428572
0.6656655172413793 0.12200571428571429
0.5876275862068967 0.16410857142857138
0.49869655172413774 0.21222857142857135
0.3861758620689655 0.27238285714285715
0.31721034482758614 0.37764571428571425
0.5640344827586208 0.7866685714285713
0.49506896551724155 0.7355371428571428
0.4170275862068965 0.7265142857142857
0.3607655172413792 0.7866685714285713
0.30994827586206897 0.8167428571428572
0.3462482758620691 0.7505771428571428
0.3898034482758621 0.6693714285714285
0.3952482758620688 0.5671200000000001
0.3952482758620688 0.5009542857142857
0.431548275862069 0.45283428571428574
0.4878068965517244 0.4347885714285714
0.5567724137931036 0.4618571428571428
0.5948862068965519 0.5129828571428571
0.640258620689655 0.55208
0.6692965517241379 0.6062171428571428
0.46965862068965525 0.2603485714285715
0.5640344827586208 0.25132571428571426
0.6511482758620688 0.26336
0.7255586206896553 0.25734285714285715
0.8308206896551724 0.2693714285714285
}
