version: 2
n_points: 55
{
0.17072103004291841 0.9566700000000004
0.08249785407725325 0.8455600000000004
0.022888412017167376 0.6955600000000004
0.022888412017167376 0.5233299999999997
0.041965665236051525 0.3233299999999997
0.0991888412017167 0.20667000000000035
0.18025751072961374 0.13443999999999956
0.27324892703862663 0.06778000000000017
0.3566995708154506 0.05110999999999988
0.4449227467811159 0.05667000000000033
0.5379098712446352 0.07889000000000013
0.6356695278969957 0.09556000000000042
0.6952789699570815 0.13443999999999956
0.7787296137339057 0.2177800000000002
0.8383390557939915 0.26778000000000013
0.8955665236051501 0.35667000000000026
0.9360987124463519 0.5066700000000003
0.9814034334763947 0.6511099999999999
0.969480686695279 0.74
0.9408669527896995 0.8288900000000001
0.45684120171673814 0.8066700000000003
0.3757768240343348 0.7955600000000004
0.268480686695279 0.79
0.16595278969957084 0.7288900000000001
0.10157510729613735 0.6566700000000003
0.06580686695278969 0.5288900000000001
0.08488412017167378 0.39
0.14687553648068674 0.3066700000000002
0.21125321888412021 0.22889000000000004
0.2851673819742489 0.1788900000000001
0.3590858369098712 0.14556000000000036
0.44015450643776827 0.12332999999999972
0.5259914163090129 0.13443999999999956
0.6380557939914162 0.17332999999999976
0.7548884120171674 0.26778000000000013
0.5259914163090129 0.7455600000000004
0.6213648068669528 0.7011099999999999
0.6666652360515023 0.7622199999999998
0.7143519313304721 0.8011099999999999
0.7525021459227469 0.8288900000000001
0.7381974248927039 0.7733299999999997
0.6499742489270387 0.6622199999999998
0.642824034334764 0.45667000000000035
0.5879828326180258 0.3233299999999997
0.4878412017167382 0.22889000000000004
0.4020042918454936 0.2566700000000003
0.37815879828326177 0.38443999999999967
0.3471630901287554 0.5455600000000004
0.3543175965665237 0.64
0.34954506437768235 0.7733299999999997
0.3471630901287554 0.18999999999999995
0.27801716738197424 0.2955600000000004
0.2160214592274678 0.39556000000000036
0.15164377682403432 0.4677800000000002
0.11587982832618025 0.59
}
