version: 2
n_points: 55
{
0.17338961038961037 0.03384496124031
0.11105194805194801 0.08035658914728672
0.05390909090909092 0.16407751937984494
0.024471861471861436 0.25710077519379837
0.040056277056277 0.3904341085271317
0.07295670995671 0.5020620155038762
0.10758874458874462 0.5981860465116279
0.1578051948051948 0.6819069767441861
0.22360606060606056 0.7470232558139533
0.3136493506493507 0.7966356589147287
0.40369264069264066 0.8772558139534884
0.5058571428571429 0.9423720930232559
0.6166796536796536 0.957875968992248
0.7119177489177488 0.9330697674418605
0.8140822510822511 0.8958604651162791
0.8712251082251081 0.8524496124031008
0.9145844155844156 0.769829457364341
0.947051948051948 0.6858527131782948
0.9813246753246753 0.5857209302325581
0.9813246753246753 0.5049689922480622
0.5303852813852814 0.3176356589147289
0.423965367965368 0.24011627906976762
0.2850779220779221 0.1981240310077519
0.1750476190476191 0.17874418604651154
0.11552380952380956 0.23365116279069786
0.0848614718614719 0.3596201550387599
0.10289610389610392 0.46944186046511627
0.18767532467532472 0.5695736434108529
0.2508051948051948 0.6826201550387596
0.340991341991342 0.7536821705426356
0.414948051948052 0.8150465116279069
0.48529437229437233 0.8538062015503876
0.5592467532467533 0.8505813953488371
0.625987012987013 0.8182790697674418
0.6746883116883117 0.7762868217054263
0.5412077922077922 0.3499302325581397
0.6025367965367965 0.42422480620155056
0.6530432900432901 0.4468294573643412
0.7035454545454546 0.41130232558139534
0.7756969696969696 0.4468294573643412
0.7071558441558442 0.5049689922480622
0.644021645021645 0.5340387596899226
0.6205757575757576 0.6309379844961243
0.5484242424242425 0.7213798449612403
0.4672554112554113 0.7407596899224806
0.4095367965367966 0.7246124031007753
0.3608354978354979 0.643860465116279
0.36624675324675326 0.5114341085271319
0.3842813852813853 0.391922480620155
0.41133766233766234 0.27241085271317844
0.35361904761904767 0.7246124031007753
0.30131168831168836 0.6244806201550387
0.2291601731601732 0.5114341085271319
0.16603030303030306 0.40806976744186063
0.12093506493506496 0.3240930232558139
}
