version: 2
n_points: 55
{
0.09217045454545465 0.6660378787878788
0.04860984848484859 0.4917954545454546
0.020200757575757677 0.34785606060606056
0.03345833333333344 0.17740151515151514
0.08838257575757585 0.08270454545454542
0.1736098484848486 0.044825757575757574
0.24747348484848494 0.044825757575757574
0.31754924242424254 0.08270454545454542
0.3838371212121213 0.13194696969696973
0.4539128787878789 0.19634090909090907
0.5239886363636365 0.23421969696969702
0.599746212121212 0.27209848484848487
0.6565643939393938 0.3099772727272727
0.7171704545454545 0.3630075757575757
0.7929280303030302 0.4349772727272727
0.8459583333333333 0.4804318181818181
0.9141401515151514 0.5334621212121212
0.9823219696969696 0.6963409090909091
0.9804280303030302 0.8667954545454546
0.9084583333333333 0.965280303030303
0.4520189393939395 0.7039166666666666
0.3459583333333334 0.6736136363636364
0.2645189393939395 0.6546742424242424
0.19254924242424254 0.6167954545454546
0.14330681818181829 0.5334621212121212
0.08838257575757585 0.3630075757575757
0.09785227272727283 0.215280303030303
0.16224621212121224 0.14331060606060608
0.22853409090909102 0.09785606060606056
0.28156439393939403 0.12437121212121216
0.35921590909090917 0.15088636363636365
0.4198219696969698 0.19634090909090907
0.48610984848484856 0.24937121212121216
0.5713371212121211 0.2948257575757576
0.6679280303030302 0.3857348484848485
0.4955795454545456 0.7190681818181819
0.5656553030303031 0.7455833333333334
0.6262613636363635 0.7948257575757576
0.7077007575757575 0.8819469696969697
0.6872121212121212 0.8098030303030304
0.6906553030303029 0.7478181818181817
0.6407272727272729 0.6789469696969698
0.6045681818181818 0.5480909090909092
0.5770189393939393 0.4482348484848485
0.5167575757575756 0.4482348484848485
0.4409999999999999 0.4688939393939394
0.39795833333333325 0.5171060606060607
0.3738522727272727 0.5653106060606061
0.3635227272727274 0.5963030303030302
0.35835606060606057 0.6445151515151515
0.5029848484848485 0.28293939393939405
0.3893484848484849 0.2588409090909092
0.30670454545454556 0.26228030303030314
0.20856439393939386 0.28293939393939405
0.1310833333333333 0.34837121212121225
}
