version: 2
n_points: 55
{
0.7526666666666665 0.25620512820512864
0.8295909090909088 0.35089743589743594
0.8855303030303029 0.4495128205128207
0.9111666666666667 0.5836410256410256
0.8831969696969697 0.6980256410256414
0.8389090909090908 0.7729743589743594
0.7689848484848483 0.8321538461538464
0.666409090909091 0.8479230769230773
0.5568636363636361 0.8282051282051285
0.463621212121212 0.7887692307692308
0.35639393939393926 0.7216923076923081
0.300439393939394 0.6585897435897436
0.24450000000000005 0.5994102564102566
0.20487878787878777 0.5205128205128209
0.1629242424242422 0.4731794871794873
0.10696969696969705 0.4218974358974361
0.07899999999999996 0.33510256410256456
0.07201515151515125 0.2483333333333334
0.07666666666666666 0.16153846153846185
0.10696969696969705 0.12605128205128202
0.5731666666666668 0.291717948717949
0.6454393939393938 0.29961538461538473
0.7223636363636361 0.31143589743589783
0.7922878787878788 0.38638461538461577
0.8505606060606061 0.4889487179487184
0.8505606060606061 0.5836410256410256
0.8086060606060606 0.6743589743589746
0.7456666666666667 0.725641025641026
0.6897272727272725 0.7532564102564105
0.5988181818181817 0.7374871794871796
0.5218939393939392 0.725641025641026
0.4706060606060607 0.7138205128205128
0.40766666666666673 0.6743589743589746
0.3354090909090909 0.6270256410256412
0.3121060606060605 0.5599743589743589
0.5032424242424243 0.24043589743589766
0.4333181818181817 0.2522820512820513
0.38669696969696954 0.25620512820512864
0.3493939393939395 0.19705128205128208
0.2957878787878787 0.1812564102564107
0.3074393939393939 0.31143589743589783
0.35406060606060596 0.34694871794871807
0.37504545454545435 0.45346153846153847
0.40766666666666673 0.5244615384615386
0.4776060606060605 0.5244615384615386
0.519560606060606 0.516564102564103
0.5591818181818182 0.49684615384615405
0.5848333333333331 0.4613333333333338
0.6034696969696971 0.41400000000000037
0.6174696969696968 0.3193333333333336
0.4566212121212121 0.64674358974359
0.5335454545454545 0.6664615384615389
0.629121212121212 0.6862051282051282
0.7270151515151515 0.6783076923076925
0.766651515151515 0.6625384615384615
}
