version: 2
n_points: 55
{
0.13862025316455728 0.17402352941176472
0.3054810126582276 0.09915882352941192
0.46083544303797475 0.03765882352941169
0.6794683544303797 0.029635294117647124
0.8233164556962022 0.08845882352941183
0.9096202531645572 0.1900647058823528
0.932632911392405 0.30236470588235287
0.9211265822784811 0.40129411764705897
0.9038734177215191 0.4868588235294119
0.8866075949367085 0.551029411764706
0.8635949367088607 0.6152
0.8348227848101268 0.6686764705882353
0.8118101265822782 0.7301705882352942
0.7715316455696205 0.7943411764705883
0.7427594936708861 0.8478176470588237
0.6794683544303797 0.901294117647059
0.5586455696202529 0.9414
0.3908860759493671 0.9708117647058824
0.24056962025316453 0.952429411764706
0.14563291139240497 0.8825764705882354
0.2366202531645567 0.44507647058823535
0.22079746835443015 0.34581176470588243
0.24453164556962004 0.24103529411764704
0.3434177215189873 0.1766941176470589
0.48582278481012653 0.13257647058823535
0.6005443037974681 0.10132941176470588
0.7666835443037973 0.12890000000000007
0.8220632911392403 0.20427058823529412
0.8062405063291137 0.27044705882352943
0.8101898734177215 0.35868235294117645
0.7983291139240505 0.44875294117647063
0.7943670886075949 0.5278
0.7745949367088606 0.6050058823529412
0.7468987341772151 0.6693411764705883
0.7113037974683543 0.7465470588235295
0.06256962025316437 0.44507647058823535
0.12981012658227842 0.4726529411764706
0.24848101265822775 0.5829470588235294
0.22079746835443015 0.639929411764706
0.21288607594936693 0.7005941176470588
0.33155696202531626 0.6914
0.3987974683544303 0.6362529411764707
0.49769620253164537 0.6215470588235295
0.5570253164556962 0.5847823529411765
0.5728481012658228 0.5333117647058824
0.5491139240506329 0.4726529411764706
0.4779113924050632 0.43588823529411763
0.4185822784810125 0.40831176470588243
0.3394683544303796 0.3917705882352941
0.24056962025316453 0.3770647058823529
0.7508607594936707 0.42485882352941173
0.6915189873417721 0.353164705882353
0.6321898734177214 0.29250588235294117
0.6084556962025314 0.2244882352941177
0.604493670886076 0.15463529411764712
}
