version: 2
n_points: 55
{
0.9127594936708862 0.5297564102564106
0.9352151898734178 0.4098205128205129
0.9658417721518988 0.2816153846153847
0.9556329113924051 0.145141025641026
0.9147974683544304 0.10378205128205163
0.8617151898734178 0.07069230769230782
0.7820886075949367 0.06656410256410265
0.7106329113924048 0.08310256410256446
0.6391772151898735 0.145141025641026
0.5799683544303798 0.21544871794871803
0.49217721518987345 0.24439743589743573
0.4003037974683543 0.3188333333333337
0.328848101265823 0.34365384615384625
0.27372151898734176 0.3849999999999997
0.20022151898734175 0.4015512820512824
0.14101265822784792 0.45117948717948725
0.06955696202531647 0.5669743589743589
0.028721518987341876 0.7406666666666666
0.03688607594936688 0.8854230769230768
0.05526582278481029 0.9474487179487181
0.6208037974683543 0.6910384615384617
0.6840949367088607 0.6207307692307689
0.7453417721518988 0.5669743589743589
0.7943417721518986 0.48425641025641014
0.8249683544303799 0.4015512820512824
0.8474240506329112 0.2733461538461542
0.863759493670886 0.1492692307692304
0.790259493670886 0.1368717948717947
0.7249240506329115 0.16167948717948705
0.6636772151898733 0.21130769230769267
0.6024240506329113 0.21544871794871803
0.5166772151898733 0.24025641025641037
0.4472594936708859 0.28988461538461524
0.38601265822784814 0.34365384615384625
0.3227215189873418 0.45117948717948725
0.561594936708861 0.7158589743589742
0.5064683544303796 0.7034487179487183
0.4166329113924049 0.6662307692307693
0.33905063291139237 0.6910384615384617
0.294139240506329 0.7365384615384614
0.3002594936708859 0.6910384615384617
0.3615126582278483 0.6538205128205127
0.37172151898734196 0.5462948717948717
0.3982594936708862 0.4677179487179491
0.46767721518987326 0.36019230769230803
0.5248417721518988 0.3477820512820514
0.5840506329113923 0.3312435897435896
0.6208037974683543 0.3477820512820514
0.6595949367088608 0.43462820512820527
0.6861329113924051 0.5462948717948717
0.6902151898734176 0.22784615384615373
0.7228860759493672 0.22784615384615373
0.7555506329113925 0.22784615384615373
0.7841329113924049 0.2195769230769232
0.8167974683544302 0.21544871794871803
}
