version: 2
n_points: 55
{
0.2172999999999999 0.6097301587301589
0.12906000000000006 0.49146031746031726
0.06043000000000007 0.37942857142857145
0.05062999999999988 0.23625396825396805
0.06632000000000005 0.15533333333333332
0.13102000000000003 0.09930158730158734
0.2065100000000001 0.08417460317460312
0.2935499999999999 0.09887301587301611
0.38059 0.11063492063492064
0.47502999999999984 0.14296825396825408
0.5565100000000001 0.18999999999999995
0.65096 0.2252698412698414
0.7231799999999998 0.28112698412698434
0.79911 0.3663650793650792
0.8750299999999999 0.481
0.9194799999999997 0.5750634920634923
0.9546600000000001 0.6573650793650792
0.9583699999999999 0.7602539682539681
0.9398500000000002 0.8572539682539684
0.9028100000000001 0.9248571428571427
0.43614 0.6750158730158732
0.37873999999999997 0.5985873015873018
0.29539999999999994 0.5074603174603174
0.2083699999999999 0.40163492063492057
0.16576999999999997 0.33403174603174624
0.14911000000000002 0.18412698412698403
0.21206999999999993 0.16942857142857148
0.30096000000000006 0.17823809523809542
0.4046600000000001 0.19587301587301598
0.46948000000000006 0.22233333333333338
0.54911 0.24585714285714289
0.6157699999999999 0.2899365079365077
0.6583699999999999 0.34285714285714275
0.6842900000000001 0.3840000000000001
0.7194799999999998 0.42515873015873007
0.5009600000000001 0.7014603174603176
0.53429 0.6573650793650792
0.6546600000000001 0.6485555555555557
0.6972499999999999 0.7132222222222221
0.7435500000000002 0.730857142857143
0.6898500000000002 0.6720634920634921
0.6379900000000001 0.6103333333333333
0.62133 0.5397936507936508
0.5935499999999999 0.43985714285714306
0.5416999999999998 0.35755555555555574
0.4602199999999999 0.34285714285714275
0.4046600000000001 0.3546031746031746
0.3713300000000001 0.40163492063492057
0.35096000000000005 0.46630158730158744
0.35096000000000005 0.5368571428571429
0.5120699999999999 0.25760317460317483
0.43244 0.2252698412698414
0.35281000000000007 0.2282063492063493
0.26762 0.26642857142857135
0.1935499999999999 0.2781904761904763
}
