version: 2
n_points: 55
{
0.8592566371681416 0.5587910447761197
0.912353982300885 0.43938805970149286
0.9521769911504425 0.34237313432835853
0.9433274336283186 0.2043134328358212
0.8636814159292036 0.11102985074626898
0.8145486725663718 0.07940298507462676
0.7404601769911504 0.07592537313432819
0.668424778761062 0.09328358208955224
0.5963982300884956 0.11064179104477628
0.5223097345132742 0.14188059701492495
0.4564513274336284 0.1835373134328362
0.3905929203539823 0.23211940298507494
0.3329646017699115 0.2772537313432839
0.262991150442478 0.3362537313432835
0.21153982300884955 0.4022089552238803
0.1477433628318583 0.4612089552238808
0.08188495575221222 0.5445223880597015
0.0427876106194689 0.659059701492537
0.0427876106194689 0.8187313432835823
0.09835398230088477 0.9263283582089555
0.5655221238938053 0.5896417910447757
0.6519646017699114 0.558402985074627
0.7528053097345133 0.5028656716417912
0.8248407079646017 0.4091492537313434
0.8680530973451328 0.305014925373134
0.8433628318584072 0.1939402985074631
0.7754424778761062 0.12800000000000034
0.7034159292035398 0.13494029850746264
0.635495575221239 0.15576119402985042
0.5943362831858408 0.19741791044776083
0.5223097345132742 0.20783582089552255
0.4605663716814158 0.24253731343283583
0.4049999999999999 0.2911343283582085
0.3700088495575219 0.3258507462686566
0.34119469026548677 0.3917910447761194
0.5387699115044248 0.7250149253731346
0.4832035398230089 0.7215373134328361
0.43175221238938066 0.6937761194029851
0.38853097345132737 0.731955223880597
0.33091150442477857 0.777074626865672
0.33091150442477857 0.7076567164179106
0.3761858407079647 0.6174029850746267
0.3864778761061949 0.47162686567164164
0.41116814159292026 0.3883283582089548
0.4605663716814158 0.3431940298507467
0.5120176991150442 0.33279104477611976
0.55729203539823 0.3431940298507467
0.5861061946902654 0.3917910447761194
0.6149203539823007 0.4438656716417907
0.635495575221239 0.5167462686567166
0.5552389380530973 0.22517910447761177
0.6313805309734514 0.21823880597014947
0.699300884955752 0.20783582089552255
0.7589823008849557 0.2112985074626863
0.8166017699115045 0.24947761194029813
}
