version: 2
n_points: 55
{
0.13530869565217382 0.6781929824561406
0.07481739130434795 0.5752192982456139
0.04079130434782611 0.49512280701754396
0.025665217391304434 0.3768947368421054
0.050243478260869494 0.26248245614035093
0.10316956521739123 0.17857017543859677
0.14664782608695645 0.09466666666666645
0.2260434782608696 0.04890350877192973
0.3167826086956522 0.0641578947368423
0.407517391304348 0.09848245614035067
0.5020391304347829 0.1556929824561406
0.5795434782608694 0.17857017543859677
0.6816217391304349 0.23959649122807036
0.7629086956521741 0.33113157894736855
0.8536434782608694 0.453175438596491
0.9216956521739131 0.5408947368421051
0.9746260869565216 0.6400526315789474
0.9821869565217393 0.792605263157895
0.9424913043478262 0.8993947368421054
0.8895608695652176 0.9642368421052632
0.4339826086956523 0.6362368421052632
0.36026086956521747 0.6362368421052632
0.2695217391304348 0.6247982456140349
0.2033608695652175 0.6019122807017543
0.13908695652173916 0.525640350877193
0.09939130434782614 0.4417280701754389
0.11829565217391316 0.2891754385964913
0.1561000000000001 0.197640350877193
0.2033608695652175 0.15950877192982482
0.2789739130434782 0.11373684210526325
0.3583695652173911 0.11755263157894746
0.43587391304347817 0.15187719298245628
0.5039260869565219 0.18620175438596465
0.5568565217391305 0.2472280701754388
0.5946652173913044 0.315877192982456
0.4831347826086956 0.7773508771929825
0.5133782608695652 0.7392192982456142
0.5549695652173914 0.7315877192982457
0.6116782608695653 0.7544736842105262
0.6192391304347824 0.6781929824561406
0.6022260869565215 0.6095438596491228
0.5511869565217392 0.5675877192982455
0.5492956521739129 0.41885087719298264
0.5266130434782608 0.33113157894736855
0.468013043478261 0.30824561403508755
0.4207521739130436 0.33113157894736855
0.3867260869565218 0.40740350877193
0.3583695652173911 0.4874999999999998
0.335686956521739 0.5447105263157893
0.3243434782608698 0.613359649122807
0.4113000000000002 0.1938333333333332
0.35459130434782626 0.21671052631578935
0.2884260869565216 0.24341228070175458
0.21659130434782622 0.26248245614035093
0.15799130434782618 0.31180701754385964
}
