version: 2
n_points: 55
{
0.7933084577114426 0.7722596153846154
0.8870696517412935 0.6058461538461539
0.9712636815920398 0.42463461538461544
0.973179104477612 0.2951923076923076
0.9483034825870648 0.18425000000000005
0.8908955223880597 0.1102788461538461
0.8296616915422885 0.054807692307692196
0.7492985074626864 0.06220192307692302
0.6536218905472636 0.09918269230769229
0.5675124378109453 0.16945192307692297
0.4871442786069652 0.22123076923076931
0.39147263681592026 0.24341346153846152
0.2977064676616915 0.29889423076923083
0.17906965174129352 0.41353846153846163
0.10253233830845765 0.5022980769230769
0.041298507462686485 0.6021442307692306
0.027358208955224006 0.7089999999999999
0.023800995024875538 0.7948461538461538
0.04157213930348258 0.8841346153846152
0.07177611940298523 0.9528173076923079
0.640363184079602 0.7192980769230768
0.7043283582089552 0.6094134615384614
0.7647412935323384 0.5304230769230768
0.818044776119403 0.3930673076923076
0.8713532338308457 0.2041923076923076
0.8091641791044776 0.12864423076923068
0.7558557213930349 0.12520192307692296
0.6705671641791044 0.17327884615384603
0.5817263681592041 0.23166346153846143
0.5053233830845771 0.2591346153846153
0.4378059701492538 0.2728749999999999
0.3791691542288559 0.3278173076923076
0.324089552238806 0.3758942307692307
0.2867761194029851 0.4136634615384614
0.24057711442786067 0.4583076923076922
0.6083781094527363 0.7467692307692306
0.5390845771144278 0.7536442307692307
0.40049253731343293 0.8120192307692307
0.3542935323383085 0.8497980769230771
0.31165174129353235 0.8875673076923078
0.27433830845771146 0.8772692307692307
0.3347462686567164 0.7227307692307691
0.3720597014925373 0.6059711538461537
0.4164825870646768 0.5098173076923076
0.4751194029850747 0.4136634615384614
0.5248706467661692 0.3930673076923076
0.5657363184079602 0.4205384615384614
0.6030497512437811 0.49951923076923066
0.6297014925373134 0.5819326923076922
0.6456915422885572 0.6712211538461538
0.5266467661691542 0.2694326923076922
0.6101592039800995 0.2728749999999999
0.6954427860696517 0.28660576923076914
0.7540796019900498 0.2900384615384614
0.819820895522388 0.2900384615384614
}
