version: 2
n_points: 55
{
0.8484848484848485 0.37168141592920356
0.9151515151515152 0.4690265486725663
0.9696969696969697 0.6017699115044248
0.9696969696969697 0.752212389380531
0.9272727272727272 0.8672566371681416
0.8606060606060606 0.9380530973451328
0.7757575757575758 0.9557522123893806
0.6848484848484848 0.9380530973451328
0.6060606060606061 0.9026548672566371
0.509090909090909 0.8672566371681416
0.4181818181818182 0.8141592920353982
0.32121212121212117 0.752212389380531
0.24242424242424243 0.6725663716814159
0.18181818181818177 0.584070796460177
0.12727272727272732 0.504424778761062
0.07878787878787874 0.4247787610619469
0.042424242424242475 0.3008849557522124
0.030303030303030276 0.16814159292035402
0.08484848484848484 0.08849557522123896
0.1575757575757576 0.04424778761061943
0.6303030303030304 0.4070796460176991
0.7272727272727273 0.4424778761061947
0.8181818181818181 0.504424778761062
0.8787878787878788 0.584070796460177
0.896969696969697 0.6991150442477876
0.8424242424242424 0.752212389380531
0.7696969696969697 0.7964601769911505
0.696969696969697 0.7964601769911505
0.6424242424242423 0.8053097345132744
0.5757575757575757 0.7964601769911505
0.509090909090909 0.7787610619469026
0.4424242424242424 0.7699115044247787
0.38787878787878793 0.752212389380531
0.35151515151515156 0.663716814159292
0.33939393939393936 0.5752212389380531
0.6121212121212121 0.3097345132743363
0.5515151515151515 0.3008849557522124
0.48484848484848486 0.327433628318584
0.4 0.24778761061946908
0.34545454545454546 0.24778761061946908
0.35151515151515156 0.3008849557522124
0.3939393939393939 0.415929203539823
0.36363636363636365 0.5132743362831859
0.38787878787878793 0.6194690265486726
0.4242424242424242 0.6902654867256637
0.509090909090909 0.6991150442477876
0.6060606060606061 0.7079646017699115
0.6363636363636364 0.6283185840707964
0.6666666666666667 0.5398230088495575
0.7272727272727273 0.4690265486725663
0.4242424242424242 0.7345132743362832
0.47878787878787876 0.7433628318584071
0.5454545454545454 0.752212389380531
0.5818181818181818 0.7699115044247787
0.6060606060606061 0.7964601769911505
}
