version: 2
n_points: 55
{
0.626949152542373 0.18177922077922096
0.5278644067796611 0.117844155844156
0.3948813559322034 0.06789610389610401
0.2592881355932204 0.08988311688311679
0.13933898305084752 0.17379220779220786
0.0950000000000003 0.2717012987012986
0.0950000000000003 0.3715974025974026
0.1184745762711866 0.4655064935064934
0.14715254237288164 0.5674025974025974
0.1966949152542376 0.6573116883116883
0.2644915254237291 0.7372337662337661
0.3427288135593221 0.7991688311688312
0.41574576271186436 0.8451168831168833
0.5148305084745762 0.8830779220779222
0.5878305084745765 0.9230389610389612
0.676491525423729 0.9410259740259741
0.783406779661017 0.9270389610389611
0.8564237288135592 0.853116883116883
0.9163898305084747 0.8151558441558441
0.9320338983050849 0.7691948051948053
0.5356779661016953 0.3995714285714285
0.5800169491525424 0.3456233766233766
0.5695762711864409 0.2717012987012986
0.5200338983050851 0.2177532467532467
0.4470338983050847 0.18577922077922088
0.3453389830508475 0.20576623376623368
0.2514576271186443 0.2517142857142858
0.24625423728813553 0.3176493506493507
0.256677966101695 0.3835844155844156
0.2592881355932204 0.48948051948051946
0.2827457627118647 0.5793896103896103
0.3166440677966105 0.6413246753246754
0.37140677966101715 0.6872857142857142
0.43138983050847457 0.6992727272727272
0.5252542372881357 0.7072597402597403
0.7130000000000001 0.46150649350649353
0.7234237288135597 0.5334285714285716
0.7599322033898307 0.5574155844155844
0.8016610169491526 0.6093636363636362
0.7938305084745765 0.6373246753246755
0.6947457627118646 0.6573116883116883
0.5878305084745765 0.5993636363636365
0.4965762711864407 0.6273376623376624
0.4183389830508477 0.6173506493506493
0.38705084745762736 0.5614025974025976
0.39227118644067804 0.48548051948051957
0.4209491525423731 0.4195454545454546
0.4652881355932203 0.3975714285714286
0.5096101694915256 0.3675974025974027
0.5513389830508474 0.3256363636363638
0.2827457627118647 0.47549350649350647
0.29057627118644075 0.4075584415584416
0.28535593220339006 0.33563636363636357
0.2723220338983052 0.28967532467532475
0.29057627118644075 0.24971428571428583
}
