version: 2
n_points: 55
{
0.6388522727272726 0.12699470899470905
0.5095340909090909 0.06860846560846552
0.38806818181818187 0.03759259259259269
0.2940227272727272 0.03029629629629629
0.18430681818181813 0.05948677248677246
0.13336363636363624 0.09597883597883591
0.09026136363636378 0.16166137566137553
0.06282954545454542 0.2382857142857143
0.07849999999999985 0.30032275132275144
0.11769318181818181 0.3495820105820107
0.16471590909090914 0.44080423280423287
0.22740909090909092 0.5539259259259259
0.27835227272727275 0.6579206349206348
0.37238636363636374 0.760089947089947
0.4546818181818182 0.842190476190476
0.5643977272727273 0.9042222222222224
0.6741136363636364 0.9516613756613759
0.7760000000000001 0.9735555555555553
0.8582840909090909 0.9735555555555553
0.9444886363636364 0.9626084656084656
0.6819545454545455 0.3951957671957672
0.6310113636363636 0.3112698412698412
0.5722386363636364 0.23464021164021154
0.4586022727272727 0.1853756613756614
0.36063636363636353 0.14159259259259271
0.2234886363636364 0.1361164021164021
0.168625 0.18902645502645501
0.18822727272727266 0.24923280423280433
0.2234886363636364 0.3203915343915342
0.2509204545454544 0.386068783068783
0.2469999999999999 0.45540211640211653
0.27835227272727275 0.5137830687830689
0.31753409090909107 0.552100529100529
0.36455681818181807 0.6086560846560847
0.4664318181818181 0.6506190476190475
0.7368068181818181 0.4189100529100528
0.6701931818181819 0.47364550264550265
0.658443181818182 0.5502751322751324
0.7250568181818182 0.5958888888888888
0.7799204545454547 0.6524444444444445
0.7132954545454546 0.6287301587301587
0.6349318181818181 0.5940634920634922
0.5761590909090909 0.5867619047619049
0.4781931818181817 0.5539259259259259
0.43117045454545466 0.4973650793650794
0.4468409090909091 0.43350793650793645
0.5056250000000001 0.38971957671957663
0.525215909090909 0.3659999999999999
0.5604772727272728 0.34775661375661376
0.6231704545454545 0.34410582010582014
0.2822613636363636 0.3605291005291005
0.29794318181818175 0.324037037037037
0.3332045454545455 0.2984973544973545
0.356715909090909 0.2674814814814813
0.3488863636363636 0.1981481481481481
}
