version: 2
n_points: 55
{
0.7058299999999997 0.13796111111111126
0.5608299999999997 0.0824055555555557
0.3958299999999997 0.04073888888888904
0.28083000000000025 0.0324055555555557
0.15583000000000027 0.06573888888888904
0.08300000000000012 0.15259444444444437
0.05632999999999981 0.23592777777777768
0.05632999999999981 0.3211111111111112
0.09966999999999984 0.4100000000000001
0.12966999999999984 0.4933333333333334
0.15966999999999984 0.5655555555555556
0.2163299999999998 0.6470388888888888
0.27300000000000013 0.719261111111111
0.3596699999999998 0.7896277777777777
0.47633000000000036 0.8637055555555555
0.5663300000000003 0.922961111111111
0.6829999999999995 0.9674055555555554
0.8129999999999995 0.9748166666666666
0.8996699999999999 0.9322222222222223
0.9529999999999995 0.8155555555555556
0.7196699999999998 0.43037222222222216
0.6763300000000004 0.3618499999999999
0.5863300000000004 0.25444444444444453
0.5796699999999998 0.19888888888888895
0.47633000000000036 0.14148333333333324
0.4029999999999995 0.12111111111111117
0.2763299999999998 0.10814999999999991
0.19966999999999985 0.13962777777777768
0.14300000000000013 0.18962777777777767
0.11632999999999981 0.25814999999999994
0.1363299999999998 0.3470388888888888
0.17632999999999982 0.4359277777777777
0.2263299999999998 0.5211111111111112
0.25966999999999985 0.5933333333333334
0.3363299999999998 0.669261111111111
0.7963300000000004 0.39888888888888896
0.7296699999999998 0.45629444444444434
0.7263300000000004 0.5414833333333332
0.7863300000000004 0.6025944444444443
0.8296699999999998 0.6581499999999999
0.7596699999999998 0.6470388888888888
0.6596699999999999 0.6100000000000001
0.5196699999999999 0.6174055555555554
0.46966999999999987 0.5655555555555556
0.45299999999999957 0.51
0.5129999999999996 0.4507388888888888
0.5529999999999995 0.4100000000000001
0.5796699999999998 0.36740555555555543
0.6063300000000004 0.3433333333333334
0.6429999999999996 0.32851666666666657
0.28966999999999987 0.5655555555555556
0.27300000000000013 0.4859277777777777
0.27966999999999986 0.3933333333333334
0.2996699999999998 0.29148333333333326
0.2930000000000001 0.17111111111111119
}
