version: 2
n_points: 55
{
0.8264961240310081 0.20816438356164393
0.6985891472868221 0.11227397260273983
0.5396744186046512 0.05747945205479462
0.36137984496124026 0.02323287671232887
0.20634108527131778 0.06661187214611883
0.09393798449612399 0.15336986301369873
0.039674418604651124 0.26752511415525126
0.04742635658914725 0.36798173515981747
0.07068217054263562 0.4638721461187216
0.11719379844961236 0.5620456621004565
0.1869612403100775 0.6533698630136985
0.2683565891472868 0.7378447488584473
0.3575038759689922 0.8063378995433789
0.46603100775193795 0.8885296803652967
0.528046511627907 0.9250593607305935
0.632697674418605 0.9615890410958903
0.7257209302325586 0.9752876712328765
0.8303720930232562 0.9798538812785387
0.9117674418604655 0.9707214611872145
0.9660310077519384 0.9638721461187213
0.6443255813953492 0.4524566210045663
0.6753333333333338 0.3793972602739727
0.6598294573643415 0.26752511415525126
0.5900620155038759 0.17848401826484028
0.5125426356589147 0.12368949771689508
0.3962635658914728 0.11912328767123298
0.28386046511627905 0.15336986301369873
0.22184496124031003 0.21044748858447498
0.18308527131782942 0.29035616438356177
0.18308527131782942 0.36341552511415537
0.19083720930232553 0.43190867579908687
0.20634108527131778 0.4981187214611873
0.23734883720930228 0.5620456621004565
0.30324031007751934 0.6259726027397259
0.3807596899224806 0.6784840182648401
0.7644806201550391 0.4935525114155252
0.7761085271317834 0.5734611872146117
0.8226201550387601 0.6373881278538811
0.9040155038759694 0.6762009132420089
0.9001395348837213 0.7287123287671231
0.7916124031007756 0.7241461187214611
0.7179689922480624 0.6739178082191779
0.6055658914728682 0.6602191780821917
0.46603100775193795 0.6328219178082191
0.3807596899224806 0.5734611872146117
0.3691317829457364 0.4958356164383563
0.40401550387596896 0.4341917808219179
0.45440310077519375 0.3885296803652969
0.5396744186046512 0.35428310502283117
0.6404496124031012 0.3200365296803654
0.24510077519379841 0.41364383561643847
0.2644806201550387 0.35428310502283117
0.279984496124031 0.29035616438356177
0.2954883720930232 0.22414611872146128
0.31486821705426354 0.17391780821917818
}
