version: 2
n_points: 55
{
0.06454624277456639 0.5468146067415732
0.018303468208092397 0.4307134831460675
0.016378612716763094 0.3632977528089888
0.018303468208092397 0.2584269662921348
0.04720520231213864 0.1310842696629213
0.10308381502890182 0.07116292134831459
0.1936416184971098 0.03745505617977529
0.2630057803468208 0.029960674157303413
0.3265895953757225 0.029960674157303413
0.38246531791907507 0.0337078651685393
0.455684971098266 0.0449438202247191
0.5096329479768785 0.05243258426966291
0.5789971098265895 0.0674157303370786
0.6695578034682081 0.0786516853932584
0.7639682080924858 0.11610674157303369
0.846820809248555 0.1985
0.9046242774566474 0.3632977528089888
0.9373786127167633 0.5093651685393259
0.9662803468208095 0.7116123595505617
0.9874768786127165 0.9737808988764046
0.523121387283237 0.543073033707865
0.4576098265895953 0.5917584269662923
0.36897976878612726 0.5617977528089888
0.2784190751445086 0.4569269662921348
0.18978901734104056 0.3857696629213483
0.12234971098265887 0.3932584269662922
0.12234971098265887 0.2996235955056179
0.1724479768786128 0.2284662921348315
0.1974942196531791 0.1385786516853933
0.25915317919075154 0.1273426966292135
0.3458583815028903 0.0861404494382022
0.42870809248554903 0.0674157303370786
0.5057803468208093 0.0599269662921349
0.6252398843930635 0.101123595505618
0.708092485549133 0.1985
0.4922919075144508 0.651685393258427
0.5655115606936417 0.6254662921348316
0.6290953757225435 0.651685393258427
0.6676300578034682 0.6853932584269663
0.706164739884393 0.6928820224719102
0.7100202312138729 0.6217247191011235
0.6734104046242775 0.5730337078651685
0.6483612716763005 0.4681629213483146
0.6310202312138727 0.3408258426966293
0.5616560693641618 0.2958820224719101
0.5134884393063585 0.2996235955056179
0.47302601156069374 0.348314606741573
0.4267832369942197 0.4007471910112359
0.3766849710982658 0.4269662921348314
0.3554913294797688 0.5018707865168539
0.3670520231213873 0.0936348314606742
0.30154046242774557 0.1348314606741573
0.25722543352601157 0.1722865168539326
0.22447109826589604 0.1835224719101124
0.20134971098265905 0.1985
}
