version: 2
n_points: 55
{
0.19773469387755088 0.22838613861386148
0.12781632653061234 0.34939603960396026
0.05223469387755102 0.5217425742574258
0.02577551020408174 0.6794257425742576
0.07112755102040803 0.8444455445544553
0.16371938775510203 0.914118811881188
0.26009183673469394 0.9434554455445543
0.3507959183673468 0.914118811881188
0.43205102040816334 0.8774455445544556
0.5359795918367348 0.8591089108910892
0.6172346938775508 0.8041089108910892
0.6966020408163265 0.7087623762376238
0.7627397959183672 0.6720891089108911
0.8288775510204084 0.6280891089108912
0.8798979591836736 0.5474158415841583
0.9195816326530615 0.44840594059405925
0.9554846938775509 0.3457227722772278
0.9762704081632655 0.21738613861386125
0.9668214285714284 0.10370297029702957
0.9271377551020411 0.048693069306930736
0.4755153061224491 0.2247128712871287
0.36780102040816354 0.25404950495049494
0.26198469387755097 0.3237227722772277
0.19206632653061215 0.41173267326732677
0.12214795918367334 0.5327425742574257
0.09569387755102027 0.6537623762376238
0.107030612244898 0.7710990099009901
0.1807295918367347 0.8151089108910891
0.2449744897959183 0.8151089108910891
0.3186734693877553 0.8004356435643564
0.37536224489795933 0.7894356435643565
0.45094897959183655 0.7674356435643563
0.5227551020408165 0.7270990099009902
0.5945612244897959 0.6574257425742575
0.6550306122448978 0.5584158415841585
0.511418367346939 0.22838613861386148
0.5681071428571431 0.2760495049504951
0.6247959183673472 0.24304950495049504
0.683372448979592 0.17703960396039609
0.6795969387755103 0.23938613861386138
0.6058979591836733 0.31639603960396023
0.5945612244897959 0.4447326732673268
0.5435408163265306 0.5437425742574258
0.49818877551020396 0.5987524752475246
0.42638265306122464 0.6427524752475249
0.40937755102040846 0.5474158415841583
0.40370918367346914 0.44106930693069313
0.4018163265306121 0.3677326732673266
0.39426020408163254 0.30172277227722766
0.38669897959183674 0.25772277227722773
0.40370918367346914 0.7014257425742574
0.3545765306122447 0.6610891089108912
0.3035561224489794 0.617089108910891
0.25253571428571436 0.5547524752475248
0.22041326530612257 0.48874257425742573
}
