version: 2
n_points: 55
{
0.9228101265822783 0.13414
0.7917088607594939 0.07699500000000001
0.6560886075949369 0.03414000000000002
0.5249873417721518 0.03414000000000002
0.3170253164556964 0.02878
0.29441772151898754 0.08771000000000001
0.27182278481012645 0.15378
0.2356582278481015 0.23235
0.19496202531645554 0.301995
0.14524050632911378 0.364495
0.10907594936708884 0.439495
0.07289873417721537 0.50735
0.07289873417721537 0.58235
0.10907594936708884 0.651995
0.18592405063291123 0.73235
0.24921518987341756 0.80021
0.276341772151899 0.87521
0.38935443037974704 0.93414
0.5249873417721518 0.9752099999999999
0.6560886075949369 0.9716399999999998
0.8278734177215188 0.414495
0.8866455696202533 0.34128000000000003
0.8956835443037977 0.26985
0.823354430379747 0.201995
0.7465063291139239 0.13592500000000002
0.5837594936708863 0.07699500000000001
0.4164810126582277 0.05734999999999999
0.35318987341772135 0.10556499999999999
0.3260632911392407 0.18414000000000003
0.25825316455696185 0.264495
0.2266075949367087 0.33414
0.19044303797468373 0.39664
0.1587974683544306 0.46271
0.14524050632911378 0.5341400000000001
0.17688607594936695 0.630565
0.9408987341772154 0.473425
0.7962278481012657 0.52521
0.6922531645569618 0.58771
0.7374556962025318 0.6591400000000001
0.7510253164556964 0.71628
0.6606075949367087 0.66271
0.6334810126582281 0.57878
0.5068987341772154 0.5394950000000001
0.4029240506329116 0.473425
0.2989493670886078 0.42878
0.330594936708861 0.36628
0.4300506329113923 0.330565
0.5656708860759492 0.31984999999999997
0.7284177215189875 0.318065
0.8278734177215188 0.32164000000000004
0.28537974683544326 0.32164000000000004
0.35318987341772135 0.26985
0.4164810126582277 0.22164
0.5295063291139243 0.185925
0.6606075949367087 0.155565
}
