version: 2
n_points: 55
{
0.7669364161849711 0.9281558441558441
0.8589942196531791 0.9377792207792208
0.9296416184971098 0.9089220779220779
0.9660404624277457 0.8175194805194806
0.9703179190751445 0.6443636363636366
0.9339248554913294 0.5193116883116883
0.8696994219653179 0.3846233766233768
0.8054739884393064 0.2740000000000002
0.7091329479768786 0.20664935064935072
0.6149364161849712 0.13931168831168836
0.5335838150289017 0.11045454545454539
0.4543699421965317 0.08159740259740243
0.3708786127167629 0.07677922077922086
0.3023699421965318 0.07677922077922086
0.24028323699421972 0.10083116883116897
0.18034104046242783 0.09122077922077923
0.11397109826589591 0.11045454545454539
0.07757803468208091 0.15374025974025965
0.034757225433525885 0.24512987012987014
0.02405780346820796 0.33171428571428574
0.7391040462427746 0.7934805194805197
0.8054739884393064 0.7598051948051947
0.8632774566473989 0.6972727272727273
0.8868265895953756 0.5914545454545455
0.8461502890173409 0.4760129870129869
0.7776416184971098 0.375
0.7176994219653178 0.30766233766233764
0.6641734104046242 0.25475324675324695
0.5999479768786127 0.24512987012987014
0.5335838150289017 0.19222077922077907
0.48434104046242776 0.1585584415584416
0.4393815028901733 0.16336363636363646
0.38800578034682076 0.1826103896103897
0.3537514450867053 0.22589610389610396
0.32163583815028884 0.23070129870129882
0.49932947976878617 0.7020909090909092
0.4586531791907513 0.6203116883116885
0.40941040462427736 0.5529740259740261
0.3708786127167629 0.5577792207792209
0.31735260115606934 0.5625974025974025
0.3708786127167629 0.5241168831168831
0.3944277456647398 0.49044155844155857
0.4051329479768787 0.38944155844155837
0.4415260115606937 0.2740000000000002
0.4800635838150288 0.2884285714285715
0.5400057803468208 0.31728571428571445
0.5871040462427747 0.375
0.6170751445086706 0.48083116883116883
0.6363468208092486 0.5625974025974025
0.6320635838150288 0.6732207792207792
0.5549884393063582 0.24994805194805206
0.6342023121387282 0.32690909090909087
0.6920057803468207 0.40387012987013005
0.7540924855491331 0.4952597402597401
0.8140346820809249 0.5962597402597404
}
