version: 2
n_points: 55
{
0.1917808219178082 0.408695652173913
0.1095890410958904 0.5043478260869565
0.047251141552511214 0.6105826086956523
0.02541095890410984 0.7429130434782609
0.05717808219178104 0.8601130434782609
0.12467579908675787 0.9319478260869566
0.19217808219178079 0.9546347826086955
0.2934292237442921 0.9357304347826088
0.4006347031963472 0.9243826086956521
0.5078401826484018 0.8865826086956521
0.5912237442922372 0.8563304347826087
0.676593607305936 0.8298695652173913
0.7520365296803654 0.7693739130434784
0.8076255707762557 0.6672956521739131
0.875123287671233 0.5349739130434782
0.9366666666666666 0.4328956521739129
0.9724063926940639 0.2816608695652175
0.9803470319634704 0.13421739130434784
0.9565205479452052 0.06616521739130421
0.9088721461187215 0.03591304347826085
0.39666666666666667 0.3534956521739129
0.327178082191781 0.44045217391304337
0.2457808219178083 0.48582608695652174
0.17232420091324216 0.5727826086956522
0.1326164383561644 0.6937652173913043
0.11474885844748857 0.7920608695652173
0.16239726027397286 0.9092608695652173
0.2318858447488585 0.8941391304347825
0.29739726027397256 0.8752347826086956
0.36688584474885827 0.8525478260869566
0.4403424657534244 0.8525478260869566
0.5197534246575344 0.8487739130434784
0.6150502283105024 0.8412086956521739
0.6805616438356165 0.7618173913043479
0.7123287671232876 0.6181478260869564
0.4204885844748858 0.28922608695652197
0.4800456621004566 0.3686173913043478
0.5614474885844749 0.3761826086956521
0.6249771689497717 0.26275652173913033
0.7004155251141551 0.19093043478260863
0.6984337899543379 0.3232521739130435
0.6210045662100456 0.44423478260869553
0.6348995433789955 0.5992434782608697
0.6348995433789955 0.7126695652173913
0.5991643835616438 0.7693739130434784
0.5296803652968036 0.7731565217391305
0.46217808219178075 0.7618173913043479
0.40460730593607325 0.7051043478260869
0.37681278538812807 0.5803391304347827
0.3490182648401824 0.48960000000000004
0.418502283105023 0.8336521739130436
0.35100456621004567 0.8185217391304347
0.28747488584474884 0.7655913043478262
0.2159999999999999 0.7202260869565217
0.1643835616438356 0.6862000000000001
}
