version: 2
n_points: 55
{
0.12789671361502356 0.4100086206896555
0.06216901408450713 0.5306982758620689
0.02461032863849774 0.6858706896551723
0.03087323943661982 0.806560344827586
0.09503286384976535 0.9100086206896549
0.16702347417840385 0.9502327586206895
0.24370422535211264 0.9559827586206897
0.3203849765258217 0.9387413793103448
0.3861126760563381 0.9128793103448276
0.467492957746479 0.8755258620689653
0.5379154929577465 0.8324224137931033
0.6177276995305165 0.7893189655172412
0.6928450704225353 0.7404655172413794
0.7757840375586853 0.6513879310344826
0.8524694835680752 0.5651810344827584
0.8994178403755869 0.47897413793103427
0.9463661971830987 0.3898879310344825
0.9776619718309857 0.27494827586206905
0.9667089201877934 0.14276724137931063
0.9181971830985917 0.03931896551724168
0.3438591549295775 0.4243706896551722
0.27500469483568085 0.4760948275862067
0.19831924882629118 0.5393189655172412
0.16702347417840385 0.6341465517241378
0.14511267605633799 0.7088534482758618
0.14667605633802824 0.8094310344827587
0.19362441314554 0.8266724137931035
0.251530516431925 0.806560344827586
0.30786854460093904 0.7979396551724136
0.3673333333333334 0.8008103448275863
0.41271830985915486 0.8036810344827584
0.4831408450704225 0.7806982758620687
0.5520000000000002 0.7490862068965518
0.6130328638497654 0.7059827586206897
0.6724976525821594 0.648508620689655
0.40958685446009396 0.32092241379310327
0.4847042253521125 0.3123017241379308
0.5786009389671359 0.3036810344827584
0.6286807511737089 0.2577068965517242
0.6662394366197183 0.2605775862068963
0.6631079812206571 0.3324224137931038
0.63181220657277 0.358284482758621
0.6177276995305165 0.44736206896551733
0.5958169014084507 0.5278189655172412
0.5347840375586854 0.628396551724138
0.4815774647887325 0.6542586206896552
0.4393239436619719 0.6370172413793104
0.40802347417840373 0.5910431034482757
0.3908075117370893 0.47322413793103457
0.38298591549295785 0.378396551724138
0.3835211267605634 0.7499741379310346
0.3152347417840375 0.765646551724138
0.2746854460093896 0.7695603448275863
0.22773708920187785 0.7813189655172412
0.18292488262910808 0.7813189655172412
}
