version: 2
n_points: 55
{
0.7787692307692308 0.23491044776119363
0.8695470085470085 0.36725373134328354
0.9404273504273505 0.4910298507462687
0.9529316239316239 0.7094477611940301
0.8987350427350428 0.8040895522388063
0.8299401709401709 0.8878208955223877
0.7736581196581197 0.9132985074626861
0.6861025641025641 0.924223880597015
0.6048034188034188 0.924223880597015
0.5026495726495727 0.9169402985074627
0.438025641025641 0.8732537313432833
0.37757264957264947 0.8295671641791047
0.3025299145299144 0.7858955223880593
0.23582051282051286 0.7167164179104475
0.18578632478632473 0.643910447761194
0.11074358974358967 0.5747462686567162
0.05653846153846165 0.4728208955223877
0.03569230769230758 0.34540298507462686
0.0398632478632478 0.21435820895522417
0.11491452991452988 0.0651044776119406
0.5714444444444445 0.3126417910447762
0.6673418803418805 0.36361194029850785
0.7715726495726496 0.4582537313432832
0.8382820512820512 0.5347014925373132
0.8466153846153847 0.6803134328358211
0.8445299145299145 0.7713283582089548
0.7736581196581197 0.836850746268657
0.6756752136752138 0.8623432835820893
0.5985470085470086 0.8550597014925372
0.5068205128205128 0.8404925373134327
0.41926495726495727 0.8040895522388063
0.3483931623931624 0.7422089552238808
0.2941880341880341 0.6839552238805968
0.26708547008547 0.6220746268656712
0.2170598290598289 0.5893134328358206
0.4713846153846153 0.29080597014925347
0.41093162393162397 0.352686567164179
0.3588119658119657 0.3599701492537313
0.31503418803418815 0.3089999999999996
0.2587521367521367 0.3126417910447762
0.3108632478632479 0.4000149253731341
0.3817435897435897 0.4546119402985075
0.3838290598290597 0.5310597014925376
0.3942564102564101 0.6548358208955227
0.44636752136752134 0.6839552238805968
0.49640170940170947 0.6511940298507461
0.5360085470085469 0.5965970149253728
0.5735299145299146 0.5383432835820898
0.6089658119658119 0.48010447761193986
0.6193931623931623 0.37817910447761227
0.49431623931623936 0.8113731343283586
0.5902051282051282 0.7858955223880593
0.6923589743589744 0.7276417910447763
0.759059829059829 0.6875970149253734
0.804923076923077 0.6366417910447757
}
