version: 2
n_points: 55
{
0.1230192307692306 0.616121212121212
0.0646346153846152 0.4321414141414146
0.05090384615384599 0.2517676767676763
0.1298846153846152 0.11828282828282866
0.23977884615384626 0.06056565656565638
0.3359326923076924 0.07138383838383844
0.4561250000000001 0.1074646464646466
0.5316730769230767 0.1579696969696971
0.5797499999999999 0.22651515151515111
0.658730769230769 0.29144444444444395
0.7411442307692309 0.37080808080808114
0.7926634615384617 0.4610000000000001
0.8476057692307694 0.5439696969696964
0.8956826923076924 0.6413737373737372
0.9265865384615386 0.7099191919191923
0.9574903846153847 0.796494949494949
0.9540576923076921 0.8578282828282824
0.9334519230769232 0.8938989898989897
0.9197211538461539 0.9263636363636367
0.8682115384615383 0.9588383838383834
0.38744230769230753 0.6774444444444445
0.30158653846153854 0.6233333333333337
0.22260576923076933 0.5403636363636362
0.17796153846153828 0.4501717171717172
0.17452884615384626 0.33834343434343417
0.2054326923076924 0.24093939393939345
0.29472115384615394 0.18682828282828268
0.3805673076923078 0.21568686868686826
0.4801634615384617 0.24815151515151523
0.5316730769230767 0.2842323232323234
0.5763173076923078 0.32030303030303064
0.6346923076923076 0.36720202020201964
0.6690288461538463 0.4249191919191919
0.6896346153846152 0.4862525252525254
0.7033750000000001 0.5439696969696964
0.39430769230769214 0.727949494949495
0.45268269230769237 0.7495959595959599
0.5179326923076923 0.7568181818181814
0.5419711538461539 0.818141414141414
0.5797499999999999 0.8578282828282824
0.6123076923076923 0.8464444444444444
0.6156249999999998 0.7210505050505052
0.6222596153846152 0.5991414141414146
0.6090000000000001 0.536444444444444
0.5758365384615385 0.45981818181818235
0.529423076923077 0.4180202020202022
0.4531634615384617 0.4180202020202022
0.4034230769230771 0.4702626262626266
0.35369230769230764 0.5294747474747475
0.3139038461538463 0.5712727272727277
0.509528846153846 0.32745454545454544
0.439894230769231 0.28218181818181853
0.3636346153846152 0.26476767676767665
0.287375 0.27172727272727226
0.23764423076923052 0.3309393939393943
}
