version: 2
n_points: 55
{
0.17281720430107528 0.20101960784313716
0.3175698924731182 0.1274901960784313
0.42923655913978476 0.06716176470588246
0.582247311827957 0.03699509803921581
0.7766236559139785 0.027568627450980508
0.8882903225806451 0.072813725490196
0.9461827956989248 0.15011764705882363
0.9337849462365589 0.22364705882352953
0.9172365591397849 0.3122598039215687
0.9213763440860214 0.3895588235294119
0.9337849462365589 0.4593186274509805
0.9089677419354838 0.5271911764705883
0.8510645161290322 0.596950980392157
0.8303870967741935 0.6893333333333335
0.7848924731182796 0.787372549019608
0.6608279569892472 0.8609019607843138
0.528483870967742 0.9250049019607844
0.36719354838709684 0.9627107843137254
0.2059032258064516 0.9796764705882353
0.05289247311827938 0.9325441176470587
0.2968924731182795 0.43292156862745085
0.34238709677419343 0.3179117647058823
0.3878709677419355 0.23684313725490183
0.5367634408602149 0.17462745098039228
0.6318817204301074 0.1274901960784313
0.7600860215053762 0.10109803921568639
0.8676129032258063 0.15388725490196065
0.8510645161290322 0.22175980392156852
0.83452688172043 0.2877500000000001
0.7973010752688172 0.33865196078431364
0.8593440860215051 0.4310343137254901
0.8510645161290322 0.5196470588235294
0.8014408602150537 0.5988333333333332
0.7394086021505375 0.6572794117647058
0.6608279569892472 0.7270392156862744
0.13560215053763425 0.4593186274509805
0.2389892473118279 0.523421568627451
0.2348602150537633 0.6044901960784312
0.1852258064516129 0.666705882352941
0.16454838709677422 0.7722892156862746
0.32170967741935463 0.7251519607843137
0.43336559139784947 0.6723627450980391
0.5450322580645159 0.6233431372549019
0.6649677419354837 0.5875196078431372
0.7187311827956988 0.5139901960784313
0.7145913978494622 0.4593186274509805
0.636010752688172 0.43480882352941186
0.5491612903225807 0.41406862745098055
0.445774193548387 0.40841176470588225
0.338247311827957 0.39898529411764694
0.7600860215053762 0.32922549019607833
0.7187311827956988 0.2820931372549021
0.6897741935483871 0.23307352941176482
0.6649677419354837 0.18593627450980385
0.6732365591397849 0.13880392156862734
}
