version: 2
n_points: 55
{
0.7616279069767442 0.9444444444444444
0.8372093023255813 0.8222222222222222
0.9244186046511628 0.6444444444444445
0.9709302325581395 0.4666666666666667
0.9476744186046512 0.26666666666666666
0.8953488372093024 0.15555555555555556
0.8081395348837209 0.08888888888888889
0.7151162790697674 0.05555555555555555
0.622093023255814 0.05555555555555555
0.5116279069767442 0.07777777777777778
0.40116279069767447 0.1111111111111111
0.3081395348837209 0.15555555555555556
0.2151162790697675 0.23333333333333334
0.16279069767441856 0.3111111111111111
0.11627906976744184 0.3888888888888889
0.06976744186046513 0.5
0.046511627906976716 0.6111111111111112
0.029069767441860517 0.7555555555555555
0.046511627906976716 0.8444444444444444
0.08139534883720934 0.9444444444444444
0.5988372093023255 0.8
0.7093023255813953 0.7555555555555555
0.7906976744186046 0.7111111111111111
0.8430232558139534 0.6333333333333333
0.877906976744186 0.5111111111111111
0.8895348837209303 0.37777777777777777
0.872093023255814 0.23333333333333334
0.8197674418604651 0.17777777777777778
0.7616279069767442 0.14444444444444443
0.7034883720930232 0.12222222222222222
0.627906976744186 0.13333333333333333
0.5697674418604651 0.14444444444444443
0.5058139534883721 0.15555555555555556
0.436046511627907 0.17777777777777778
0.37209302325581395 0.2222222222222222
0.5523255813953488 0.8
0.5058139534883721 0.7333333333333333
0.4418604651162791 0.7555555555555555
0.38953488372093026 0.8333333333333334
0.31976744186046513 0.8333333333333334
0.32558139534883723 0.7555555555555555
0.38953488372093026 0.6555555555555556
0.40116279069767447 0.4888888888888889
0.41279069767441856 0.36666666666666664
0.4709302325581395 0.34444444444444444
0.5174418604651163 0.3888888888888889
0.5523255813953488 0.4444444444444444
0.5755813953488372 0.5111111111111111
0.6104651162790697 0.6
0.6337209302325582 0.7444444444444445
0.5697674418604651 0.2
0.6511627906976745 0.2111111111111111
0.7093023255813953 0.26666666666666666
0.7558139534883721 0.35555555555555557
0.8081395348837209 0.43333333333333335
}
