version: 2
n_points: 55
{
0.8324 0.25439999999999985
0.8800111111111113 0.4299142857142856
0.9308666666666668 0.5871999999999997
0.9415444444444442 0.7218142857142855
0.9116333333333336 0.8042285714285713
0.8624888888888891 0.8838999999999999
0.7876999999999996 0.9278571428571427
0.6958222222222226 0.9251142857142854
0.6017999999999998 0.9141285714285711
0.4906888888888886 0.8866571428571425
0.3817222222222224 0.8207142857142855
0.28983333333333305 0.7492857142857141
0.17658888888888857 0.6366571428571425
0.11462222222222196 0.5349999999999999
0.08256666666666646 0.4388571428571433
0.05693333333333361 0.33719999999999983
0.04838888888888904 0.24379999999999968
0.04838888888888904 0.15314285714285758
0.06119999999999981 0.11192857142857116
0.08043333333333302 0.05972857142857124
0.533422222222222 0.37291428571428553
0.5911222222222224 0.36742857142857177
0.6894111111111114 0.41687142857142834
0.7556444444444442 0.4470857142857142
0.8047888888888887 0.5295142857142854
0.8197555555555558 0.6448999999999996
0.8154777777777775 0.7575285714285712
0.8069333333333336 0.8152285714285711
0.751377777777778 0.8784142857142854
0.6765888888888886 0.8701714285714283
0.6082111111111108 0.853685714285714
0.4992333333333332 0.8207142857142855
0.4137666666666664 0.7685142857142856
0.3347111111111114 0.6943428571428569
0.25564444444444423 0.5542285714285713
0.548388888888889 0.2575285714285712
0.475733333333333 0.2602857142857147
0.4137666666666664 0.2575285714285712
0.3731666666666664 0.19159999999999966
0.32830000000000026 0.14214285714285702
0.30265555555555523 0.15314285714285758
0.30478888888888866 0.2849999999999998
0.3197555555555558 0.37291428571428553
0.3517999999999998 0.4553285714285713
0.4052222222222225 0.5075285714285712
0.4522333333333336 0.5349999999999999
0.5056444444444442 0.5487428571428568
0.574022222222222 0.5349999999999999
0.6210333333333331 0.4718142857142855
0.6509444444444442 0.40862857142857123
0.535566666666667 0.7822571428571425
0.6017999999999998 0.7849999999999998
0.678722222222222 0.7685142857142856
0.7321444444444442 0.746542857142857
0.7898333333333332 0.7135714285714284
}
