version: 2
n_points: 55
{
0.7418090909090909 0.146766355140187
0.6092272727272726 0.0922476635514018
0.465290909090909 0.04357476635514013
0.29104545454545444 0.02799532710280367
0.15847272727272715 0.06499065420560755
0.05619999999999989 0.15455607476635508
0.04862727272727263 0.2519065420560748
0.07892727272727262 0.3570467289719627
0.12438181818181807 0.43882242990654213
0.1660454545454544 0.5225467289719625
0.2418090909090908 0.6218457943925233
0.2948363636363635 0.7016728971962618
0.3630181818181817 0.7581355140186915
0.4311999999999999 0.8165467289719626
0.4993818181818181 0.8691168224299065
0.6016545454545453 0.9119532710280375
0.7077181818181817 0.9547897196261682
0.7948363636363638 0.9781542056074766
0.8743818181818184 0.9742570093457943
0.9577181818181817 0.9606308411214953
0.7418090909090909 0.41350934579439247
0.7114999999999999 0.3375747663551401
0.6925636363636363 0.25774766355140194
0.5789272727272726 0.1993364485981309
0.465290909090909 0.15065887850467283
0.33271818181818175 0.13508411214953278
0.23044545454545445 0.14287383177570087
0.1660454545454544 0.1779205607476635
0.1433181818181817 0.25385514018691585
0.17362727272727263 0.32978971962616815
0.2190818181818181 0.3959859813084112
0.2380181818181817 0.4719205607476635
0.2721090909090908 0.5381214953271029
0.3289272727272726 0.5965327102803739
0.4198363636363635 0.6510514018691588
0.870590909090909 0.43103271028037377
0.809990909090909 0.46997663551401864
0.7721090909090907 0.5517523364485981
0.8137727272727272 0.6198971962616823
0.8251363636363636 0.6783084112149533
0.7228636363636363 0.6296308411214953
0.684990909090909 0.5712196261682242
0.5827181818181817 0.5653785046728971
0.5069545454545453 0.54396261682243
0.4539272727272726 0.501126168224299
0.4311999999999999 0.4602383177570093
0.42362727272727263 0.4154579439252337
0.4918090909090908 0.3804112149532711
0.5637727272727272 0.33952336448598136
0.6925636363636363 0.3200514018691588
0.24559090909090897 0.3823598130841121
0.2645363636363635 0.3239485981308411
0.28347272727272715 0.24606542056074773
0.32135454545454534 0.19544392523364482
0.3592272727272726 0.17402336448598124
}
