version: 2
n_points: 55
{
0.14074336283185837 0.5587910447761197
0.08764601769911501 0.43938805970149286
0.04782300884955749 0.3423731343283585
0.05667256637168138 0.20431343283582115
0.13631858407079642 0.11102985074626903
0.18545132743362822 0.07940298507462673
0.2595398230088496 0.07592537313432823
0.33157522123893796 0.09328358208955223
0.4036017699115044 0.11064179104477634
0.4776902654867258 0.14188059701492495
0.5435486725663716 0.1835373134328362
0.6094070796460177 0.23211940298507494
0.6670353982300885 0.2772537313432839
0.737008849557522 0.3362537313432835
0.7884601769911505 0.40220895522388034
0.8522566371681417 0.4612089552238807
0.9181150442477878 0.5445223880597015
0.9572123893805311 0.659059701492537
0.9572123893805311 0.8187313432835823
0.9016460176991152 0.9263283582089555
0.4344778761061947 0.5896417910447757
0.3480353982300885 0.558402985074627
0.24719469026548666 0.5028656716417912
0.1751592920353983 0.4091492537313435
0.13194690265486722 0.305014925373134
0.15663716814159281 0.19394029850746308
0.2245575221238938 0.12800000000000034
0.29658407079646026 0.13494029850746259
0.364504424778761 0.15576119402985045
0.4056637168141593 0.1974179104477608
0.4776902654867258 0.20783582089552255
0.5394336283185842 0.2425373134328358
0.5950000000000001 0.2911343283582085
0.6299911504424781 0.3258507462686566
0.6588053097345132 0.3917910447761195
0.46123008849557523 0.7250149253731346
0.5167964601769911 0.7215373134328361
0.5682477876106193 0.6937761194029851
0.6114690265486726 0.731955223880597
0.6690884955752214 0.777074626865672
0.6690884955752214 0.7076567164179106
0.6238141592920353 0.6174029850746267
0.6135221238938051 0.4716268656716416
0.5888318584070797 0.3883283582089547
0.5394336283185842 0.34319402985074676
0.4879823008849557 0.33279104477611976
0.44270796460177 0.34319402985074676
0.41389380530973463 0.3917910447761195
0.38507964601769923 0.4438656716417907
0.364504424778761 0.5167462686567166
0.44476106194690274 0.2251791044776118
0.36861946902654863 0.21823880597014944
0.3006991150442479 0.20783582089552255
0.24101769911504436 0.2112985074626863
0.18339823008849548 0.24947761194029816
}
