version: 2
n_points: 55
{
0.28966359447004597 0.08470691994572588
0.4542465437788019 0.03430936227951146
0.6418686635944699 0.007172320217096261
0.8031589861751149 0.030432835820895485
0.9348248847926266 0.11765807327001364
0.9874907834101381 0.20682360922659426
0.9874907834101381 0.28823473541384004
0.967741935483871 0.38709090909090915
0.9315345622119817 0.4510569877883312
0.905200460829493 0.5305291723202171
0.862410138248848 0.6196933514246946
0.7998686635944701 0.7088588873812756
0.7241612903225807 0.7844545454545455
0.6155368663594472 0.8522971506105835
0.5200783410138248 0.9065712347354139
0.4279124423963132 0.9434002713704207
0.309414746543779 0.9860434192672998
0.15799769585253431 0.9937978290366352
0.03950000000000009 0.949214382632293
0.009875576036866507 0.9046322930800542
0.34562211981566815 0.3657679782903662
0.37195622119815686 0.2591587516960651
0.3982880184331796 0.17580868385346002
0.4970368663594469 0.12347354138398914
0.618827188940092 0.10021302578018992
0.7373271889400922 0.11184396200814108
0.8262004608294928 0.15836363636363643
0.8492419354838707 0.25528222523744915
0.8327857142857145 0.3425088195386704
0.8097442396313366 0.423919945725916
0.7867027649769587 0.5111451831750339
0.7504930875576036 0.5886797829036634
0.6813686635944699 0.6700909090909091
0.5628709677419357 0.7437489823609227
0.5069124423963134 0.8270976933514246
0.2567488479262675 0.37545997286295785
0.32258064516129037 0.4491180461329715
0.2764976958525346 0.5615427408412482
0.1810391705069122 0.5848032564450475
0.12837327188940084 0.6700909090909091
0.21066589861751173 0.6933514246947082
0.2995391705069125 0.6836594301221166
0.4377880184331797 0.6429538670284939
0.5694539170506914 0.5944952510176391
0.6122442396313363 0.5324681139755768
0.5892027649769584 0.4491180461329715
0.5398294930875578 0.38902849389416544
0.4707050691244241 0.33863093622795104
0.4344953917050689 0.3192483039348712
0.37853917050691255 0.3153717774762552
0.6846612903225807 0.6138792401628224
0.7472027649769586 0.4084124830393487
0.7801175115207372 0.29986431478968795
0.7702442396313365 0.19713161465400264
0.7044101382488478 0.13122659430122124
}
