version: 2
n_points: 55
{
0.1684634831460673 0.3846337209302324
0.09730337078651681 0.5086627906976744
0.03363202247190999 0.6714534883720931
0.016778089887640325 0.7954883720930234
0.04112359550561794 0.8962616279069766
0.08606741573033704 0.9427732558139534
0.17408146067415717 0.9699069767441861
0.254606741573034 0.9621511627906977
0.3482387640449437 0.9311453488372092
0.42501966292134835 0.8497499999999999
0.4868174157303371 0.8226162790697675
0.5523595505617981 0.8032383720930232
0.644120786516854 0.7644767441860465
0.7471151685393257 0.7102151162790697
0.8519859550561798 0.5939360465116278
0.9081657303370787 0.48928488372093015
0.9512359550561801 0.39238372093023266
0.9811994382022472 0.27223255813953495
0.9868174157303371 0.1326976744186047
0.9811994382022472 0.028046511627907056
0.43063764044943825 0.2993604651162791
0.3164044943820227 0.419517441860465
0.23213483146067443 0.5280465116279071
0.17595505617977555 0.6443255813953489
0.12539325842696625 0.7761046511627907
0.14599157303370774 0.8691279069767442
0.21715449438202253 0.8807558139534885
0.29205898876404485 0.8652558139534885
0.3519859550561798 0.8303720930232559
0.41752808988764073 0.791610465116279
0.46808988764044973 0.791610465116279
0.5223960674157302 0.7877325581395349
0.5823230337078652 0.7412209302325582
0.644120786516854 0.6947093023255815
0.6965533707865167 0.5939360465116278
0.4859353932584268 0.3153197674418605
0.5156769662921346 0.3597790697674419
0.5966432584269662 0.3426802325581394
0.6577780898876407 0.27086046511627915
0.74039606741573 0.20588372093023244
0.7205674157303369 0.25376162790697665
0.6627359550561797 0.29138372093023257
0.6495168539325844 0.41108139534883736
0.6015983146067418 0.5410406976744188
0.5338539325842694 0.636796511627907
0.48428370786516844 0.6607383720930232
0.4330589887640452 0.6299593023255814
0.4049691011235958 0.5581395348837209
0.38348876404494364 0.4692209302325583
0.36366292134831446 0.4008197674418603
0.3967078651685395 0.780436046511628
0.3388764044943823 0.7530755813953488
0.28104494382022444 0.7393953488372093
0.23147471910112352 0.722296511627907
0.1785983146067413 0.7051976744186046
}
