version: 2
n_points: 55
{
0.8552134831460675 0.15074829931972805
0.7066067415730337 0.08929931972789122
0.5326292134831461 0.04980272108843555
0.35140449438202254 0.03663945578231309
0.20279775280898885 0.07393877551020428
0.11943820224719096 0.15074829931972805
0.06506741573033704 0.24291156462585053
0.061449438202247124 0.3504421768707482
0.10493258426966291 0.45576870748299314
0.18105617977528093 0.5545238095238094
0.2317977528089887 0.6444897959183674
0.28978651685393253 0.7322721088435374
0.40577528089887643 0.8068775510204081
0.48550561797752817 0.8551564625850342
0.5906179775280899 0.8990476190476192
0.673988764044944 0.9561020408163267
0.7356067415730336 0.9648775510204081
0.8370898876404494 0.9714625850340136
0.920449438202247 0.958292517006803
0.9494494382022473 0.9385442176870749
0.7211011235955056 0.42724489795918374
0.7428539325842697 0.36140816326530617
0.7174831460674157 0.29338095238095246
0.6848539325842696 0.22974829931972807
0.5761235955056181 0.17927210884353748
0.46013483146067413 0.1441632653061225
0.33328089887640455 0.13757823129251692
0.24267415730337094 0.15952380952380946
0.1883033707865167 0.23193877551020425
0.1774269662921348 0.29338095238095246
0.1883033707865167 0.35921768707483
0.24267415730337094 0.4360204081632655
0.26078651685393267 0.5040476190476192
0.3187865168539327 0.5830476190476193
0.4093932584269664 0.6554625850340137
0.8044719101123597 0.47552380952380946
0.7972134831460674 0.5391632653061225
0.8153370786516854 0.5918231292517007
0.8769550561797753 0.6335170068027212
0.8842022471910111 0.6796054421768707
0.8189662921348315 0.6774081632653062
0.7138539325842695 0.631326530612245
0.6196179775280898 0.6357142857142857
0.5108876404494381 0.6093809523809525
0.4347640449438201 0.5632993197278912
0.4021460674157303 0.49527210884353745
0.4021460674157303 0.4162721088435375
0.48550561797752817 0.3877414965986394
0.587 0.36140816326530617
0.7066067415730337 0.3219115646258505
0.2825393258426965 0.42943537414965993
0.27891011235955065 0.3416598639455782
0.30428089887640436 0.2692448979591837
0.3586516853932583 0.21657823129251694
0.4166404494382021 0.17488435374149677
}
