version: 2
n_points: 55
{
0.5467032967032966 0.1760194174757281
0.4337582417582415 0.11399029126213578
0.320813186813187 0.04926213592233022
0.17124175824175822 0.05196116504854345
0.08578021978021991 0.13826213592232994
0.058307692307692435 0.2677087378640778
0.07051648351648353 0.3755825242718447
0.11629670329670327 0.4888543689320386
0.17124175824175822 0.550883495145631
0.21703296703296704 0.6506699029126214
0.26282417582417583 0.7288737864077671
0.320813186813187 0.7989902912621358
0.3910219780219783 0.8448446601941748
0.49175824175824173 0.8852912621359224
0.5833296703296706 0.9095631067961165
0.665747252747253 0.9284466019417476
0.7329010989010991 0.9365339805825245
0.8031098901098904 0.9392330097087377
0.8763736263736264 0.9446213592233009
0.9526813186813189 0.9527184466019417
0.5772307692307694 0.456495145631068
0.5405934065934068 0.3594077669902913
0.49786813186813167 0.2596213592233008
0.394076923076923 0.1787087378640775
0.28113186813186813 0.1571359223300971
0.1620879120879121 0.1760194174757281
0.1101978021978021 0.2596213592233008
0.11325274725274738 0.34861165048543674
0.15903296703296713 0.44031067961165027
0.1987142857142857 0.5131262135922328
0.21703296703296704 0.5724563106796119
0.2445054945054945 0.6317864077669905
0.2963956043956045 0.6911165048543689
0.37271428571428544 0.7396601941747573
0.47343956043956076 0.8043883495145628
0.6871208791208794 0.4349126213592232
0.6840659340659341 0.5104271844660195
0.7054285714285716 0.5940291262135923
0.7512197802197801 0.6317864077669905
0.7481648351648355 0.6938155339805827
0.6504835164835167 0.6884174757281551
0.5650219780219777 0.6371844660194175
0.4520769230769232 0.6560582524271846
0.3513406593406591 0.6506699029126214
0.28113186813186813 0.5859417475728153
0.26892307692307704 0.49964077669902934
0.3086043956043959 0.4456990291262134
0.3910219780219783 0.4187378640776699
0.4642857142857143 0.38906796116504866
0.5131208791208793 0.3620970873786407
0.21397802197802207 0.4699708737864076
0.21397802197802207 0.39446601941747567
0.20176923076923067 0.32973786407767014
0.17735164835164846 0.2542233009708738
0.1834505494505493 0.20567961165048546
}
