version: 2
n_points: 55
{
0.8082191780821918 0.591304347826087
0.8904109589041096 0.4956521739130435
0.9527488584474888 0.3894173913043477
0.9745890410958902 0.25708695652173913
0.942821917808219 0.13988695652173905
0.8753242009132421 0.06805217391304343
0.8078219178082192 0.04536521739130446
0.7065707762557079 0.06426956521739123
0.5993652968036528 0.0756173913043478
0.4921598173515982 0.11341739130434789
0.40877625570776277 0.14366956521739124
0.323406392694064 0.17013043478260867
0.24796347031963462 0.23062608695652168
0.19237442922374426 0.33270434782608693
0.12487671232876696 0.4650260869565218
0.06333333333333335 0.5671043478260871
0.027593607305936074 0.7183391304347825
0.019652968036529606 0.8657826086956522
0.043479452054794754 0.9338347826086958
0.09112785388127853 0.9640869565217391
0.6033333333333333 0.6465043478260871
0.672821917808219 0.5595478260869566
0.7542191780821916 0.5141739130434783
0.8276757990867578 0.42721739130434777
0.8673835616438356 0.30623478260869574
0.8852511415525114 0.2079391304347827
0.8376027397260272 0.09073913043478263
0.7681141552511415 0.10586086956521745
0.7026027397260275 0.12476521739130446
0.6331141552511417 0.1474521739130434
0.5596575342465756 0.1474521739130434
0.4802465753424656 0.15122608695652165
0.3849497716894976 0.15879130434782604
0.31943835616438354 0.2381826086956521
0.28767123287671237 0.38185217391304355
0.5795114155251142 0.710773913043478
0.5199543378995434 0.6313826086956522
0.4385525114155251 0.6238173913043479
0.37502283105022827 0.7372434782608697
0.29958447488584494 0.8090695652173914
0.3015662100456621 0.6767478260869565
0.3789954337899544 0.5557652173913045
0.36510045662100454 0.40075652173913034
0.36510045662100454 0.2873304347826087
0.4008356164383562 0.23062608695652168
0.4703196347031964 0.22684347826086948
0.5378219178082193 0.2381826086956521
0.5953926940639267 0.2948956521739131
0.623187214611872 0.41966086956521736
0.6509817351598176 0.5104
0.581497716894977 0.16634782608695647
0.6489954337899544 0.18147826086956526
0.7125251141552511 0.23440869565217387
0.7840000000000001 0.2797739130434783
0.8356164383561644 0.3137999999999999
}
