version: 2
n_points: 55
{
0.40487719298245617 0.16137931034482783
0.5350350877192984 0.1205977011494255
0.6369122807017544 0.08722988505747124
0.7387719298245616 0.0649770114942531
0.8066842105263157 0.11318390804597678
0.8745964912280703 0.17250574712643657
0.8972280701754385 0.23925287356321837
0.8972280701754385 0.3171149425287356
0.8859122807017547 0.417229885057471
0.857614035087719 0.5173333333333331
0.7557543859649123 0.5544137931034481
0.6199298245614038 0.6100344827586205
0.5463508771929824 0.6841839080459771
0.4444912280701757 0.7509310344827588
0.3709122807017543 0.8102528735632186
0.35959649122807047 0.8769999999999998
0.2803684210526315 0.9326091954022988
0.18982456140350867 0.9474482758620689
0.13322807017543847 0.9251954022988508
0.08229824561403465 0.9066551724137933
0.35959649122807047 0.33565517241379306
0.47278947368421076 0.24666666666666642
0.5407017543859648 0.20217241379310344
0.6369122807017544 0.16137931034482783
0.7500877192982456 0.15767816091954043
0.801017543859649 0.21700000000000022
0.8349824561403507 0.2911609195402301
0.8180000000000001 0.36902298850574733
0.7783859649122806 0.45801149425287335
0.7104736842105266 0.5210459770114945
0.6369122807017544 0.5544137931034481
0.5520175438596492 0.5989080459770117
0.5010877192982458 0.6508160919540228
0.4444912280701757 0.7064367816091952
0.35959649122807047 0.7435172413793101
0.33129824561403487 0.40610344827586226
0.34261403508771926 0.45059770114942527
0.34261403508771926 0.4950919540229883
0.26338596491228083 0.5284597701149425
0.23508771929824568 0.5914942528735629
0.21245614035087745 0.6434022988505746
0.30866666666666653 0.639689655172414
0.3765789473684211 0.6730689655172416
0.4331754385964913 0.6248620689655172
0.46147368421052637 0.5655402298850575
0.46712280701754394 0.5173333333333331
0.46147368421052637 0.46913793103448276
0.45014035087719273 0.4320574712643678
0.4218421052631577 0.40239080459770094
0.3935614035087718 0.365310344827586
0.5746491228070174 0.5321724137931032
0.5803157894736843 0.45429885057471264
0.6255789473684208 0.38014942528735607
0.6538771929824558 0.3171149425287356
0.6934912280701754 0.2540804597701152
}
