version: 2
n_points: 55
{
0.888386292834891 0.6934395604395606
0.9323676012461058 0.551230769230769
0.9616884735202492 0.4381043956043957
0.9836791277258566 0.28296703296703296
0.956190031152648 0.15045054945054917
0.901214953271028 0.07288461538461531
0.8260809968847352 0.034098901098901194
0.7417850467289722 0.02763186813186811
0.6611557632398753 0.053489010989011064
0.5750280373831774 0.09874175824175827
0.505392523364486 0.16337912087912096
0.419264797507788 0.286197802197802
0.3313052959501559 0.373467032967033
0.2708317757009343 0.43487362637362664
0.18103738317757023 0.5286043956043956
0.11873208722741446 0.5997087912087915
0.07108722741433005 0.6902087912087915
0.036271028037383246 0.7742417582417584
0.014280373831775939 0.9002912087912085
0.0509314641744546 0.9778626373626373
0.5768598130841123 0.7968626373626373
0.6758161993769471 0.7128296703296704
0.7582803738317757 0.6126373626373627
0.8077570093457943 0.49628571428571405
0.8609003115264799 0.35407142857142876
0.8828909657320873 0.25710989010989
0.8609003115264799 0.14075824175824203
0.8040903426791279 0.10520329670329696
0.7344579439252336 0.10843406593406602
0.6423489096573207 0.1759670329670327
0.5324953271028039 0.25982967032967025
0.4701900311526481 0.33212637362637365
0.4242803738317755 0.404423076923077
0.3455794392523366 0.47960989010989
0.3144267912772587 0.5548021978021981
0.5079003115264795 0.8873626373626373
0.47510903426791273 0.8324175824175825
0.4308380062305295 0.8324175824175825
0.35705607476635515 0.8931483516483516
0.312785046728972 0.890252747252747
0.32590342679127726 0.8410934065934064
0.37509034267912766 0.815065934065934
0.3832897196261681 0.7312032967032964
0.39148909657320874 0.638664835164835
0.38657009345794413 0.5605824175824173
0.44559501557632386 0.47382967032967016
0.5226573208722742 0.45069230769230745
0.5816822429906543 0.49696153846153845
0.6128348909657322 0.5779340659340657
0.6439875389408101 0.684934065934066
0.47510903426791273 0.37839560439560466
0.5439719626168225 0.35526373626373636
0.6374299065420561 0.35237362637362607
0.7030155763239876 0.38418131868131894
0.7538411214953269 0.44201648351648354
}
