version: 2
n_points: 55
{
0.2169576059850374 0.7619047619047619
0.1172069825436409 0.6296296296296297
0.05486284289276808 0.47089947089947093
0.012468827930174564 0.28042328042328046
0.03740648379052369 0.1428571428571428
0.09975062344139651 0.04761904761904767
0.1596009975062344 0.02645502645502651
0.23690773067331672 0.03703703703703698
0.33665835411471323 0.05291005291005291
0.4139650872817955 0.10052910052910047
0.49625935162094764 0.14814814814814814
0.5760598503740648 0.1957671957671958
0.6483790523690773 0.2328042328042328
0.7456359102244389 0.2751322751322751
0.8254364089775561 0.3544973544973544
0.9052369077306733 0.455026455026455
0.9675810473815462 0.582010582010582
0.9875311720698254 0.7354497354497355
0.9825436408977556 0.8571428571428571
0.9501246882793017 0.9735449735449735
0.44325685785536156 0.7114708994708993
0.3559750623441396 0.6472222222222225
0.2829426433915213 0.5527407407407405
0.1885361596009974 0.46203703703703725
0.13688029925187034 0.35621693121693143
0.10659850374064833 0.22772486772486755
0.13153615960099746 0.13702116402116427
0.20278553615960102 0.1143439153439153
0.29006733167082294 0.12946031746031728
0.3773491271820449 0.15969841269841267
0.4664139650872819 0.22394179894179922
0.5483516209476309 0.22016402116402112
0.6267256857855362 0.21260846560846558
0.6979775561097254 0.3033068783068785
0.7442892768079802 0.3864550264550263
0.49055860349127195 0.7270105820105819
0.5293516209476309 0.682915343915344
0.5681421446384041 0.6652804232804236
0.613862842892768 0.7005555555555554
0.6512693266832917 0.7064338624338622
0.641571072319202 0.6594021164021161
0.600007481296758 0.6241269841269843
0.6180174563591023 0.4977301587301588
0.6277157107231922 0.42718518518518556
0.613862842892768 0.3243068783068782
0.5653715710723194 0.30373015873015863
0.5057980049875312 0.34782010582010614
0.44206982543640894 0.4213068783068781
0.39496508728179547 0.5006719576719574
0.3658703241895263 0.6006137566137564
0.4309850374064839 0.23317989417989438
0.3741845386533666 0.2566984126984124
0.30214214463840394 0.28315343915343893
0.24197506234413974 0.30141798941798914
0.17428678304239403 0.3165343915343918
}
