version: 2
n_points: 55
{
0.2240382775119618 0.9582551020408162
0.109622009569378 0.8074183673469383
0.047210526315789564 0.6743163265306119
0.024330143540669757 0.4702346938775508
0.061775119617224886 0.26615306122448956
0.14498564593301447 0.1685510204081635
0.2406794258373207 0.09756122448979632
0.34885645933014353 0.053204081632653666
0.4154258373205742 0.06207142857142822
0.49655502392344486 0.11087755102040797
0.5714449760765551 0.1419285714285714
0.6525789473684211 0.13306122448979552
0.7149856459330144 0.18629591836734638
0.7961196172248804 0.2794591836734688
0.8522870813397129 0.36819387755102007
0.914622009569378 0.45446938775510215
0.9658851674641149 0.5783775510204086
0.9761387559808611 0.7132142857142856
0.9675980861244019 0.8079693877551024
0.9505071770334929 0.8917857142857141
0.4515311004784689 0.7460204081632654
0.3575502392344498 0.7241530612244896
0.21913397129186593 0.6731326530612244
0.12856459330143544 0.6767755102040812
0.09610047846889942 0.611173469387755
0.10635406698564598 0.5237142857142852
0.1388181818181817 0.3378571428571431
0.2003349282296651 0.2503877551020409
0.2652727272727273 0.1847959183673471
0.3284976076555024 0.15563265306122398
0.4036842105263158 0.15198979591836714
0.4652057416267943 0.1629285714285713
0.5403923444976076 0.1702142857142861
0.6002009569377991 0.19936734693877556
0.6805167464114833 0.2248775510204083
0.4378612440191386 0.9063673469387751
0.5147607655502391 0.8043265306122445
0.630956937799043 0.7496632653061223
0.6805167464114833 0.8116122448979592
0.714688995215311 0.8298367346938771
0.7164019138755982 0.7350816326530614
0.6463397129186602 0.684061224489796
0.6258325358851674 0.5820204081632654
0.6070334928229665 0.4435408163265304
0.5489377990430623 0.3706530612244894
0.49083732057416257 0.3159897959183672
0.4110909090909091 0.29381632653061207
0.40710526315789464 0.4213673469387753
0.3971339712918659 0.5361632653061222
0.36523923444976064 0.6807244897959185
0.3034354066985646 0.2427959183673467
0.24562200956937788 0.26830612244897933
0.2037559808612439 0.3023163265306117
0.16587559808612443 0.35759183673469375
0.14195215311004789 0.3958571428571427
}
