version: 2
n_points: 55
{
0.8466491228070174 0.1513424657534247
0.9207251461988304 0.27463013698630134
0.9636081871345028 0.41161643835616446
0.9655555555555556 0.6170958904109589
0.9285204678362572 0.7677808219178083
0.8719883040935673 0.8773698630136987
0.7920701754385966 0.9001917808219178
0.7023976608187135 0.9184657534246575
0.6107836257309942 0.9230273972602739
0.5172163742690059 0.9275890410958904
0.452888888888889 0.9275890410958904
0.38466081871345026 0.9047671232876713
0.32033333333333325 0.8819315068493151
0.25210526315789483 0.8088767123287671
0.18973099415204686 0.712986301369863
0.13319883040935665 0.6216575342465753
0.06692397660818727 0.5257671232876713
0.024035087719298298 0.4024794520547945
0.037684210526315876 0.24265753424657532
0.0571754385964911 0.14676712328767116
0.5834912280701754 0.07827397260273972
0.6731578947368422 0.11936986301369856
0.7628304093567253 0.22439726027397255
0.8349532163742689 0.3157260273972603
0.8895321637426902 0.4298767123287671
0.9207251461988304 0.5942602739726027
0.9051286549707601 0.7403835616438357
0.8485964912280702 0.8225753424657535
0.770625730994152 0.8362739726027397
0.6965497076023393 0.8408356164383561
0.6010350877192981 0.8362739726027397
0.5347602339181288 0.8636712328767123
0.43534502923976615 0.8545342465753425
0.3612690058479532 0.7769041095890411
0.300842105263158 0.6262191780821917
0.49382456140350883 0.06457534246575336
0.42169590643274857 0.16046575342465752
0.34762573099415217 0.2335342465753425
0.2969415204678362 0.21983561643835614
0.250157894736842 0.2563561643835617
0.2949941520467837 0.36138356164383567
0.3749122807017544 0.46641095890410966
0.37101754385964925 0.6170958904109589
0.41584795321637436 0.7175479452054794
0.49382456140350883 0.7495068493150685
0.5561988304093568 0.712986301369863
0.5990877192982458 0.6399178082191781
0.6107836257309942 0.5531643835616438
0.6224795321637429 0.4161780821917809
0.6244269005847952 0.22439726027397255
0.6302748538011695 0.7951780821917809
0.6809590643274854 0.7403835616438357
0.7316374269005849 0.6536164383561643
0.756982456140351 0.5531643835616438
0.8057134502923976 0.5166301369863013
}
