version: 2
n_points: 55
{
0.7967709497206705 0.8996632653061227
0.8719720670391062 0.7191224489795923
0.9471787709497208 0.5660612244897963
0.9665139664804467 0.38160204081632704
0.9256927374301677 0.20500000000000032
0.8547821229050278 0.10687755102040863
0.7580949720670391 0.059785714285714664
0.6528100558659218 0.07156122448979627
0.5754525139664803 0.1029591836734697
0.4723184357541901 0.1422040816326534
0.36488268156424597 0.17360204081632688
0.27034078212290513 0.21677551020408192
0.20802793296089395 0.27564285714285747
0.15431284916201127 0.35413265306122493
0.1027430167597766 0.4365510204081637
0.05332402234636879 0.5621428571428575
0.027536312849161915 0.6955816326530615
0.03613407821229064 0.8329387755102046
0.08125698324022357 0.9271326530612248
0.14356983240223475 0.9585306122448983
0.5711564245810057 0.7701428571428576
0.6399162011173185 0.7466020408163269
0.7430502793296088 0.6798775510204086
0.8268491620111731 0.621010204081633
0.8676759776536314 0.5385918367346942
0.8848659217877096 0.42477551020408205
0.8676759776536314 0.2638673469387759
0.7946201117318437 0.1775204081632658
0.7065251396648046 0.16967346938775554
0.6205754189944135 0.17360204081632688
0.5367765363128494 0.18144897959183715
0.45083240223463694 0.21284693877551059
0.3562905027932961 0.25993877551020456
0.28968156424581015 0.3423571428571433
0.26604469273743026 0.4365510204081637
0.5561173184357543 0.8015408163265311
0.5002513966480449 0.7780000000000002
0.3992625698324024 0.8290204081632656
0.3605865921787711 0.8761122448979596
0.28968156424581015 0.89180612244898
0.3111675977653632 0.7544489795918371
0.3627318435754189 0.6445612244897962
0.3949664804469274 0.5189693877551024
0.4293463687150838 0.3894591836734697
0.4830614525139666 0.31881632653061254
0.564709497206704 0.30704081632653096
0.6162793296089386 0.35413265306122493
0.6356201117318436 0.440479591836735
0.6528100558659218 0.5464387755102046
0.6614022346368716 0.6720306122448984
0.5625642458100559 0.22069387755102085
0.6399162011173185 0.23246938775510245
0.7065251396648046 0.27564285714285747
0.7795810055865923 0.350214285714286
0.8375921787709496 0.40515306122449024
}
