version: 2
n_points: 55
{
0.12949640287769784 0.159633116883117
0.045413669064748204 0.31344805194805203
0.01618705035971223 0.532603896103896
0.009442446043165468 0.6949415584415584
0.052158273381294966 0.8613376623376623
0.11735611510791367 0.9384480519480518
0.20953237410071943 0.983090909090909
0.335431654676259 0.9668571428571427
0.420863309352518 0.9181558441558441
0.5287769784172662 0.845103896103896
0.6029676258992805 0.8004610389610389
0.7243705035971223 0.7030584415584415
0.8277877697841727 0.56912987012987
0.8682553956834532 0.47578571428571415
0.9154676258992805 0.3662077922077923
0.9536870503597122 0.2890974025974027
0.9739208633093526 0.240396103896104
0.9784172661870504 0.1470519480519481
0.9784172661870504 0.09835064935064941
0.9919064748201439 0.013123376623376704
0.364658273381295 0.25257142857142867
0.2702338129496403 0.30533116883116895
0.19154676258992806 0.3702662337662339
0.13534172661870503 0.42302597402597397
0.10836330935251799 0.5650714285714284
0.09262589928057553 0.670590909090909
0.10161870503597123 0.7842272727272727
0.1533273381294964 0.8491623376623376
0.2275179856115108 0.8856883116883116
0.2972122302158273 0.8694545454545454
0.37140287769784175 0.8248116883116883
0.4658273381294964 0.7801688311688311
0.5490107913669064 0.7314675324675324
0.6142086330935251 0.6543571428571427
0.6434352517985612 0.6300064935064934
0.4096223021582734 0.17546103896103904
0.4545863309352518 0.240396103896104
0.533273381294964 0.2809805194805196
0.6007194244604317 0.22822077922077932
0.6366906474820144 0.19981168831168838
0.6299460431654677 0.2728636363636364
0.5894784172661871 0.34591558441558456
0.5692446043165468 0.4514350649350648
0.5512589928057554 0.5285454545454544
0.4973021582733813 0.5285454545454544
0.42985611510791366 0.5082532467532467
0.38489208633093525 0.46766883116883107
0.3511690647482014 0.4433181818181817
0.3129496402877698 0.4027337662337661
0.28821942446043164 0.30127272727272736
0.4523381294964029 0.772051948051948
0.37365107913669066 0.7679935064935064
0.27473021582733814 0.7477012987012985
0.20953237410071943 0.6989999999999998
0.1533273381294964 0.6787077922077921
}
