version: 2
n_points: 55
{
0.6340672268907563 0.1473575418994414
0.5325294117647057 0.08683798882681555
0.41698319327731076 0.03795530726256974
0.28042857142857125 0.028642458100558713
0.15788235294117656 0.07519553072625687
0.09485714285714295 0.14968715083798873
0.05633613445378158 0.23813966480446933
0.04233613445378161 0.340558659217877
0.05633613445378158 0.42203351955307256
0.10536134453781522 0.5058324022346368
0.15788235294117656 0.5710055865921789
0.2104033613445379 0.6385139664804468
0.26642016806722696 0.70136312849162
0.3189411764705883 0.7805027932960896
0.41698319327731076 0.8410279329608937
0.4975126050420169 0.8992178770949723
0.6060588235294116 0.9597430167597765
0.7391092436974791 0.9760335195530728
0.8721680672268909 0.9643966480446925
0.9596974789915967 0.8852513966480449
0.5990588235294119 0.4499664804469273
0.5850504201680671 0.35452513966480464
0.543033613445378 0.2567597765363127
0.4765042016806723 0.17529050279329614
0.39947899159663874 0.11942458100558664
0.25942016806722673 0.11244134078212296
0.15788235294117656 0.1589944134078211
0.09135294117647043 0.24512290502793302
0.08784873949579838 0.3312513966480446
0.10536134453781522 0.4034078212290505
0.14387394957983177 0.4662569832402237
0.18939495798319336 0.5221229050279331
0.24891596638655447 0.5919553072625701
0.3154453781512606 0.664117318435754
0.39947899159663874 0.7223128491620111
0.7251092436974791 0.3894413407821231
0.7181008403361345 0.4476368715083796
0.7146050420168069 0.5616983240223463
0.7636218487394957 0.6292011173184355
0.8021344537815127 0.6873966480446927
0.7005966386554621 0.6734301675977653
0.6025546218487395 0.6245474860335195
0.49401680672268916 0.6454972067039105
0.42048739495798326 0.6478212290502795
0.36446218487394944 0.6105810055865921
0.31194117647058806 0.5384189944134076
0.30843697478991605 0.480223463687151
0.3924705882352942 0.42203351955307256
0.48000840336134437 0.3754748603351957
0.5500336134453783 0.3312513966480446
0.23141176470588246 0.5267821229050278
0.19639495798319312 0.4290167597765362
0.20689915966386538 0.33590502793296095
0.21740336134453767 0.24046927374301666
0.269924369747899 0.15201117318435742
}
