version: 2
n_points: 55
{
0.09995582329317274 0.3917643678160919
0.04417670682730924 0.5354425287356321
0.02186345381526111 0.6471896551724137
0.02632931726907624 0.7940632183908046
0.07764257028112438 0.8802701149425287
0.1557349397590362 0.9441264367816091
0.2672931726907632 0.9664770114942529
0.36769477911646603 0.947316091954023
0.45693975903614464 0.9058103448275862
0.5417228915662651 0.7972528735632185
0.599730923694779 0.7333965517241379
0.6666666666666666 0.6663448275862068
0.7291405622489961 0.596103448275862
0.8027670682730924 0.5035114942528736
0.8719317269076304 0.4268850574712644
0.9254779116465862 0.35344827586206895
0.9477911646586346 0.27682183908045976
0.9790281124497993 0.19380459770114933
0.9812570281124496 0.09163218390804606
0.9544859437751005 0.02777586206896565
0.42346987951807213 0.3502528735632183
0.3431485943775099 0.3949540229885058
0.24497991967871485 0.4683908045977011
0.15796385542168662 0.538632183908046
0.11334136546184731 0.5833333333333333
0.09549397590361454 0.6759252873563217
0.1155742971887551 0.7589425287356323
0.20481927710843373 0.8196034482758621
0.31414457831325293 0.8515344827586206
0.3922369477911648 0.8323735632183908
0.4480160642570283 0.7653275862068966
0.5127188755020081 0.7270114942528736
0.5841124497991966 0.6663448275862068
0.6555100401606425 0.5897183908045976
0.7135220883534138 0.4907413793103449
0.47702008032128523 0.33748275862068966
0.5528795180722893 0.3406781609195402
0.6086586345381527 0.29917241379310355
0.6755903614457831 0.2225402298850574
0.6398915662650602 0.28320689655172404
0.6287389558232933 0.3470632183908047
0.6153493975903613 0.3949540229885058
0.6175823293172692 0.4779712643678161
0.5618032128514057 0.5322471264367816
0.5171807228915664 0.5577931034482759
0.47255823293172705 0.5482126436781609
0.42346987951807213 0.5226666666666666
0.3766184738955824 0.4747758620689655
0.35430522088353406 0.4428505747126438
0.33645783132530127 0.41730459770114936
0.39892771084337336 0.7685172413793104
0.3386867469879517 0.7685172413793104
0.285140562248996 0.7557471264367817
0.2248995983935743 0.7397816091954024
0.16242570281124483 0.7238160919540229
}
