version: 2
n_points: 55
{
0.8030232558139534 0.9481927710843379
0.8960465116279068 0.871084337349397
0.9406976744186046 0.7891566265060241
0.9723255813953489 0.6204819277108434
0.951860465116279 0.4228915662650605
0.8960465116279068 0.30240963855421715
0.8346511627906978 0.2012048192771083
0.734186046511628 0.13855421686746988
0.6244186046511628 0.1048192771084336
0.5276744186046514 0.07590361445783146
0.46069767441860443 0.06144578313253039
0.40674418604651186 0.06626506024096386
0.35651162790697666 0.10963855421686775
0.306279069767442 0.14819277108433748
0.26534883720930214 0.18674698795180722
0.22069767441860488 0.22530120481927698
0.18162790697674402 0.26867469879518086
0.12395348837209297 0.3120481927710841
0.08116279069767462 0.3746987951807232
0.021627906976744105 0.47108433734939786
0.6002325581395347 0.7746987951807224
0.6765116279069769 0.7554216867469885
0.7583720930232556 0.6638554216867473
0.8420930232558137 0.6012048192771081
0.8699999999999998 0.5192771084337352
0.8402325581395348 0.40843373493975876
0.7825581395348837 0.33614457831325273
0.7323255813953491 0.2638554216867467
0.648604651162791 0.23493975903614459
0.5834883720930235 0.2012048192771083
0.5165116279069766 0.15783132530120508
0.4569767441860465 0.15783132530120508
0.4123255813953487 0.18674698795180722
0.35837209302325557 0.2542168674698798
0.30999999999999994 0.3506024096385545
0.4420930232558138 0.7457831325301202
0.38441860465116273 0.6783132530120484
0.32302325581395375 0.6734939759036142
0.2690697674418606 0.7361445783132533
0.2523255813953489 0.7072289156626504
0.3137209302325583 0.6397590361445786
0.36395348837209307 0.6493975903614455
0.38441860465116273 0.5674698795180726
0.4197674418604651 0.43734939759036157
0.4625581395348839 0.41807228915662636
0.5202325581395351 0.4759036144578313
0.551860465116279 0.5385542168674697
0.5853488372093024 0.5867469879518071
0.6169767441860464 0.6445783132530121
0.6318604651162791 0.7168674698795181
0.6523255813953488 0.2638554216867467
0.6839534883720928 0.3216867469879517
0.7286046511627906 0.39879518072289183
0.7732558139534884 0.49518072289156656
0.821627906976744 0.5481927710843374
}
