version: 2
n_points: 55
{
0.8255135802469136 0.35924999999999985
0.9222222222222223 0.5777439024390244
0.9860074074074073 0.6996951219512195
0.9798345679012345 0.7911585365853658
0.9263382716049383 0.8826219512195121
0.8719580246913581 0.9316219512195122
0.797883950617284 0.9446890243902437
0.707935802469136 0.962109756097561
0.6356271604938271 0.9577500000000002
0.5650790123456789 0.9577500000000002
0.4980592592592594 0.9664634146341463
0.4380962962962962 0.962109756097561
0.35520246913580245 0.9316219512195122
0.274074074074074 0.8793536585365853
0.19118271604938297 0.7661158536585364
0.11887160493827165 0.7182073170731708
0.0659604938271604 0.5875426829268294
0.03774320987654334 0.45252439024390245
0.011286419753086196 0.260890243902439
0.028923456790123314 0.030054878048780376
0.5227506172839508 0.3000853658536585
0.6091703703703706 0.3479939024390245
0.7114641975308642 0.39590853658536573
0.759083950617284 0.448170731707317
0.8243382716049382 0.6180304878048782
0.8578493827160494 0.7269146341463415
0.854320987654321 0.8706463414634147
0.7925925925925926 0.8924207317073173
0.7149901234567901 0.8967743902439026
0.655027160493827 0.8662865853658538
0.5968246913580249 0.8662865853658538
0.5121703703703704 0.8967743902439026
0.4398592592592593 0.8924207317073173
0.3569654320987655 0.8140243902439024
0.2758370370370372 0.7138475609756099
0.4751333333333333 0.2042682926829268
0.4292765432098765 0.287018292682927
0.37283950617283945 0.3436402439024392
0.31816543209876536 0.3000853658536585
0.2529111111111111 0.2565304878048782
0.30581975308641973 0.374128048780488
0.33756543209876555 0.4351036585365855
0.34109382716049386 0.5135000000000001
0.36931111111111115 0.6223841463414636
0.42398518518518535 0.7182073170731708
0.4857135802469137 0.6790060975609757
0.524516049382716 0.6398109756097559
0.5615530864197531 0.5744756097560976
0.5844790123456791 0.49172560975609736
0.602116049382716 0.39154878048780484
0.5756617283950618 0.8532256097560974
0.6250444444444445 0.787890243902439
0.6832444444444445 0.7051402439024388
0.7326271604938273 0.6441646341463413
0.7925925925925926 0.6310975609756098
}
