version: 2
n_points: 55
{
0.21064516129032262 0.2749104477611938
0.13620161290322588 0.3667611940298504
0.0834758064516129 0.4815671641791043
0.04625000000000011 0.6710149253731348
0.08356451612903244 0.8005223880597013
0.15687903225806432 0.8638358208955226
0.2497419354838711 0.9045373134328356
0.3303870967741937 0.9135970149253734
0.41836290322580655 0.8774029850746269
0.4770161290322579 0.8186119402985071
0.5503306451612902 0.8186119402985071
0.6236451612903225 0.7959999999999999
0.6994032258064516 0.7643432835820898
0.7556129032258067 0.7236268656716418
0.8362580645161293 0.6603134328358207
0.8973467741935485 0.5743731343283582
0.9413387096774194 0.4522537313432834
0.9608870967741934 0.2939552238805969
0.9291209677419355 0.16732835820895542
0.8900161290322582 0.06329850746268639
0.3768225806451613 0.284910447761194
0.30839516129032246 0.36632835820895493
0.22286290322580637 0.4522537313432834
0.16909677419354854 0.5246268656716415
0.11289516129032277 0.6196119402985076
0.11533870967741952 0.7462388059701491
0.18865322580645139 0.8140895522388057
0.25218548387096784 0.8412238805970152
0.32794354838709694 0.8412238805970152
0.41103225806451626 0.8186119402985071
0.4672419354838709 0.7688656716417912
0.5258951612903227 0.7598208955223883
0.5869919354838707 0.7462388059701491
0.6627419354838711 0.6964925373134332
0.7165080645161289 0.601507462686567
0.42325 0.2577761194029853
0.4843467741935486 0.3075223880597012
0.5478870967741934 0.3346716417910448
0.6334193548387096 0.2758656716417911
0.6945161290322581 0.2713432835820897
0.6945161290322581 0.37085074626865644
0.6505241935483873 0.4432089552238805
0.652967741935484 0.5743731343283582
0.599209677419355 0.6422238805970149
0.5185645161290324 0.6512686567164178
0.4501370967741936 0.6557910447761193
0.41103225806451626 0.5879402985074627
0.38415322580645156 0.52010447761194
0.3646048387096775 0.4432089552238805
0.3474999999999998 0.38894029850746303
0.43303225806451634 0.7281492537313433
0.36216129032258076 0.7236268656716418
0.2912903225806452 0.705537313432836
0.21797580645161288 0.6829253731343279
0.15443548387096756 0.6377014925373135
}
