version: 2
n_points: 55
{
0.18947368421052632 0.11449367088607576
0.12248947368421066 0.22956962025316452
0.06507368421052619 0.33889873417721517
0.029184210526315875 0.47122784810126583
0.029184210526315875 0.6380886075949366
0.05071578947368434 0.7704303797468355
0.11052631578947368 0.8509746835443038
0.20382631578947355 0.908518987341772
0.30430526315789463 0.9257721518987341
0.4191368421052633 0.8912531645569619
0.507657894736842 0.8567341772151897
0.6224894736842107 0.8509746835443038
0.7133947368421053 0.8106962025316454
0.7971315789473686 0.7301518987341771
0.8928210526315787 0.6265822784810127
0.9382789473684212 0.5575316455696201
0.9645947368421054 0.47122784810126583
0.9765526315789471 0.3619113924050634
0.9749578947368419 0.2631392405063292
0.9733631578947367 0.17874683544303804
0.4892368421052631 0.12034177215189878
0.4128368421052633 0.14484810126582293
0.3449263157894737 0.1611772151898735
0.2668263157894737 0.1734303797468354
0.22098421052631592 0.2673417721518988
0.147978947368421 0.4960126582278481
0.12251578947368431 0.6920126582278483
0.19042631578947358 0.7573417721518989
0.26003684210526307 0.7981772151898736
0.333042105263158 0.8104177215189873
0.3992526315789474 0.8022531645569618
0.48074736842105253 0.7981772151898736
0.5469631578947368 0.7900126582278482
0.6063842105263159 0.7246708860759493
0.6624105263157894 0.618506329113924
0.5197947368421054 0.06317721518987318
0.5605421052631578 0.12443037974683557
0.6029894736842104 0.14892405063291125
0.6505263157894738 0.14892405063291125
0.6997631578947368 0.19384810126582275
0.6692052631578947 0.25917721518987336
0.623363157894737 0.29592405063291116
0.6046894736842107 0.39392405063291147
0.5707315789473685 0.5041772151898736
0.5316842105263156 0.4837594936708862
0.48753684210526316 0.4592658227848102
0.46716315789473695 0.385759493670886
0.4315105263157896 0.3367594936708862
0.4009526315789473 0.26326582278481014
0.3822736842105263 0.1611772151898735
0.4230210526315791 0.7491772151898735
0.3551105263157895 0.7124303797468357
0.30587368421052624 0.667506329113924
0.2447526315789473 0.6225949367088608
0.1802368421052632 0.5490886075949366
}
