version: 2
n_points: 55
{
0.8559077669902913 0.7729150943396224
0.9044514563106797 0.5632641509433964
0.9718737864077671 0.3903113207547169
0.952995145631068 0.20163207547169804
0.8801796116504854 0.1072924528301886
0.7938834951456312 0.04964150943396227
0.7075825242718446 0.05487735849056611
0.6307233009708737 0.07041509433962263
0.5579077669902912 0.09736792452830187
0.4868252427184463 0.09399999999999999
0.4244126213592232 0.11758490566037734
0.3515970873786406 0.14453773584905685
0.28917961165048556 0.1883396226415094
0.21463106796116527 0.2658396226415092
0.14181553398058278 0.3466981132075472
0.08633980582524248 0.4612547169811318
0.03779611650485415 0.5791792452830186
0.022189320388349643 0.7442735849056601
0.02392718446601927 0.8655660377358491
0.06553398058252424 0.9565377358490563
0.5891116504854368 0.7341603773584908
0.6411213592233012 0.6667830188679242
0.7087378640776699 0.6061320754716981
0.7676844660194173 0.5488584905660375
0.8439660194174758 0.3736509433962267
0.8404999999999998 0.20855660377358518
0.7572815533980582 0.1748679245283019
0.6636601941747573 0.14791509433962238
0.6081844660194172 0.14453773584905685
0.5579077669902912 0.14791509433962238
0.5110970873786405 0.17149999999999976
0.47642233009708757 0.20518867924528303
0.43307766990291285 0.22540566037735824
0.4018737864077667 0.2557264150943399
0.3637330097087378 0.286047169811321
0.5631067961165048 0.8285000000000002
0.5128300970873787 0.7779622641509434
0.4122766990291261 0.7139528301886789
0.3567961165048543 0.7644905660377359
0.30131553398058264 0.8049150943396229
0.3134514563106797 0.7442735849056601
0.37413106796116513 0.6398207547169814
0.3862669902912622 0.49831132075471724
0.4313446601941746 0.4309339622641507
0.5110970873786405 0.3635471698113208
0.5579077669902912 0.33659433962264124
0.5943155339805823 0.39049999999999974
0.6099174757281555 0.49157547169811344
0.6515242718446601 0.5218962264150946
0.667131067961165 0.6229811320754717
0.4642864077669905 0.23550943396226415
0.5631067961165048 0.17149999999999976
0.6688640776699029 0.19170754716981156
0.7503446601941749 0.24562264150943397
0.8162281553398056 0.3062641509433962
}
