version: 2
n_points: 55
{
0.8400645161290323 0.720716981132075
0.906236559139785 0.5852452830188685
0.9393225806451613 0.4497924528301897
0.906236559139785 0.2611132075471709
0.8428172043010753 0.15467924528301846
0.7683763440860215 0.1063018867924531
0.6801505376344086 0.0966226415094336
0.6084623655913977 0.0966226415094336
0.5312688172043012 0.0966226415094336
0.451311827956989 0.1256415094339621
0.37135483870967745 0.17401886792452748
0.3134516129032259 0.22241509433962284
0.2638279569892473 0.2901320754716972
0.21420430107526878 0.37722641509434063
0.16456989247311837 0.4739811320754713
0.10943010752688198 0.5417169811320757
0.07359139784946234 0.6239622641509444
0.04877419354838708 0.7255471698113198
0.04877419354838708 0.8223018867924528
0.06531182795698942 0.9142264150943387
0.5650215053763443 0.6883018867924532
0.6396344086021504 0.676735849056603
0.7208279569892474 0.649792452830188
0.7954408602150538 0.5920188679245274
0.8678494623655915 0.4996226415094343
0.8897956989247312 0.38409433962264095
0.8459139784946235 0.24162264150943472
0.7647204301075269 0.19156603773584943
0.692301075268817 0.16845283018867918
0.6067204301075271 0.16075471698113172
0.5277204301075267 0.16460377358490655
0.45530107526881736 0.1992641509433969
0.38727956989247303 0.23777358490565992
0.32363440860215065 0.3032264150943401
0.26219354838709696 0.38409433962264095
0.5101612903225805 0.7806981132075462
0.45530107526881736 0.7499056603773586
0.4070215053763442 0.7383584905660384
0.3609462365591396 0.7922641509433964
0.3214408602150538 0.7499056603773586
0.3455806451612904 0.6459433962264154
0.41361290322580657 0.557377358490567
0.4158064516129034 0.44954716981132115
0.44213978494623685 0.3378867924528305
0.5101612903225805 0.3109433962264154
0.5650215053763443 0.32633962264151034
0.5979354838709678 0.41490566037735865
0.6176881720430107 0.5034716981132069
0.6264623655913981 0.5689245283018872
0.6374408602150536 0.6459433962264154
0.5847741935483872 0.25316981132075483
0.6549892473118278 0.3032264150943401
0.7230215053763442 0.3455849056603779
0.784462365591398 0.3956415094339632
0.8239677419354838 0.44954716981132115
}
