version: 2
n_points: 55
{
0.9635036496350365 0.5916149068322981
0.9562043795620438 0.7531055900621118
0.8795620437956204 0.8711180124223603
0.7299270072992701 0.9456521739130435
0.5547445255474452 0.9642857142857143
0.4124087591240876 0.9239130434782609
0.2846715328467153 0.8493788819875776
0.1934306569343066 0.7686335403726708
0.12043795620437958 0.6847826086956521
0.07664233576642332 0.6133540372670807
0.03649635036496346 0.5170807453416149
0.03649635036496346 0.40527950310559
0.058394160583941646 0.30279503105590067
0.09124087591240881 0.20341614906832295
0.15328467153284675 0.14751552795031053
0.17883211678832112 0.1071428571428571
0.18613138686131392 0.06987577639751552
0.23357664233576647 0.03881987577639756
0.2992700729927007 0.026397515527950333
0.35036496350364965 0.029503105590062084
0.5656934306569343 0.4860248447204969
0.6788321167883211 0.4798136645962733
0.8029197080291971 0.5170807453416149
0.8722627737226277 0.5667701863354038
0.8978102189781022 0.6599378881987578
0.9014598540145985 0.734472049689441
0.8394160583941606 0.827639751552795
0.7445255474452555 0.8990683229813665
0.5985401459854014 0.9208074534161491
0.44525547445255476 0.8773291925465838
0.36861313868613144 0.8214285714285714
0.27372262773722633 0.7531055900621118
0.21532846715328469 0.6661490683229814
0.16058394160583944 0.5729813664596273
0.11678832116788318 0.43322981366459623
0.7043795620437956 0.34627329192546585
0.6277372262773723 0.30279503105590067
0.5474452554744526 0.2841614906832298
0.5328467153284672 0.21894409937888204
0.4854014598540146 0.1630434782608695
0.34306569343065696 0.2065217391304348
0.35036496350364965 0.26863354037267084
0.3065693430656934 0.3555900621118012
0.25912408759124084 0.43322981366459623
0.25912408759124084 0.5201863354037267
0.3284671532846716 0.6226708074534162
0.44525547445255476 0.6909937888198758
0.5328467153284672 0.6599378881987578
0.6058394160583942 0.5822981366459627
0.7445255474452555 0.5419254658385093
0.2773722627737226 0.7220496894409938
0.3905109489051095 0.8090062111801242
0.5072992700729927 0.8462732919254659
0.6605839416058394 0.8524844720496895
0.7627737226277372 0.8369565217391304
}
