version: 2
n_points: 55
{
0.7751349206349206 0.942555555555556
0.8472857142857144 0.8162916666666654
0.9098095238095237 0.6774027777777766
0.9603174603174603 0.48379166666666784
0.9146190476190476 0.2817777777777779
0.8400634920634922 0.18076388888889028
0.7438650793650794 0.12184722222222098
0.6645000000000001 0.08816666666666606
0.5755158730158729 0.07974999999999947
0.4889365079365079 0.08816666666666606
0.4143809523809523 0.1134305555555544
0.3374206349206348 0.1597222222222222
0.27248412698412716 0.19338888888888858
0.2113571428571427 0.30106944444444317
0.16065079365079382 0.3782222222222218
0.09672222222222226 0.44381944444444343
0.05483333333333329 0.551833333333333
0.03940476190476172 0.6714305555555566
0.03719841269841284 0.7833194444444429
0.03499206349206341 0.8836250000000013
0.5508650793650793 0.7563194444444434
0.632436507936508 0.7755972222222233
0.7206190476190477 0.752458333333332
0.7955714285714285 0.702305555555556
0.8462777777777778 0.6058472222222235
0.8462777777777778 0.46309722222222327
0.8330555555555555 0.3242083333333344
0.777936507936508 0.23933333333333293
0.6963650793650793 0.20076388888888788
0.6280238095238095 0.18147222222222265
0.5663015873015874 0.16604166666666564
0.4891349206349206 0.16988888888888848
0.4185873015873015 0.21233333333333348
0.37229365079365073 0.27405555555555516
0.32820634920634906 0.3512222222222224
0.5155952380952381 0.9144861111111121
0.47811111111111104 0.8566249999999987
0.4141825396825398 0.8296111111111107
0.3348174603174604 0.8489027777777791
0.27749999999999975 0.8681944444444443
0.2885238095238094 0.7370277777777782
0.37670634920634927 0.6290000000000001
0.3811111111111112 0.4746805555555543
0.42300000000000004 0.3705138888888876
0.4913412698412698 0.29720833333333174
0.5773174603174602 0.29334722222222354
0.6037777777777777 0.4245277777777782
0.6214126984126984 0.5402638888888873
0.6456666666666668 0.6521527777777768
0.6677063492063492 0.7293055555555554
0.6478650793650793 0.23162499999999872
0.6941666666666667 0.2547638888888899
0.7338492063492064 0.28563888888888933
0.7625079365079365 0.32036111111111154
0.7977777777777779 0.3820833333333332
}
