version: 2
n_points: 55
{
0.6202432432432431 0.12656748466257658
0.4738468468468467 0.061383435582821985
0.423171171171171 0.024957055214723824
0.32181981981981966 0.01728834355828211
0.2035765765765764 0.026874233128834257
0.1303783783783782 0.0690521472392637
0.10222522522522505 0.115064417177914
0.08533333333333315 0.18216564417177905
0.06844144144144126 0.25885276073619623
0.045918918918918736 0.3355398773006134
0.045918918918918736 0.400723926380368
0.06281081081081064 0.47165950920245386
0.05154954954954937 0.5962760736196318
0.11348648648648631 0.7093895705521471
0.27114414414414395 0.8186687116564416
0.36123423423423406 0.904941717791411
0.5414144144144142 0.9605398773006134
0.7553783783783782 0.9873803680981594
0.9186666666666665 0.958622699386503
0.9637117117117115 0.9202791411042944
0.7497477477477476 0.39113803680981585
0.5977207207207206 0.2837760736196318
0.44006306306306286 0.1802484662576686
0.3330810810810809 0.11314723926380359
0.2035765765765764 0.11123006134969315
0.1697927927927926 0.16299386503067476
0.15853153153153135 0.2320122699386502
0.14163963963963946 0.3029478527607361
0.11911711711711694 0.3758006134969324
0.09096396396396378 0.440984662576687
0.09659459459459442 0.5061687116564416
0.11348648648648631 0.5828558282208588
0.18105405405405386 0.6269509202453987
0.3049279279279277 0.6787147239263802
0.36123423423423406 0.699803680981595
0.7666396396396394 0.4850797546012269
0.7215945945945944 0.5502638036809815
0.7722702702702701 0.6231165644171778
0.8285765765765764 0.6959693251533742
0.789162162162162 0.6844662576687116
0.7610090090090088 0.6499570552147238
0.7103333333333332 0.6096963190184048
0.5583063063063062 0.5943588957055214
0.4062792792792791 0.5905245398773005
0.29366666666666646 0.5176717791411042
0.3330810810810809 0.45440490797546
0.4062792792792791 0.4083926380368097
0.4963693693693692 0.3834693251533741
0.5808288288288287 0.3758006134969324
0.68218018018018 0.373883435582822
0.17542342342342324 0.3029478527607361
0.2035765765765764 0.26268711656441707
0.23736036036036018 0.2185920245398772
0.2767747747747746 0.1783312883435582
0.33871171171171155 0.1476564417177913
}
