version: 2
n_points: 55
{
0.09782111436950137 0.6398221153846155
0.03498240469208203 0.5093269230769231
0.016129032258064516 0.3857019230769231
0.020319648093841566 0.2449038461538462
0.06640175953079187 0.13158173076923074
0.14599999999999982 0.0697692307692308
0.23607038123167157 0.02855769230769234
0.34080351906158374 0.02855769230769234
0.42668621700879766 0.05946634615384616
0.5083782991202345 0.1212788461538461
0.5837859237536658 0.1762259615384616
0.6654809384164222 0.23116826923076927
0.7660234604105574 0.32045673076923076
0.8477155425219939 0.44064903846153836
0.9084633431085045 0.5642740384615386
0.9545454545454546 0.6638605769230771
0.9775865102639295 0.7565817307692309
0.9880615835777129 0.8493028846153845
0.9775865102639295 0.9008125000000001
0.9671143695014665 0.9763605769230771
0.40155131964809376 0.7531490384615384
0.28843695014662746 0.6707307692307692
0.1878914956011731 0.567706730769231
0.12714662756598233 0.44064903846153836
0.1208621700879767 0.2929807692307692
0.15018768328445764 0.16249038461538468
0.23607038123167157 0.13501442307692302
0.3261407624633433 0.1212788461538461
0.42040175953079173 0.16935576923076923
0.5 0.2552067307692307
0.5670293255131964 0.2929807692307692
0.6445337243401758 0.3307596153846154
0.6948064516129031 0.4200432692307694
0.7283196480938415 0.5368028846153845
0.7639296187683284 0.6398221153846155
0.4581055718475075 0.7771874999999999
0.5188533724340175 0.7771874999999999
0.5879765395894428 0.7703173076923077
0.6131114369501467 0.8252644230769229
0.6717624633431086 0.8733413461538461
0.6696686217008797 0.7737499999999999
0.6319648093841642 0.715375
0.6340586510263931 0.6329567307692306
0.6214926686217008 0.5402355769230771
0.5649354838709678 0.47842307692307695
0.5146627565982405 0.492158653846154
0.4539178885630497 0.5265
0.39107624633431076 0.5711442307692308
0.3554662756598242 0.6020480769230769
0.3429002932551319 0.6569951923076922
0.46858064516129017 0.2586442307692307
0.39107624633431076 0.2552067307692307
0.3114780058651028 0.2792451923076923
0.23397653958944264 0.3135865384615384
0.15228445747800579 0.3616634615384615
}
