version: 2
n_points: 55
{
0.3797567567567569 0.12656748466257658
0.5261531531531534 0.061383435582821985
0.576828828828829 0.024957055214723824
0.6781801801801803 0.01728834355828211
0.7964234234234235 0.026874233128834257
0.8696216216216218 0.0690521472392637
0.897774774774775 0.115064417177914
0.9146666666666668 0.18216564417177905
0.9315585585585587 0.25885276073619623
0.9540810810810813 0.3355398773006134
0.9540810810810813 0.400723926380368
0.9371891891891894 0.47165950920245386
0.9484504504504506 0.5962760736196318
0.8865135135135137 0.7093895705521471
0.728855855855856 0.8186687116564416
0.6387657657657659 0.904941717791411
0.4585855855855858 0.9605398773006134
0.24462162162162182 0.9873803680981594
0.08133333333333348 0.958622699386503
0.03628828828828845 0.9202791411042944
0.25025225225225245 0.39113803680981585
0.4022792792792794 0.2837760736196318
0.5599369369369371 0.1802484662576686
0.6669189189189191 0.11314723926380359
0.7964234234234235 0.11123006134969315
0.8302072072072074 0.16299386503067476
0.8414684684684687 0.2320122699386502
0.8583603603603606 0.3029478527607361
0.8808828828828831 0.3758006134969324
0.9090360360360362 0.440984662576687
0.9034054054054056 0.5061687116564416
0.8865135135135137 0.5828558282208588
0.8189459459459462 0.6269509202453987
0.6950720720720722 0.6787147239263802
0.6387657657657659 0.699803680981595
0.23336036036036056 0.4850797546012269
0.2784054054054056 0.5502638036809815
0.22772972972972993 0.6231165644171778
0.17142342342342365 0.6959693251533742
0.21083783783783805 0.6844662576687116
0.2389909909909912 0.6499570552147238
0.28966666666666685 0.6096963190184048
0.4416936936936938 0.5943588957055214
0.5937207207207209 0.5905245398773005
0.7063333333333335 0.5176717791411042
0.6669189189189191 0.45440490797546
0.5937207207207209 0.4083926380368097
0.5036306306306308 0.3834693251533741
0.4191711711711713 0.3758006134969324
0.31781981981982 0.373883435582822
0.8245765765765768 0.3029478527607361
0.7964234234234235 0.26268711656441707
0.7626396396396398 0.2185920245398772
0.7232252252252254 0.1783312883435582
0.6612882882882885 0.1476564417177913
}
