version: 2
n_points: 55
{
0.3339629629629628 0.1683944954128442
0.44959259259259265 0.10355045871559612
0.583567901234568 0.04889908256880719
0.728037037037037 0.06060550458715591
0.8357283950617282 0.13478899082568813
0.9066543209876542 0.2382385321100919
0.9329135802469136 0.34169724770642207
0.896148148148148 0.44905504587155964
0.8698765432098766 0.5290825688073396
0.819962962962963 0.6305871559633026
0.7753086419753088 0.6969541284403671
0.7254074074074075 0.7477064220183486
0.6754938271604939 0.8043119266055048
0.5966913580246913 0.8589724770642201
0.5047654320987653 0.8999633027522936
0.41807407407407415 0.9292385321100916
0.3156296296296297 0.9546146788990826
0.22632098765432096 0.9526697247706423
0.1238765432098764 0.9253394495412847
0.05296296296296288 0.8823944954128439
0.31825925925925924 0.4705229357798163
0.3707901234567901 0.37292660550458717
0.41282716049382706 0.31046788990825697
0.49687654320987673 0.2070091743119268
0.6071975308641975 0.14064220183486223
0.7254074074074075 0.12698165137614686
0.8120864197530864 0.21090825688073372
0.8278518518518521 0.31046788990825697
0.8225925925925925 0.396348623853211
0.8015802469135802 0.4861376146788989
0.7753086419753088 0.5525137614678898
0.7542962962962965 0.6013119266055047
0.7306543209876541 0.6442568807339448
0.6833827160493828 0.6891467889908258
0.6439753086419754 0.7223302752293577
0.27360493827160504 0.45100917431192683
0.27360493827160504 0.5076146788990824
0.2841111111111112 0.5661743119266057
0.2210740740740742 0.6110642201834862
0.18692592592592583 0.665724770642202
0.2841111111111112 0.6871926605504587
0.37341975308641995 0.6364403669724772
0.49162962962962964 0.6579174311926608
0.575679012345679 0.6442568807339448
0.6387283950617284 0.6169266055045872
0.6387283950617284 0.5310366972477063
0.6177037037037036 0.4705229357798163
0.5520370370370371 0.4334403669724771
0.4837407407407407 0.40025688073394483
0.40493827160493845 0.36902752293577973
0.7045061728395061 0.4503577981651376
0.6770740740740739 0.3667706422018349
0.6386666666666667 0.29541284403669715
0.6057407407407407 0.25463302752293576
0.5645925925925925 0.21386238532110072
}
