version: 2
n_points: 55
{
0.8014981273408239 0.22123893805309736
0.8951310861423221 0.35398230088495575
0.9700374531835206 0.5221238938053097
0.9812734082397003 0.6902654867256637
0.9400749063670412 0.7964601769911505
0.8651685393258427 0.8761061946902655
0.7865168539325843 0.9203539823008849
0.7265917602996255 0.9292035398230089
0.6666666666666667 0.9469026548672567
0.599250936329588 0.9557522123893806
0.5280898876404494 0.9557522123893806
0.47565543071161054 0.9203539823008849
0.43071161048689144 0.8849557522123894
0.37827715355805247 0.8495575221238938
0.30711610486891383 0.8053097345132744
0.2247191011235955 0.7256637168141593
0.14232209737827717 0.5929203539823009
0.05992509363295884 0.4513274336283186
0.01872659176029967 0.23893805309734517
0.05243445692883897 0.04424778761061943
0.7003745318352059 0.22123893805309736
0.8014981273408239 0.3008849557522124
0.8651685393258427 0.4070796460176991
0.9063670411985019 0.5398230088495575
0.9101123595505618 0.6991150442477876
0.8539325842696629 0.7787610619469026
0.797752808988764 0.831858407079646
0.7378277153558053 0.8407079646017699
0.6816479400749064 0.8761061946902655
0.6179775280898876 0.911504424778761
0.5692883895131087 0.9026548672566371
0.5093632958801498 0.8938053097345133
0.45692883895131087 0.8672566371681416
0.4157303370786517 0.8141592920353982
0.348314606741573 0.7256637168141593
0.550561797752809 0.09734513274336287
0.50187265917603 0.1415929203539823
0.44569288389513106 0.22123893805309736
0.38576779026217234 0.17699115044247793
0.3258426966292135 0.16814159292035402
0.3595505617977528 0.2743362831858407
0.40823970037453183 0.4070796460176991
0.40074906367041196 0.5398230088495575
0.44194756554307113 0.6460176991150443
0.4719101123595506 0.7168141592920354
0.5318352059925093 0.7345132743362832
0.5730337078651686 0.6725663716814159
0.6104868913857677 0.5752212389380531
0.6404494382022472 0.47787610619469023
0.6704119850187267 0.38053097345132747
0.7116104868913857 0.8407079646017699
0.7752808988764045 0.7964601769911505
0.8089887640449438 0.7699115044247787
0.8426966292134832 0.7433628318584071
0.8764044943820225 0.6902654867256637
}
