version: 2
n_points: 55
{
0.39177777777777767 0.1838363636363638
0.5549777777777778 0.09671515151515168
0.6869222222222223 0.04179393939393949
0.8397000000000001 0.03610909090909107
0.9369222222222223 0.10429090909090925
0.9403888888888888 0.18762424242424258
0.8639999999999999 0.25580606060606076
0.8014999999999999 0.3315636363636365
0.7563666666666667 0.40164242424242436
0.7077555555555557 0.4736121212121213
0.666088888888889 0.5531575757575758
0.6278888888888887 0.6232303030303032
0.5723333333333332 0.7008848484848486
0.48205555555555546 0.765278787878788
0.4334444444444443 0.8164121212121214
0.3605333333333334 0.8524
0.3049777777777779 0.9054303030303031
0.23553333333333315 0.9603515151515153
0.13831111111111083 0.9736121212121213
0.04455555555555546 0.9584606060606061
0.33305555555555544 0.4062121212121211
0.43436666666666657 0.3313454545454547
0.5291444444444444 0.2493454545454545
0.6500555555555555 0.203
0.7709666666666667 0.17269696969696974
0.8853444444444446 0.18161212121212125
0.8722777777777777 0.22439393939393926
0.8134555555555557 0.26538787878787873
0.7579000000000001 0.3313454545454547
0.7284888888888887 0.39729696969696954
0.7154111111111111 0.45255757575757594
0.6892666666666666 0.506030303030303
0.6435222222222222 0.5844606060606059
0.574888888888889 0.6308060606060608
0.4670444444444444 0.6397212121212119
0.25478888888888873 0.44092727272727267
0.2971111111111112 0.5101878787878786
0.3182777777777779 0.5751272727272728
0.23097777777777795 0.6241878787878787
0.16483333333333305 0.683351515151515
0.23626666666666674 0.6790242424242423
0.33150000000000013 0.6039878787878789
0.45320000000000016 0.5808969696969698
0.5775333333333335 0.569351515151515
0.6463222222222224 0.5116303030303029
0.6542555555555556 0.4495818181818181
0.6516111111111113 0.399078787878788
0.5987000000000001 0.37166060606060614
0.5193333333333334 0.3615636363636365
0.46377777777777784 0.345690909090909
0.7151000000000001 0.3788787878787878
0.7151000000000001 0.3355878787878789
0.7045222222222223 0.2850848484848484
0.696588888888889 0.25189090909090917
0.6860000000000002 0.2158181818181819
}
