version: 2
n_points: 55
{
0.7914485165794066 0.5333333333333333
0.8728917975567189 0.4377548387096775
0.9465776614310646 0.33500645161290327
0.9911762652705061 0.13667956989247307
0.9562722513089005 0.060215053763440864
0.8767696335078532 0.024372043010752745
0.7759354275741712 0.012425806451612946
0.6828586387434555 0.03393118279569897
0.5878411867364748 0.08410967741935482
0.49088656195462477 0.14384731182795701
0.40362652705061086 0.21553118279569888
0.32606108202443296 0.282436559139785
0.23880104712041894 0.37084731182795705
0.16899301919720777 0.456868817204301
0.09724607329842927 0.5596172043010752
0.052647469458987683 0.6456387096774193
0.013863874345549698 0.7483870967741936
0.008047120418848364 0.8583032258064516
0.03713438045375217 0.9491032258064516
0.10694240837696334 0.9897247311827957
0.6246841186736474 0.5739548387096775
0.7041884816753927 0.48315483870967746
0.7875706806282723 0.41385806451612894
0.8418656195462476 0.31827956989247314
0.8787085514834206 0.23225806451612904
0.8864642233856893 0.14623655913978495
0.8302303664921465 0.08172043010752689
0.7429703315881326 0.0888881720430108
0.6440767888307156 0.1295096774193548
0.5471204188481675 0.18207956989247306
0.4695567190226877 0.24898494623655917
0.3997486910994765 0.31111182795698916
0.3454520069808027 0.3756279569892473
0.3124886561954625 0.44014408602150545
0.2911570680628274 0.5118279569892473
0.5917207678883072 0.6480279569892472
0.5257905759162305 0.6241333333333333
0.4424083769633508 0.6432494623655913
0.3842356020942407 0.7077655913978494
0.3338184991273997 0.7244924731182796
0.3590261780104712 0.6671440860215053
0.3687225130890053 0.5476709677419356
0.3803560209424083 0.4807655913978495
0.37453926701570694 0.4258064516129032
0.4288342059336824 0.3636795698924731
0.49864223385689355 0.3373956989247312
0.5490593368237349 0.3302279569892473
0.5975375218150085 0.366068817204301
0.6460157068062826 0.40669032258064514
0.6983717277486909 0.456868817204301
0.4462862129144851 0.28960645161290316
0.512216404886562 0.24659569892473113
0.6033542757417103 0.22030967741935487
0.7003106457242583 0.19880430107526886
0.8011448516579407 0.19402580645161285
}
