version: 2
n_points: 55
{
0.8501097178683383 0.3310398230088498
0.9238683385579939 0.49501769911504434
0.9828777429467085 0.6277610619469027
0.9810344827586208 0.8255752212389382
0.9220250783699059 0.92708407079646
0.8519529780564264 0.9661283185840709
0.7726614420062697 0.9739336283185842
0.6989028213166146 0.9479070796460176
0.6288307210031348 0.8880398230088495
0.5569122257053291 0.8568097345132744
0.4739341692789967 0.817765486725664
0.39095297805642615 0.7813274336283188
0.31350470219435744 0.724066371681416
0.23790282131661467 0.6459823008849556
0.1438589341692792 0.5106327433628319
0.0756300940438871 0.4195353982300888
0.03321943573667707 0.3180265486725665
0.012934169278996821 0.19829646017699143
0.03321943573667707 0.10199115044247764
0.05719122257053266 0.018703539823008763
0.6048589341692792 0.36487610619469024
0.7007460815047022 0.3700840707964602
0.7781943573667712 0.42213716814159297
0.8372006269592477 0.5236504424778763
0.8685485893416929 0.6173495575221237
0.8685485893416929 0.7214601769911502
0.8427335423197492 0.8333849557522125
0.7837241379310346 0.8828362831858405
0.7099655172413795 0.8542035398230087
0.6325172413793101 0.8047522123893807
0.5458495297805641 0.7735176991150445
0.4647147335423195 0.7266681415929203
0.4001724137931033 0.6798185840707964
0.33194670846395014 0.6147477876106194
0.25080877742946717 0.5548805309734515
0.5827304075235111 0.273778761061947
0.5274106583072098 0.2919999999999998
0.4149247648902824 0.2659690265486727
0.3577617554858934 0.1930929203539824
0.3098181818181821 0.16446017699115045
0.33563322884012536 0.2477522123893804
0.38542319749216314 0.35186283185840694
0.3872664576802508 0.4585796460176992
0.41308150470219407 0.5288539823008848
0.48315360501567395 0.5678982300884957
0.5255642633228839 0.575703539823009
0.5735109717868341 0.5626902654867256
0.6232978056426335 0.5288539823008848
0.6620219435736676 0.5028274336283186
0.6859937304075239 0.4403584070796458
0.5956363636363637 0.7813274336283188
0.6546457680250788 0.7683141592920355
0.6933699059561127 0.7995442477876107
0.757909090909091 0.8203672566371683
0.8298244514106585 0.778725663716814
}
