version: 2
n_points: 55
{
0.8395566037735849 0.1949122807017546
0.9043018867924528 0.353157894736842
0.9246509433962264 0.4735438596491226
0.9449999999999998 0.5801929824561403
0.9172547169811323 0.700578947368421
0.8654622641509434 0.8106666666666666
0.7896132075471699 0.8897894736842104
0.6582830188679247 0.906982456140351
0.5435943396226413 0.8657017543859649
0.44925471698113184 0.8175438596491227
0.3808113207547168 0.7487543859649124
0.33271698113207526 0.6937017543859649
0.2698207547169811 0.6283508771929824
0.21802830188679234 0.5561052631578949
0.1662358490566036 0.4735438596491226
0.12738679245283002 0.4013157894736842
0.10518867924528286 0.31875438596491246
0.07744339622641516 0.25682456140350896
0.04599999999999982 0.1880350877192981
0.06264150943396218 0.0813859649122809
0.5694905660377357 0.21898245614035083
0.6453301886792451 0.2121052631578948
0.7156226415094339 0.25682456140350896
0.7933113207547171 0.26715789473684226
0.8321603773584906 0.35659649122807
0.8654622641509434 0.5423508771929823
0.8229150943396225 0.6180350877192984
0.7729716981132075 0.700578947368421
0.7119245283018868 0.7831403508771931
0.6268301886792454 0.7934736842105264
0.5602452830188682 0.7487543859649124
0.4899528301886793 0.7143508771929823
0.42150943396226426 0.6627543859649121
0.3623113207547167 0.6077017543859651
0.31976415094339605 0.5079473684210527
0.5269433962264151 0.16738596491228064
0.45665094339622614 0.18115789473684196
0.393764150943396 0.15363157894736856
0.3530660377358492 0.09515789473684222
0.32532075471698096 0.13987719298245638
0.3752641509433964 0.21898245614035083
0.4067075471698113 0.30842105263157915
0.40116037735849075 0.4529122807017544
0.43630188679245274 0.5148245614035087
0.4825471698113205 0.5457894736842108
0.5491415094339622 0.5285964912280701
0.5898396226415097 0.4701052631578946
0.6194339622641512 0.39787719298245616
0.6434811320754718 0.31531578947368444
0.6675283018867924 0.25682456140350896
0.5787358490566038 0.7281052631578949
0.6286792452830188 0.7109122807017543
0.6730754716981132 0.6937017543859649
0.7156226415094339 0.6902631578947368
0.7544716981132075 0.6592982456140353
}
