version: 2
n_points: 55
{
0.6700125 0.10247499999999976
0.7700125 0.17122499999999974
0.8762624999999999 0.2774749999999997
0.9325125 0.42122499999999974
0.9075124999999999 0.5774749999999997
0.8418875 0.6712249999999997
0.7481375 0.7149749999999997
0.6668875 0.7587249999999998
0.5887625 0.8024749999999997
0.5012624999999999 0.8337249999999997
0.41688749999999997 0.8524749999999998
0.34501249999999994 0.8462249999999998
0.27626249999999997 0.8212249999999998
0.24501249999999997 0.7712249999999997
0.19813749999999997 0.7399749999999997
0.14813750000000003 0.6774749999999997
0.09813749999999999 0.5837249999999997
0.06796250000000015 0.5017250000000004
0.05646249999999997 0.3542000000000002
0.05091250000000014 0.23755000000000026
0.5536874999999999 0.23755000000000026
0.6370249999999998 0.20420000000000016
0.7620249999999998 0.2486500000000007
0.8398 0.30420000000000014
0.8870249999999998 0.4319999999999993
0.8648 0.5542000000000001
0.7953624999999999 0.615325
0.7175750000000001 0.6430999999999998
0.6536874999999999 0.6819999999999993
0.5981375 0.7375500000000003
0.5398 0.7430999999999998
0.4786874999999998 0.7597750000000005
0.44813749999999997 0.7319999999999993
0.4286874999999999 0.6875500000000002
0.4092500000000001 0.6264250000000005
0.4981375 0.18755000000000022
0.4286874999999999 0.23755000000000026
0.35091250000000007 0.24309999999999976
0.31479999999999997 0.19309999999999972
0.2592500000000001 0.20420000000000016
0.3398 0.4042000000000001
0.41479999999999995 0.4264250000000004
0.4564625 0.5430999999999997
0.5036874999999998 0.6097750000000005
0.5620249999999999 0.6542000000000001
0.5981375 0.6375500000000003
0.6203624999999999 0.5597750000000005
0.6175750000000001 0.465325
0.6064624999999999 0.37642500000000045
0.6009125000000001 0.2542000000000002
0.6842500000000001 0.6208749999999995
0.7175750000000001 0.5486500000000006
0.7370249999999998 0.4819999999999993
0.7647999999999999 0.41532499999999994
0.7842500000000001 0.4042000000000001
}
