version: 2
n_points: 55
{
0.8551896551724137 0.21639130434782594
0.642206896551724 0.09809782608695658
0.4241551724137931 0.06293478260869556
0.24667241379310373 0.1236739130434781
0.11482758620689698 0.24516304347826096
0.09122413793103443 0.31632608695652176
0.0949827586206899 0.4226630434782608
0.1287068965517237 0.5100869565217391
0.1886896551724141 0.5667934782608697
0.23741379310344796 0.6211413043478262
0.28237931034482733 0.6825869565217392
0.3273620689655176 0.7203913043478262
0.40606896551724175 0.7700108695652175
0.5035172413793105 0.8267173913043477
0.5747413793103445 0.8550760869565217
0.6459482758620685 0.8787065217391306
0.7359137931034482 0.9283260869565219
0.8371034482758625 0.9519565217391306
0.904568965517241 0.9354130434782608
0.927068965517241 0.8692608695652175
0.7396551724137927 0.44392391304347834
0.7733965517241385 0.3801304347826088
0.7321551724137927 0.31868478260869554
0.6796896551724142 0.24070652173913054
0.5672413793103445 0.1745434782608695
0.436051724137931 0.1745434782608695
0.3311034482758622 0.18164130434782622
0.22991379310344792 0.25725000000000003
0.17743103448275857 0.31396739130434775
0.19243103448275864 0.4037500000000001
0.22991379310344792 0.4982717391304349
0.27113793103448275 0.5738913043478261
0.30862068965517203 0.6329565217391304
0.38358620689655154 0.6754891304347828
0.4547931034482756 0.7038478260869564
0.840862068965517 0.46519565217391307
0.8296034482758624 0.5360760869565216
0.8108793103448277 0.6093260869565217
0.8745862068965518 0.6494999999999999
0.8708448275862072 0.7014891304347827
0.7359137931034482 0.6684021739130435
0.705931034482759 0.5951521739130434
0.58598275862069 0.5998804347826087
0.48477586206896583 0.5857065217391303
0.4323103448275864 0.5313586956521739
0.436051724137931 0.4557391304347826
0.47353448275862026 0.4108478260869565
0.514775862068966 0.3872173913043478
0.5747413793103445 0.3541304347826088
0.6984310344827589 0.3470434782608695
0.2523965517241381 0.5124456521739131
0.2561551724137936 0.42738043478260856
0.2898793103448274 0.35650000000000004
0.34610344827586226 0.28088043478260877
0.37234482758620696 0.21471739130434772
}
