version: 2
n_points: 55
{
0.833564705882353 0.7288311688311689
0.9084294117647058 0.6107662337662337
0.9565588235294118 0.5163246753246754
0.9699294117647057 0.37464935064935084
0.9512117647058824 0.24477922077922096
0.8923882352941177 0.15032467532467517
0.8175235294117646 0.09719480519480495
0.7212647058823529 0.09128571428571423
0.6463999999999999 0.07948051948051954
0.560835294117647 0.07948051948051954
0.4806235294117648 0.06767532467532485
0.4164529411764707 0.07358441558441554
0.34425882352941173 0.09719480519480495
0.24532941176470602 0.14441558441558447
0.17046470588235318 0.2270649350649348
0.08757647058823548 0.35693506493506466
0.04211764705882337 0.557649350649351
0.02875294117647076 0.7229350649350649
0.02875294117647076 0.8528051948051948
0.0394470588235295 0.941350649350649
0.5661823529411764 0.7465454545454543
0.6517470588235296 0.7229350649350649
0.7159176470588237 0.7229350649350649
0.7667176470588235 0.663896103896104
0.8068235294117648 0.5340259740259741
0.8282176470588236 0.3923506493506495
0.8415882352941176 0.2270649350649348
0.769394117647059 0.17984415584415603
0.6945294117647058 0.17984415584415603
0.6303529411764708 0.19754545454545472
0.5715294117647061 0.17984415584415603
0.4939941176470587 0.15032467532467517
0.4137764705882352 0.1385194805194805
0.3496058823529411 0.1916493506493507
0.293458823529412 0.28609090909090906
0.5100352941176471 0.7347402597402596
0.46190588235294117 0.6816103896103893
0.3763470588235297 0.7111298701298702
0.3255411764705881 0.7642597402597404
0.28008823529411775 0.7465454545454543
0.317523529411765 0.6579999999999999
0.36297647058823534 0.6107662337662337
0.3683235294117647 0.45138961038961045
0.40308235294117645 0.2979090909090912
0.4485352941176469 0.28019480519480505
0.4806235294117648 0.3215194805194806
0.5207294117647059 0.4159610389610389
0.5421176470588237 0.5045194805194807
0.5715294117647061 0.6284805194805191
0.5795529411764706 0.7111298701298702
0.6410529411764705 0.25067532467532494
0.6838294117647057 0.26248051948051965
0.7266117647058823 0.30380519480519447
0.769394117647059 0.3274155844155846
0.8121764705882353 0.3333246753246753
}
