version: 2
n_points: 55
{
0.807986301369863 0.7663249999999998
0.8457739726027398 0.6283999999999998
0.9119041095890409 0.47322500000000006
0.9591369863013698 0.3008125
0.9119041095890409 0.16287499999999966
0.8292397260273974 0.0939124999999997
0.7418493150684932 0.06805000000000021
0.6615479452054795 0.07236249999999984
0.5765205479452056 0.10253749999999968
0.4796849315068492 0.15856250000000002
0.3993835616438356 0.2059750000000001
0.3356164383561644 0.24908750000000027
0.2718493150684931 0.3008125
0.20335616438356163 0.3783999999999999
0.141945205479452 0.45597500000000013
0.0947123287671231 0.5378749999999997
0.052198630136986224 0.6456375000000001
0.030938356164383563 0.7576999999999998
0.02857534246575355 0.8740875000000002
0.06400684931506873 0.9473624999999999
0.5694383561643834 0.6801124999999999
0.6544657534246576 0.61115
0.7418493150684932 0.5551124999999999
0.8127054794520546 0.4387374999999999
0.8623082191780821 0.3137374999999999
0.8434109589041094 0.19736249999999983
0.7914520547945207 0.13269999999999982
0.7182328767123289 0.14563750000000014
0.6497397260273974 0.14563750000000014
0.5718013698630138 0.19305000000000022
0.5198424657534246 0.2447749999999999
0.46315753424657524 0.27063750000000014
0.3993835616438356 0.3008125
0.3663219178082192 0.35253749999999967
0.3497876712328768 0.40856250000000005
0.5198424657534246 0.7275374999999997
0.47732876712328765 0.6973624999999999
0.4088356164383562 0.6887374999999999
0.3568698630136987 0.7576999999999998
0.31200000000000017 0.7620125000000002
0.34034246575342464 0.6628749999999997
0.3852123287671232 0.5594250000000003
0.3771986301369865 0.4538874999999997
0.39380136986301373 0.3554000000000002
0.4415410958904108 0.3250999999999998
0.48720547945205483 0.3326749999999997
0.5328630136986301 0.3781374999999997
0.5764520547945204 0.4387374999999999
0.6158904109589043 0.49934999999999974
0.6470205479452054 0.55995
0.5552671232876714 0.2447749999999999
0.6095890410958904 0.2447749999999999
0.671 0.26201250000000015
0.732404109589041 0.28787499999999966
0.8032602739726028 0.3137374999999999
}
