version: 2
n_points: 55
{
0.8869047619047619 0.06329113924050633
0.9226190476190477 0.20253164556962022
0.9523809523809523 0.35443037974683544
0.9702380952380952 0.49367088607594933
0.9345238095238095 0.6708860759493671
0.875 0.759493670886076
0.8035714285714286 0.8734177215189873
0.7321428571428572 0.9367088607594937
0.6547619047619048 0.9367088607594937
0.5952380952380952 0.8227848101265822
0.5355833333333334 0.7724683544303794
0.4681249999999999 0.7429367088607596
0.38876190476190486 0.7218354430379744
0.3074107142857142 0.6880759493670879
0.2141547619047619 0.6543291139240508
0.11495238095238103 0.6501012658227842
0.053440476190476205 0.5446202531645568
0.025666666666666726 0.44756962025316394
0.025666666666666726 0.31677215189873387
0.04352380952380963 0.21129113924050646
0.583202380952381 0.09313924050632849
0.7260595238095239 0.1395569620253162
0.8193154761904761 0.23237974683544238
0.8788392857142856 0.3420886075949364
0.8966964285714285 0.5150886075949368
0.8689166666666668 0.6712025316455693
0.7915357142857143 0.7598101265822782
0.6943154761904761 0.8442025316455697
0.6189166666666668 0.789341772151898
0.5494761904761906 0.7007341772151892
0.48995238095238103 0.6712025316455693
0.4304285714285715 0.6543291139240508
0.38082142857142864 0.6290126582278481
0.32725000000000004 0.5994683544303792
0.2697142857142858 0.5361772151898727
0.5455059523809522 0.0847088607594938
0.5117738095238096 0.14800000000000013
0.4641547619047619 0.16908860759493605
0.3966964285714285 0.11002531645569624
0.32725000000000004 0.10579746835442971
0.35304761904761917 0.21550632911392376
0.3748690476190477 0.3125569620253166
0.3748690476190477 0.4644556962025317
0.4125714285714286 0.5361772151898727
0.4820119047619048 0.5572784810126579
0.5375714285714286 0.5572784810126579
0.5990773809523808 0.5024303797468355
0.6387619047619049 0.40537974683544276
0.6526488095238094 0.287240506329114
0.6526488095238094 0.1353417721518988
0.5534404761904763 0.6543291139240508
0.614952380952381 0.6332278481012655
0.6784404761904763 0.5825949367088605
0.7379642857142857 0.5193037974683541
0.7736785714285714 0.4349113924050626
}
