version: 2
n_points: 55
{
0.5297564102564106 0.08724050632911387
0.4098205128205129 0.06478481012658222
0.2816153846153847 0.034158227848101214
0.145141025641026 0.044367088607594876
0.10378205128205163 0.08520253164556955
0.07069230769230782 0.13828481012658222
0.06656410256410265 0.21791139240506333
0.08310256410256446 0.28936708860759514
0.145141025641026 0.36082278481012653
0.21544871794871803 0.4200316455696203
0.24439743589743573 0.5078227848101265
0.3188333333333337 0.5996962025316457
0.34365384615384625 0.671151898734177
0.3849999999999997 0.7262784810126582
0.4015512820512824 0.7997784810126582
0.45117948717948725 0.8589873417721521
0.5669743589743589 0.9304430379746835
0.7406666666666666 0.9712784810126581
0.8854230769230768 0.9631139240506331
0.9474487179487181 0.9447341772151897
0.6910384615384617 0.37919620253164565
0.6207307692307689 0.3159050632911393
0.5669743589743589 0.2546582278481012
0.48425641025641014 0.20565822784810145
0.4015512820512824 0.1750316455696201
0.2733461538461542 0.1525759493670888
0.1492692307692304 0.136240506329114
0.1368717948717947 0.20974050632911398
0.16167948717948705 0.2750759493670885
0.21130769230769267 0.3363227848101266
0.21544871794871803 0.3975759493670887
0.24025641025641037 0.48332278481012664
0.28988461538461524 0.5527405063291141
0.34365384615384625 0.6139873417721519
0.45117948717948725 0.6772784810126582
0.7158589743589742 0.43840506329113904
0.7034487179487183 0.4935316455696203
0.6662307692307693 0.5833670886075951
0.6910384615384617 0.6609493670886076
0.7365384615384614 0.705860759493671
0.6910384615384617 0.6997405063291141
0.6538205128205127 0.6384873417721517
0.5462948717948717 0.628278481012658
0.4677179487179491 0.6017405063291138
0.36019230769230803 0.5323227848101267
0.3477820512820514 0.4751582278481012
0.3312435897435896 0.41594936708860775
0.3477820512820514 0.37919620253164565
0.43462820512820527 0.3404050632911392
0.5462948717948717 0.313867088607595
0.22784615384615373 0.30978481012658243
0.22784615384615373 0.27711392405063284
0.22784615384615373 0.24444936708860754
0.2195769230769232 0.21586708860759513
0.21544871794871803 0.1832025316455698
}
