version: 2
n_points: 55
{
0.9429027777777779 0.3647131782945736
0.953925925925926 0.5271317829457365
0.975972222222222 0.6674031007751939
0.9693564814814813 0.785527131782946
0.9186527777777777 0.892581395348837
0.8304675925925924 0.947953488372093
0.7533055555555558 0.9590232558139535
0.6651250000000002 0.9258062015503874
0.5923703703703704 0.8815038759689923
0.5152129629629627 0.8335193798449613
0.44687037037037036 0.7781472868217052
0.38293518518518543 0.7264651162790697
0.28813888888888917 0.6526356589147286
0.20216203703703717 0.5677364341085271
0.09854629629629608 0.4791472868217055
0.04783796296296283 0.3868604651162788
0.028000000000000025 0.28719379844961246
0.021384259259259353 0.18013953488372136
0.03461111111111115 0.08785271317829435
0.06547685185185204 0.03617829457364363
0.647486111111111 0.3130310077519378
0.7334675925925924 0.3204108527131785
0.8018055555555558 0.38317054263565875
0.8436944444444447 0.4791472868217055
0.8613333333333333 0.5972713178294573
0.8745601851851851 0.7190852713178295
0.8458981481481485 0.8408992248062015
0.7841712962962961 0.8593565891472871
0.7224444444444444 0.8667441860465117
0.6563055555555553 0.8408992248062015
0.5769398148148149 0.8113720930232556
0.513009259259259 0.7633798449612403
0.44466666666666665 0.7043178294573645
0.38513888888888914 0.6304883720930234
0.3190046296296295 0.5234418604651163
0.5306435185185187 0.16906976744186009
0.46009722222222205 0.20228682170542656
0.3895509259259261 0.22443410852713175
0.33443518518518545 0.18013953488372136
0.2749120370370369 0.16906976744186009
0.31238888888888894 0.2724263565891475
0.37412037037037016 0.33517829457364345
0.3895509259259261 0.48283720930232554
0.4512777777777778 0.5714263565891473
0.513009259259259 0.6157286821705424
0.587962962962963 0.6046511627906976
0.6320555555555556 0.5788139534883718
0.6651250000000002 0.5345116279069767
0.7026018518518515 0.4422325581395349
0.7533055555555558 0.3647131782945736
0.5381388888888892 0.7188062015503875
0.6168425925925929 0.7343100775193798
0.702490740740741 0.7381860465116279
0.7973981481481485 0.7226821705426356
0.8506388888888892 0.7033023255813953
}
