version: 2
n_points: 55
{
0.30034586466165436 0.7851265822784808
0.16286466165413535 0.6693924050632905
0.08122556390977441 0.5102658227848106
0.044706766917293216 0.30773417721519025
0.10700751879699269 0.14498734177215122
0.20152631578947366 0.07264556962025359
0.29605263157894735 0.06903797468354367
0.3948721804511276 0.11243037974683479
0.4936917293233083 0.13774683544303734
0.5903609022556389 0.18477215189873397
0.6526541353383458 0.24263291139240517
0.7149548872180451 0.3294303797468352
0.779406015037594 0.41984810126582284
0.8288120300751882 0.4921772151898728
0.8803684210526316 0.5500506329113918
0.9233308270676691 0.6187594936708855
0.9598571428571429 0.694708860759493
0.9684436090225563 0.7995949367088608
0.9405187969924812 0.8755443037974684
0.8739248120300754 0.9370253164556959
0.38627819548872183 0.6802405063291144
0.2939022556390977 0.6296075949367093
0.2251578947368423 0.5645189873417719
0.17360150375939848 0.47048101265822795
0.14567669172932332 0.3873037974683542
0.14567669172932332 0.24625316455696145
0.2101203007518799 0.15945569620253142
0.27457142857142836 0.15583544303797514
0.34331578947368424 0.1739113924050637
0.38842857142857146 0.18477215189873397
0.42924060150375937 0.19200000000000006
0.47650375939849626 0.19562025316455633
0.5151729323308268 0.20646835443038025
0.5495413533834587 0.22816455696202498
0.5882105263157896 0.25710126582278525
0.44212781954887215 0.7164177215189871
0.49798496240601525 0.6766329113924044
0.560285714285714 0.6766329113924044
0.5941654135338346 0.7616582278481019
0.6505563909774437 0.7760506329113923
0.6403082706766917 0.7098734177215195
0.601 0.6580886075949371
0.5975864661654134 0.5689113924050628
0.5753684210526316 0.48835443037974735
0.5326466165413533 0.45096202531645546
0.4830977443609023 0.40205063291139176
0.42841353383458636 0.413556962025317
0.3976541353383457 0.45959493670886065
0.3686015037593985 0.5545316455696202
0.35663909774436087 0.6293291139240504
0.3822706766917292 0.23231645569620196
0.3224661654135337 0.23231645569620196
0.2677819548872181 0.24094936708860715
0.2096842105263156 0.2639620253164551
0.16866917293233077 0.3042405063291136
}
