version: 2
n_points: 55
{
0.08940397350993377 0.36057692307692313
0.056291390728476824 0.47596153846153844
0.029801324503311258 0.6009615384615384
0.016556291390728478 0.75
0.06622516556291391 0.8557692307692308
0.15562913907284767 0.9423076923076923
0.25165562913907286 0.9759615384615384
0.3576158940397351 0.9711538461538461
0.46357615894039733 0.9278846153846154
0.5529801324503312 0.8701923076923077
0.6291390728476821 0.8076923076923077
0.7119205298013245 0.7259615384615384
0.7980132450331126 0.6298076923076923
0.8609271523178808 0.5336538461538461
0.9105960264900662 0.4423076923076923
0.9470198675496688 0.34615384615384615
0.9768211920529801 0.23557692307692313
0.9834437086092715 0.14903846153846156
0.9768211920529801 0.08653846153846156
0.9701986754966887 0.024038461538461564
0.39072847682119205 0.3028846153846154
0.32450331125827814 0.3221153846153846
0.23178807947019867 0.3653846153846154
0.17549668874172186 0.45192307692307687
0.12582781456953643 0.5480769230769231
0.11589403973509933 0.6634615384615384
0.1423841059602649 0.7788461538461539
0.1986754966887417 0.8701923076923077
0.27483443708609273 0.8798076923076923
0.3675496688741722 0.875
0.4602649006622517 0.8317307692307692
0.5298013245033113 0.7740384615384616
0.6225165562913907 0.7115384615384616
0.6920529801324503 0.625
0.7317880794701986 0.5
0.3741721854304636 0.20673076923076927
0.4470198675496689 0.24038461538461542
0.5562913907284768 0.2451923076923077
0.5894039735099338 0.17788461538461542
0.6589403973509934 0.13942307692307687
0.6655629139072847 0.22115384615384615
0.6258278145695364 0.2932692307692307
0.6390728476821192 0.40865384615384615
0.6258278145695364 0.4951923076923077
0.543046357615894 0.5240384615384616
0.4735099337748344 0.5096153846153846
0.4337748344370861 0.47596153846153844
0.39072847682119205 0.45192307692307687
0.3576158940397351 0.4375
0.32781456953642385 0.3653846153846154
0.609271523178808 0.6778846153846154
0.5066225165562914 0.75
0.4370860927152318 0.75
0.304635761589404 0.7451923076923077
0.18543046357615894 0.6826923076923077
}
