version: 2
n_points: 55
{
0.4083850931677019 0.0364963503649635
0.2468944099378882 0.043795620437956206
0.12888198757763975 0.12043795620437957
0.05434782608695652 0.27007299270072993
0.03571428571428571 0.44525547445255476
0.07608695652173914 0.5875912408759124
0.15062111801242237 0.7153284671532847
0.23136645962732919 0.8065693430656934
0.31521739130434784 0.8795620437956204
0.38664596273291924 0.9233576642335767
0.4829192546583851 0.9635036496350365
0.59472049689441 0.9635036496350365
0.6972049689440993 0.9416058394160584
0.796583850931677 0.9087591240875912
0.8524844720496895 0.8467153284671532
0.8928571428571429 0.8211678832116789
0.9301242236024845 0.8138686131386861
0.9611801242236024 0.7664233576642335
0.9736024844720497 0.7007299270072993
0.9704968944099379 0.6496350364963503
0.5139751552795031 0.4343065693430657
0.5201863354037267 0.32116788321167883
0.4829192546583851 0.19708029197080293
0.4332298136645963 0.12773722627737227
0.34006211180124224 0.10218978102189781
0.265527950310559 0.09854014598540146
0.17236024844720496 0.16058394160583941
0.10093167701863354 0.25547445255474455
0.07919254658385093 0.40145985401459855
0.12267080745341614 0.5547445255474452
0.17857142857142858 0.6313868613138686
0.2468944099378882 0.7262773722627737
0.3338509316770186 0.7846715328467153
0.42701863354037267 0.8394160583941606
0.5667701863354038 0.8832116788321168
0.6537267080745341 0.2956204379562044
0.6972049689440993 0.3722627737226277
0.7158385093167702 0.45255474452554745
0.781055900621118 0.46715328467153283
0.8369565217391305 0.5145985401459854
0.7934782608695652 0.656934306569343
0.7313664596273292 0.6496350364963503
0.6444099378881988 0.6934306569343066
0.5667701863354038 0.7408759124087592
0.4798136645962733 0.7408759124087592
0.37732919254658387 0.6715328467153284
0.3090062111801242 0.5547445255474452
0.34006211180124224 0.46715328467153283
0.41770186335403725 0.39416058394160586
0.4580745341614907 0.25547445255474455
0.2779503105590062 0.7226277372262774
0.19099378881987578 0.6094890510948905
0.15372670807453417 0.4927007299270073
0.14751552795031056 0.33941605839416056
0.16304347826086957 0.23722627737226276
}
