version: 2
n_points: 55
{
0.5429102564102561 0.143299065420561
0.4050897435897433 0.0755420560747666
0.2608589743589741 0.04984112149532735
0.1422692307692305 0.10124299065420586
0.0749615384615382 0.19236448598130867
0.0653461538461536 0.2975046728971965
0.06855128205128179 0.3839532710280376
0.09419230769230744 0.45871962616822454
0.12944871794871768 0.5171308411214955
0.15829487179487153 0.5942336448598133
0.1871410256410254 0.6526448598130844
0.22880769230769205 0.7110560747663554
0.28970512820512795 0.7764766355140189
0.3602179487179485 0.8302149532710282
0.44675641025641 0.8629252336448601
0.555730769230769 0.8839532710280377
0.664705128205128 0.9447009345794395
0.7864999999999998 0.9587196261682246
0.9179102564102561 0.9096542056074769
0.9371410256410254 0.7881588785046731
0.6134230769230766 0.5054485981308414
0.6102179487179484 0.4049813084112152
0.5461153846153843 0.3208691588785049
0.4852179487179485 0.2507757009345797
0.3858589743589741 0.18068224299065447
0.2544487179487177 0.1549813084112152
0.16470512820512795 0.1830186915887853
0.12944871794871768 0.28582242990654233
0.13906410256410232 0.36759813084112175
0.16149999999999975 0.4447009345794395
0.1871410256410254 0.5077850467289722
0.2031666666666664 0.5802149532710282
0.23842307692307665 0.6362897196261684
0.29291025641025614 0.7040467289719629
0.3666282051282049 0.7624579439252339
0.7095769230769228 0.4633925233644862
0.6871410256410254 0.5171308411214955
0.6871410256410254 0.6035794392523367
0.7480384615384613 0.6596542056074769
0.7704743589743587 0.7274112149532713
0.6679102564102561 0.7040467289719629
0.5973974358974357 0.6269439252336451
0.5012435897435895 0.6386261682242993
0.42111538461538434 0.6152616822429909
0.4050897435897433 0.5334859813084115
0.41149999999999975 0.45171028037383204
0.430730769230769 0.4143271028037386
0.4659871794871792 0.39563551401869185
0.5108589743589741 0.3886261682242993
0.555730769230769 0.3769439252336451
0.2768846153846151 0.6292803738317759
0.23521794871794846 0.5334859813084115
0.22880769230769205 0.42600934579439276
0.2480384615384613 0.3232056074766358
0.28649999999999975 0.21105607476635538
}
