version: 2
n_points: 55
{
0.15542168674698795 0.5868286713286712
0.07911566265060262 0.4061783216783218
0.026908433734939556 0.2954545454545454
0.012850602409638756 0.1759895104895104
0.024898795180723094 0.08275174825174836
0.08313253012048193 0.03321678321678323
0.15542168674698795 0.018646853146852993
0.2538144578313255 0.021562937062937215
0.35220963855421666 0.02447552447552448
0.45863373493975923 0.062353146853146746
0.5449807228915661 0.13228321678321664
0.6132530120481928 0.1789055944055945
0.7016072289156624 0.2284370629370629
0.7899590361445785 0.27505944055944065
0.8742963855421689 0.3828671328671329
0.9325301204819277 0.5168986013986013
0.9767060240963857 0.6713286713286714
0.9887542168674701 0.7907937062937064
0.9847397590361444 0.8927727272727272
0.9847397590361444 0.9831013986013987
0.400402409638554 0.6013986013986014
0.32007951807228935 0.5343811188811187
0.2497999999999998 0.4382272727272727
0.19558313253012027 0.3158496503496502
0.1534144578313251 0.18764685314685325
0.1614457831325301 0.12062937062937062
0.21766987951807248 0.10897552447552461
0.32811325301204797 0.11480069930069914
0.43855421686746987 0.1439405594405596
0.5188746987951809 0.196388111888112
0.5811253012048191 0.23717832167832154
0.6534144578313251 0.27214335664335654
0.7196795180722889 0.30710839160839143
0.7698795180722892 0.41200349650349644
0.8481927710843373 0.5518636363636362
0.4566265060240964 0.6625874125874126
0.5329325301204817 0.6713286713286714
0.619277108433735 0.668416083916084
0.6694771084337351 0.7674825174825175
0.735742168674699 0.8170174825174826
0.7598385542168676 0.7587412587412588
0.6975903614457831 0.630534965034965
0.7116457831325304 0.5314685314685315
0.691566265060241 0.4527972027972028
0.6212843373493978 0.41200349650349644
0.5389566265060239 0.4003496503496504
0.47269156626506004 0.4032622377622377
0.41445783132530123 0.4032622377622377
0.36224819277108455 0.4207447552447552
0.3060240963855422 0.48484965034965044
0.5389566265060239 0.2313531468531469
0.4606433734939757 0.20804195804195802
0.3863445783132532 0.196388111888112
0.30200722891566284 0.1934720279720279
0.21566265060240963 0.2517482517482518
}
