version: 2
n_points: 55
{
0.8877652582159624 0.4914909090909091
0.9455446009389672 0.37727272727272726
0.9726338028169014 0.2210909090909092
0.9383239436619718 0.09755151515151517
0.8534553990610328 0.03461212121212129
0.7505305164319249 0.03927272727272738
0.6710798122065728 0.07656969696969705
0.5970469483568075 0.1208606060606061
0.5302347417840376 0.1558242424242425
0.45620187793427225 0.20943636363636373
0.3984178403755868 0.2583878787878789
0.3604976525821596 0.29801818181818185
0.30271361502347427 0.36095151515151525
0.2503474178403756 0.4332121212121213
0.19256807511737084 0.4984848484848485
0.10950234741784048 0.5567575757575758
0.053525821596244194 0.6383393939393941
0.021023474178403778 0.7245878787878789
0.02463380281690153 0.8644484848484849
0.1347840375586855 0.9740060606060607
0.6313521126760564 0.6803030303030303
0.7252488262910799 0.6360121212121213
0.7758075117370893 0.5311151515151517
0.8137276995305165 0.41923030303030306
0.8462300469483569 0.29568484848484855
0.8733192488262911 0.19312121212121217
0.8281737089201878 0.11153333333333346
0.745112676056338 0.09288484848484861
0.6927464788732395 0.13484848484848486
0.6078779342723005 0.19312121212121217
0.5338450704225353 0.2071090909090909
0.47425821596244133 0.23274545454545467
0.4164741784037559 0.2840303030303031
0.35869014084507045 0.35629090909090916
0.3117417840375587 0.4518606060606062
0.557319248826291 0.729248484848485
0.4868967136150235 0.7059393939393941
0.38036150234741783 0.740909090909091
0.32076995305164324 0.8085030303030304
0.26299061032863846 0.8434727272727273
0.28284976525821603 0.7385757575757577
0.3785539906103287 0.65
0.38036150234741783 0.5544242424242425
0.40202816901408456 0.4518606060606062
0.4417558685446009 0.35862424242424246
0.5103708920187793 0.3143333333333334
0.5789859154929577 0.32132727272727274
0.6205211267605634 0.36561212121212133
0.6530234741784038 0.4635151515151516
0.6999718309859155 0.5777333333333334
0.5934319248826292 0.21176969696969702
0.6692723004694836 0.2164303030303031
0.7324741784037558 0.22808484848484858
0.7884507042253521 0.23041818181818186
0.8335915492957746 0.23041818181818186
}
