version: 2
n_points: 55
{
0.1917808219178082 0.591304347826087
0.1095890410958904 0.4956521739130435
0.047251141552511214 0.3894173913043477
0.02541095890410984 0.2570869565217391
0.05717808219178104 0.1398869565217391
0.12467579908675787 0.06805217391304341
0.19217808219178079 0.0453652173913045
0.2934292237442921 0.06426956521739124
0.4006347031963472 0.07561739130434786
0.5078401826484018 0.11341739130434791
0.5912237442922372 0.14366956521739127
0.676593607305936 0.1701304347826087
0.7520365296803654 0.23062608695652165
0.8076255707762557 0.33270434782608693
0.875123287671233 0.4650260869565218
0.9366666666666666 0.5671043478260871
0.9724063926940639 0.7183391304347825
0.9803470319634704 0.8657826086956522
0.9565205479452052 0.9338347826086958
0.9088721461187215 0.9640869565217391
0.39666666666666667 0.6465043478260871
0.327178082191781 0.5595478260869566
0.2457808219178083 0.5141739130434783
0.17232420091324216 0.42721739130434777
0.1326164383561644 0.30623478260869574
0.11474885844748857 0.20793913043478274
0.16239726027397286 0.09073913043478266
0.2318858447488585 0.10586086956521745
0.29739726027397256 0.12476521739130442
0.36688584474885827 0.14745217391304344
0.4403424657534244 0.14745217391304344
0.5197534246575344 0.15122608695652162
0.6150502283105024 0.15879130434782607
0.6805616438356165 0.2381826086956521
0.7123287671232876 0.3818521739130436
0.4204885844748858 0.710773913043478
0.4800456621004566 0.6313826086956522
0.5614474885844749 0.6238173913043479
0.6249771689497717 0.7372434782608697
0.7004155251141551 0.8090695652173914
0.6984337899543379 0.6767478260869565
0.6210045662100456 0.5557652173913045
0.6348995433789955 0.40075652173913034
0.6348995433789955 0.28733043478260867
0.5991643835616438 0.23062608695652165
0.5296803652968036 0.22684347826086948
0.46217808219178075 0.2381826086956521
0.40460730593607325 0.2948956521739131
0.37681278538812807 0.4196608695652173
0.3490182648401824 0.5104
0.418502283105023 0.16634782608695642
0.35100456621004567 0.1814782608695653
0.28747488584474884 0.23440869565217382
0.2159999999999999 0.2797739130434783
0.1643835616438356 0.31379999999999986
}
