version: 2
n_points: 55
{
0.8896993865030676 0.5662952380952382
0.9307423312883436 0.442161904761905
0.9668282208588959 0.30210476190476193
0.9523926380368098 0.15644761904761925
0.8784171779141106 0.07521904761904785
0.7719570552147239 0.055609523809523796
0.692564417177914 0.06120952380952401
0.6185828220858895 0.08361904761904736
0.5446012269938649 0.12843809523809513
0.4561840490797546 0.18725714285714265
0.365963190184049 0.2488857142857141
0.29017791411042937 0.2937047619047619
0.21258895705521463 0.40855238095238117
0.1638711656441718 0.49538095238095226
0.1061288343558281 0.5429999999999998
0.07365030674846618 0.6018285714285715
0.03576073619631903 0.6886571428571431
0.030343558282208805 0.7698952380952381
0.05741104294478527 0.8763333333333332
0.08447852760736185 0.9547714285714284
0.5987300613496933 0.6886571428571431
0.6582760736196318 0.6326380952380954
0.7124110429447852 0.5906190476190475
0.7611288343558283 0.5429999999999998
0.8152638036809814 0.442161904761905
0.856760736196319 0.34972380952380955
0.854957055214724 0.23767619047619065
0.8369141104294477 0.15084761904761904
0.7791717791411042 0.131238095238095
0.7124110429447852 0.13963809523809503
0.6402331288343559 0.1620476190476189
0.5734723926380367 0.2068666666666667
0.4940797546012271 0.2180761904761907
0.4182944785276075 0.27409523809523784
0.365963190184049 0.3525238095238094
0.5698650306748465 0.8063047619047617
0.530165644171779 0.7642952380952379
0.44535582822085895 0.7530857142857144
0.40566257668711647 0.8063047619047617
0.3479202453987731 0.831514285714286
0.34611656441717775 0.7614857142857144
0.4200981595092025 0.6130285714285714
0.4255092024539877 0.5458000000000003
0.40566257668711647 0.4841809523809524
0.4345337423312884 0.3749333333333333
0.5030981595092024 0.31331428571428593
0.5608404907975458 0.3301142857142855
0.607754601226994 0.3749333333333333
0.6402331288343559 0.47858095238095216
0.6709079754601227 0.5850190476190478
0.5987300613496933 0.21246666666666691
0.6456441717791412 0.22647619047619022
0.7088036809815952 0.2180761904761907
0.7719570552147239 0.22087619047619056
0.8134539877300615 0.2572857142857142
}
