version: 2
n_points: 55
{
0.8270567375886526 0.656894736842105
0.9157092198581561 0.5055789473684208
0.9600354609929078 0.39044210526315776
0.9533829787234044 0.25557894736842074
0.8979787234042553 0.15689473684210498
0.8248368794326243 0.08123157894736825
0.7295390070921987 0.058210526315789185
0.6120709219858158 0.058210526315789185
0.5322836879432626 0.0976842105263155
0.44806382978723414 0.15359999999999985
0.37936170212765963 0.2128105263157893
0.3062198581560285 0.281894736842105
0.2707588652482271 0.3476842105263155
0.23086524822695054 0.42005263157894707
0.18875886524822705 0.47926315789473656
0.10897163120567377 0.5285999999999998
0.051347517730496506 0.6108421052631576
0.031397163120567506 0.7489999999999997
0.06907801418439719 0.8542631578947365
0.11783687943262422 0.9529473684210523
0.6032056737588654 0.5943894736842104
0.7095886524822697 0.5680736842105262
0.8071063829787235 0.5121578947368418
0.8647304964539009 0.423336842105263
0.8913262411347519 0.3378105263157893
0.8558652482269505 0.24570526315789457
0.7915957446808511 0.15689473684210498
0.7029432624113476 0.1700526315789471
0.6475319148936172 0.1864947368421051
0.587695035460993 0.1864947368421051
0.5234184397163122 0.1963684210526313
0.4569290780141846 0.22596842105263143
0.40152482269503553 0.27859999999999985
0.3505460992907803 0.34438947368421036
0.312872340425532 0.4529473684210523
0.5588794326241135 0.7588631578947367
0.4790921985815604 0.7489999999999997
0.42590070921985834 0.7424210526315786
0.37936170212765963 0.8246526315789472
0.3328156028368796 0.8443894736842104
0.3527659574468086 0.7325473684210525
0.4369858156028369 0.6207052631578945
0.4192553191489362 0.47926315789473656
0.463581560283688 0.3838631578947367
0.5367163120567378 0.3279473684210523
0.5987730496453902 0.34110526315789447
0.6364539007092199 0.3970210526315788
0.6630496453900709 0.4529473684210523
0.6829929078014185 0.5055789473684208
0.7029432624113476 0.5516315789473681
0.6719148936170214 0.20294736842105235
0.7339716312056739 0.1996526315789472
0.7760780141843973 0.20623157894736827
0.8181914893617022 0.281894736842105
0.8381347517730497 0.3641263157894735
}
