version: 2
n_points: 55
{
0.6683673469387755 0.09667810457516345
0.5153061224489796 0.057870915032679784
0.3469387755102041 0.021106209150326845
0.17346938775510204 0.008851307189542532
0.05612244897959184 0.04561601307189547
0.02040816326530612 0.13140032679738567
0.04081632653061224 0.22943954248366
0.030612244897959183 0.32135130718954236
0.09693877551020408 0.41734803921568614
0.12755102040816327 0.4970049019607842
0.15816326530612246 0.5623643790849672
0.20408163265306123 0.6297663398692809
0.2653061224489796 0.7135081699346404
0.34183673469387754 0.7911225490196077
0.46938775510204084 0.8544395424836599
0.5714285714285714 0.9034591503267972
0.7295918367346939 0.9422663398692809
0.8928571428571429 0.9933284313725489
0.9693877551020408 0.9504362745098038
0.9795918367346939 0.8850767973856207
0.7295918367346939 0.41530555555555543
0.6581632653061225 0.35198856209150314
0.5612244897959183 0.2662042483660129
0.47959183673469385 0.19063235294117634
0.3877551020408163 0.1232303921568628
0.24489795918367346 0.07216830065359482
0.10204081632653061 0.08442320261437913
0.09183673469387756 0.14978267973856213
0.11734693877551021 0.23760947712418287
0.14285714285714285 0.32339379084967307
0.1683673469387755 0.40917810457516324
0.20408163265306123 0.48474999999999985
0.22959183673469388 0.5541944444444443
0.29081632653061223 0.6318088235294116
0.41836734693877553 0.6992107843137254
0.7295918367346939 0.4459428104575162
0.7142857142857143 0.49087745098039204
0.7091836734693877 0.5582794117647057
0.7857142857142857 0.6134264705882352
0.8571428571428571 0.658361111111111
0.8112244897959183 0.6808284313725489
0.7091836734693877 0.6644885620915031
0.5663265306122449 0.6542761437908495
0.44387755102040816 0.6113839869281045
0.3979591836734694 0.5521519607843136
0.37244897959183676 0.48679248366013056
0.3826530612244898 0.42756045751633975
0.45918367346938777 0.37649836601307174
0.5204081632653061 0.35607352941176457
0.5969387755102041 0.3295212418300652
0.19387755102040816 0.3928382352941175
0.23469387755102042 0.3376911764705881
0.23979591836734693 0.27845915032679724
0.25 0.20288725490196063
0.32142857142857145 0.12731535947712425
}
