version: 2
n_points: 55
{
0.8170793201133144 0.7090395480225988
0.8919461756373936 0.6121864406779659
0.9526515580736542 0.4911242937853106
0.9850254957507084 0.3539152542372883
0.9830028328611898 0.24495480225988683
0.9506260623229462 0.13599435028248602
0.8899235127478754 0.04721468926553656
0.8089830028328613 0.031073446327683617
0.7462577903682719 0.031073446327683617
0.6754362606232294 0.07546327683615803
0.6046147308781868 0.14810169491525454
0.4710651558073653 0.17231638418079095
0.35370254957507075 0.19653107344632736
0.2312832861189803 0.26588700564971757
0.12328045325779047 0.3682881355932204
0.054229461756374 0.49540677966101704
0.013507082152974581 0.6578361581920905
0.027671388101983108 0.8096723163841809
0.06131161473087832 0.919135593220339
0.10911614730878194 0.975632768361582
0.534045325779037 0.763768361581921
0.6367365439093485 0.707271186440678
0.7429688385269122 0.6331186440677967
0.8279546742209632 0.5342485875706215
0.8916940509915015 0.40712994350282494
0.9182521246458925 0.28001129943502834
0.9040878186968839 0.19173446327683621
0.8615949008498585 0.11405084745762718
0.7872322946175638 0.09639548022598876
0.7252634560906517 0.12464406779661023
0.6703767705382437 0.1564237288135594
0.6331954674220964 0.1776101694915255
0.5747677053824363 0.18467231638418086
0.49686402266288965 0.1952655367231639
0.41364872521246465 0.2376384180790961
0.5181104815864024 0.8626384180790961
0.479158640226629 0.7990790960451978
0.40656657223796044 0.7531751412429379
0.3357450424929179 0.7849548022598871
0.28085835694051 0.8132033898305085
0.3215807365439094 0.7213954802259888
0.3977138810198301 0.6366497175141244
0.4047960339943344 0.5801525423728814
0.43312464589235133 0.5060000000000001
0.4986345609065157 0.4777514124293786
0.5358158640226629 0.4989378531073447
0.5783087818696885 0.5554350282485876
0.6084079320113316 0.5907457627118645
0.62257223796034 0.6331186440677967
0.6385070821529746 0.6754915254237289
0.3817790368271955 0.37181920903954807
0.48092917847025507 0.25882485875706224
0.5977847025495752 0.26588700564971757
0.6987053824362607 0.32238418079096054
0.8456600566572239 0.32944632768361587
}
