version: 2
n_points: 55
{
0.831948717948718 0.3563417721518989
0.8967282051282053 0.5295696202531648
0.9480102564102565 0.609506329113924
0.9696 0.7161012658227848
0.9345128205128206 0.8293670886075949
0.8697384615384615 0.8759999999999999
0.8022615384615384 0.8893291139240507
0.7266871794871795 0.9292911392405063
0.6349179487179488 0.9159746835443037
0.5674410256410257 0.8893291139240507
0.5026666666666666 0.9159746835443037
0.4351897435897437 0.9159746835443037
0.35961538461538467 0.9220506329113924
0.2815794871794872 0.9000379746835443
0.19685128205128188 0.8284936708860758
0.12327179487179496 0.7349367088607595
0.056384615384615366 0.5698227848101267
0.022938461538461352 0.3716962025316456
0.034087179487179764 0.21208860759493664
0.027394871794871767 0.05799999999999994
0.5981897435897435 0.31665822784810116
0.6873743589743591 0.3386708860759493
0.7609538461538463 0.34968354430379744
0.8033179487179487 0.4762658227848101
0.8412205128205129 0.5918354430379746
0.8568307692307692 0.6578860759493671
0.8412205128205129 0.8229873417721519
0.7899384615384616 0.8229873417721519
0.7319692307692307 0.8284936708860758
0.6606205128205129 0.8284936708860758
0.5892717948717949 0.845
0.5223794871794871 0.8890379746835442
0.4532615384615386 0.9000379746835443
0.3908307692307692 0.9055443037974683
0.3150205128205127 0.7624556962025316
0.553594871794872 0.30565822784810115
0.5156923076923077 0.3661898734177216
0.45103076923076935 0.38270886075949373
0.39306153846153846 0.35518987341772157
0.34177948717948714 0.3606962025316456
0.35515384615384615 0.4267341772151897
0.42204615384615374 0.45425316455696196
0.42204615384615374 0.6248607594936709
0.4019794871794873 0.7459367088607596
0.45103076923076935 0.7129240506329113
0.5134615384615384 0.6413670886075951
0.5491384615384616 0.5918354430379746
0.580348717948718 0.5037848101265824
0.6004205128205128 0.4322405063291138
0.6583897435897437 0.3772025316455697
0.6227128205128204 0.8064810126582279
0.6695384615384615 0.7734556962025316
0.7074410256410257 0.7459367088607596
0.7364256410256411 0.7074177215189873
0.7899384615384616 0.6743924050632912
}
