version: 2
n_points: 55
{
0.9280447761194031 0.17386923076923083
0.8001194029850747 0.10353846153846138
0.6892388059701493 0.055184615384615214
0.5357164179104478 0.04199999999999984
0.3608805970149254 0.088153846153846
0.22441791044776122 0.15628461538461544
0.15619402985074632 0.25079230769230776
0.11780597014925374 0.33210769230769216
0.07943283582089557 0.415623076923077
0.07943283582089557 0.488153846153846
0.08370149253731349 0.5606769230769229
0.10074626865671642 0.6354076923076923
0.139134328358209 0.7101307692307692
0.18604477611940304 0.7716692307692308
0.2542686567164179 0.8485923076923078
0.348089552238806 0.8947461538461539
0.4419104477611941 0.9409000000000001
0.5442537313432836 0.9672692307692308
0.6508656716417911 0.9584846153846155
0.7489402985074627 0.9299076923076921
0.7105671641791046 0.4573846153846152
0.7617313432835822 0.3672692307692308
0.7873134328358209 0.2683692307692306
0.7361492537313433 0.1936461538461537
0.672179104477612 0.15188461538461542
0.5399850746268657 0.17386923076923083
0.40779104477611944 0.2046384615384616
0.28411940298507465 0.24419230769230774
0.21162686567164182 0.3277153846153847
0.17325373134328365 0.41342307692307695
0.15619402985074632 0.4903461538461539
0.16471641791044778 0.5496923076923075
0.22868656716417915 0.609030769230769
0.3225074626865672 0.6595769230769231
0.40352238805970153 0.7145230769230767
0.8683432835820896 0.483753846153846
0.7617313432835822 0.5189230769230768
0.7020298507462687 0.6068307692307691
0.7532089552238806 0.6771615384615385
0.7489402985074627 0.7365
0.6807164179104478 0.7474923076923076
0.5911641791044777 0.6947461538461539
0.5144029850746269 0.6266153846153845
0.3864626865671642 0.613423076923077
0.3182388059701493 0.5452923076923075
0.348089552238806 0.4727692307692306
0.4333731343283582 0.41342307692307695
0.5058656716417911 0.3848538461538462
0.5996865671641791 0.35848461538461546
0.6935074626865673 0.3518846153846154
0.19029850746268656 0.4683692307692306
0.22441791044776122 0.4024384615384616
0.2670597014925373 0.33430769230769214
0.348089552238806 0.2727692307692306
0.4291044776119403 0.23320769230769237
}
