version: 2
n_points: 55
{
0.761666666666667 0.12944590163934425
0.6135185185185189 0.07089508196721327
0.4283333333333337 0.028740983606557254
0.24314814814814847 0.017032786885246065
0.1259555555555557 0.05914426229508193
0.05577777777777758 0.135072131147541
0.044081481481481645 0.2040983606557377
0.0713703703703703 0.2800262295081968
0.11815555555555572 0.3594032786885248
0.15714074074074116 0.4456852459016392
0.19222962962962978 0.5405967213114753
0.23511851851851842 0.6165213114754098
0.2857999999999998 0.7217868852459016
0.34037777777777795 0.792537704918033
0.422511111111111 0.8655868852459017
0.4965851851851851 0.9224196721311474
0.6200444444444446 0.9726918032786886
0.7385629629629631 0.9836196721311472
0.8669555555555555 0.9661344262295084
0.9657185185185182 0.9464622950819673
0.7681925925925928 0.37815737704918023
0.7484370370370369 0.31258360655737694
0.6990518518518515 0.21859344262295097
0.5854740740740739 0.1726918032786887
0.42745185185185197 0.13990491803278704
0.2990518518518515 0.1158622950819671
0.17560000000000012 0.12241967213114743
0.1311555555555557 0.17487868852459004
0.13608888888888857 0.2360786885245902
0.17065925925925918 0.30602622950819663
0.19041481481481495 0.3890852459016395
0.20522962962962976 0.4634032786885245
0.24967407407407421 0.5399049180327871
0.3286814814814812 0.609849180327869
0.3879407407407404 0.6666819672131147
0.8126370370370372 0.531160655737705
0.7632518518518517 0.5858065573770493
0.7336222222222222 0.6404524590163934
0.7780666666666666 0.6819803278688525
0.7978222222222223 0.7278819672131148
0.7286814814814812 0.692911475409836
0.6793037037037039 0.6295213114754099
0.5459703703703706 0.609849180327869
0.4521407407407406 0.5770622950819673
0.39782222222222235 0.5158622950819671
0.37806666666666655 0.47214426229508205
0.3830074074074075 0.41312786885245906
0.4570814814814816 0.37597049180327885
0.5360888888888886 0.33881311475409825
0.6595481481481481 0.2972819672131149
0.20522962962962976 0.3606688524590165
0.2002888888888888 0.2994688524590163
0.20522962962962976 0.24700983606557367
0.21016296296296264 0.19455081967213103
0.2151037037037036 0.1333475409836067
}
