version: 2
n_points: 55
{
0.16044339622641515 0.8050877192982454
0.09569811320754722 0.646842105263158
0.07534905660377353 0.5264561403508774
0.05500000000000012 0.41980701754385974
0.0827452830188678 0.29942105263157903
0.13453773584905657 0.18933333333333335
0.21038679245283007 0.11021052631578965
0.34171698113207527 0.093017543859649
0.4564056603773587 0.13429824561403514
0.5507452830188682 0.18245614035087732
0.6191886792452832 0.2512456140350876
0.6672830188679247 0.30629824561403507
0.7301792452830189 0.37164912280701756
0.7819716981132077 0.4438947368421051
0.8337641509433964 0.5264561403508774
0.87261320754717 0.5986842105263158
0.8948113207547171 0.6812456140350875
0.9225566037735848 0.743175438596491
0.9540000000000002 0.8119649122807019
0.9373584905660378 0.9186140350877191
0.43050943396226427 0.7810175438596492
0.354669811320755 0.7878947368421052
0.2843773584905661 0.743175438596491
0.20668867924528295 0.7328421052631577
0.1678396226415094 0.64340350877193
0.13453773584905657 0.45764912280701775
0.1770849056603775 0.3819649122807016
0.22702830188679243 0.29942105263157903
0.2880754716981132 0.21685964912280686
0.37316981132075455 0.20652631578947356
0.43975471698113183 0.2512456140350876
0.5100471698113207 0.2856491228070177
0.5784905660377357 0.3372456140350879
0.6376886792452833 0.3922982456140349
0.680235849056604 0.4920526315789473
0.47305660377358494 0.8326140350877194
0.5433490566037739 0.818842105263158
0.606235849056604 0.8463684210526314
0.6469339622641508 0.9048421052631578
0.674679245283019 0.8601228070175436
0.6247358490566036 0.7810175438596492
0.5932924528301887 0.6915789473684208
0.5988396226415093 0.5470877192982456
0.5636981132075473 0.48517543859649126
0.5174528301886795 0.4542105263157892
0.4508584905660377 0.47140350877192994
0.4101603773584903 0.5298947368421054
0.3805660377358488 0.6021228070175438
0.35651886792452825 0.6846842105263156
0.3324716981132077 0.743175438596491
0.4212641509433962 0.2718947368421051
0.3713207547169813 0.2890877192982457
0.3269245283018868 0.30629824561403507
0.2843773584905661 0.3097368421052632
0.24552830188679256 0.34070175438596473
}
