version: 2
n_points: 55
{
0.7712741935483869 0.21986033519553083
0.638032258064516 0.12270391061452514
0.46271774193548393 0.04497765363128485
0.28740322580645145 0.032832402234636925
0.11208870967741937 0.10812849162011183
0.04546774193548391 0.22472067039106158
0.05247580645161294 0.3145921787709498
0.08403225806451603 0.44089385474860343
0.11208870967741937 0.5234804469273742
0.17169354838709694 0.6036368715083799
0.24883064516129047 0.6789329608938547
0.3084354838709676 0.7445139664804468
0.40661290322580657 0.8173854748603353
0.5153145161290322 0.8586759776536311
0.5854354838709677 0.904826815642458
0.6625725806451612 0.9461173184357543
0.7256935483870967 0.9728379888268155
0.792306451612903 0.9752625698324022
0.9010080645161292 0.9655474860335197
0.9606129032258063 0.9096815642458103
0.7046532258064517 0.44818435754189956
0.6836129032258063 0.36316759776536317
0.599459677419355 0.2635810055865921
0.4977822580645163 0.181
0.37505645161290324 0.15670949720670385
0.2207822580645162 0.16156424581005596
0.13662903225806458 0.24900558659217878
0.1296129032258065 0.32916201117318444
0.16117741935483862 0.43360893854748594
0.19623387096774214 0.5040502793296091
0.2523387096774195 0.581776536312849
0.3014274193548388 0.6643575418994414
0.40661290322580657 0.7080782122905027
0.522322580645161 0.7420837988826817
0.6099838709677418 0.8149553072625699
0.7537419354838709 0.46761452513966467
0.7467258064516129 0.5404804469273742
0.7467258064516129 0.5987765363128491
0.8273709677419354 0.6497877094972068
0.8519193548387095 0.7105083798882681
0.7712741935483869 0.6910782122905027
0.6836129032258063 0.6157821229050281
0.5854354838709677 0.6206368715083799
0.49427419354838725 0.6206368715083799
0.4521935483870968 0.5914916201117318
0.43116129032258066 0.5089050279329609
0.4592096774193549 0.42146368715083804
0.5153145161290322 0.3826033519553072
0.5398548387096774 0.3534525139664803
0.6134838709677419 0.3315921787709498
0.325967741935484 0.6327821229050278
0.2698709677419355 0.5307653631284917
0.2698709677419355 0.41903351955307266
0.29791935483870974 0.3145921787709498
0.3189596774193547 0.22472067039106158
}
