version: 2
n_points: 55
{
0.8905908096280087 0.7582417582417582
0.9409190371991247 0.6373626373626373
0.9803063457330415 0.45604395604395603
0.9890590809628009 0.32967032967032966
0.9693654266958425 0.21978021978021978
0.912472647702407 0.14835164835164835
0.8271334792122538 0.08241758241758242
0.737417943107221 0.04395604395604396
0.6433260393873086 0.027472527472527472
0.5448577680525164 0.10989010989010989
0.4573304157549234 0.18681318681318682
0.3676148796498906 0.24725274725274726
0.2669584245076586 0.33516483516483514
0.1859956236323851 0.45604395604395603
0.1334792122538293 0.521978021978022
0.08096280087527352 0.5934065934065934
0.03719912472647702 0.6648351648351648
0.01094091903719907 0.7967032967032966
0.01969365426695846 0.9010989010989011
0.05032822757111599 0.9725274725274725
0.6083150984682713 0.8186813186813187
0.6805251641137855 0.7637362637362637
0.7527352297592997 0.6868131868131868
0.8096280087527352 0.5989010989010989
0.862144420131291 0.4945054945054945
0.912472647702407 0.3956043956043956
0.9277899343544858 0.34065934065934067
0.888402625820569 0.2802197802197802
0.8315098468271335 0.21978021978021978
0.7527352297592997 0.17032967032967034
0.6652078774617067 0.15934065934065933
0.5820568927789934 0.2087912087912088
0.4967177242888403 0.3076923076923077
0.4091903719912473 0.4065934065934066
0.33916849015317285 0.5274725274725275
0.5689277899343546 0.8296703296703297
0.525164113785558 0.7692307692307693
0.42450765864332607 0.7637362637362637
0.38730853391684905 0.8406593406593407
0.3107221006564551 0.9010989010989011
0.4026258205689278 0.7967032967032966
0.3982494529540481 0.6648351648351648
0.4201312910284464 0.5879120879120879
0.4573304157549234 0.5769230769230769
0.4989059080962801 0.5659340659340659
0.5470459518599562 0.5714285714285714
0.5886214442013129 0.5824175824175825
0.6301969365426696 0.6098901098901099
0.6477024070021882 0.6813186813186813
0.6542669584245077 0.7637362637362637
0.4901531728665208 0.38461538461538464
0.5842450765864333 0.3901098901098901
0.6783369803063457 0.4065934065934066
0.774617067833698 0.4065934065934066
0.838074398249453 0.4340659340659341
}
