version: 2
n_points: 55
{
0.7836086956521741 0.14481034482758626
0.9019021739130434 0.357793103448276
0.9370652173913044 0.5758448275862069
0.8763260869565219 0.7533275862068962
0.754836956521739 0.885172413793103
0.6836739130434782 0.9087758620689655
0.5773369565217392 0.9050172413793101
0.4899130434782609 0.8712931034482763
0.4332065217391303 0.8113103448275859
0.3788586956521738 0.7625862068965521
0.3174130434782608 0.7176206896551727
0.27960869565217383 0.6726379310344823
0.22998913043478253 0.5939310344827582
0.17328260869565226 0.49648275862068947
0.1449239130434783 0.4252586206896555
0.12129347826086945 0.3540517241379315
0.07167391304347814 0.2640862068965518
0.04804347826086941 0.16289655172413753
0.06458695652173918 0.09543103448275903
0.13073913043478247 0.07293103448275895
0.5560760869565217 0.26034482758620725
0.6198695652173912 0.22660344827586154
0.6813152173913044 0.2678448275862073
0.7592934782608695 0.3203103448275858
0.8254565217391305 0.43275862068965554
0.8254565217391305 0.5639482758620691
0.8183586956521738 0.6688965517241379
0.74275 0.770086206896552
0.6860326086956523 0.8225689655172415
0.59625 0.8075689655172413
0.5017282608695651 0.770086206896552
0.4261086956521739 0.7288620689655172
0.3670434782608696 0.691379310344828
0.32451086956521724 0.6164137931034485
0.2961521739130436 0.5452068965517244
0.5348043478260869 0.15913793103448304
0.46392391304347835 0.1703965517241376
0.3906739130434783 0.18912068965517226
0.35050000000000014 0.12541379310344825
0.29851086956521733 0.12915517241379282
0.33159782608695654 0.2640862068965518
0.4048478260869566 0.29406896551724104
0.40011956521739134 0.41401724137930995
0.4142934782608697 0.5152241379310342
0.46864130434782614 0.5676896551724135
0.5442608695652174 0.5639482758620691
0.5891521739130434 0.5264655172413797
0.6127826086956523 0.485224137931034
0.6458695652173911 0.4252586206896555
0.6529565217391304 0.3015689655172411
0.48755434782608686 0.7476034482758619
0.5726195652173914 0.7438448275862064
0.6435 0.7101206896551726
0.7191195652173912 0.6538965517241377
0.7852826086956523 0.6276551724137931
}
