version: 2
n_points: 55
{
0.9680691056910569 0.5101860465116281
0.9793617886178861 0.6587674418604651
0.954520325203252 0.8245697674418606
0.8664430894308942 0.9386976744186045
0.7377195121951221 0.96884496124031
0.6383495934959349 0.9774573643410851
0.5683414634146342 0.9516162790697676
0.47800813008130094 0.9193178294573642
0.43284146341463436 0.8697906976744184
0.36960569105691055 0.8181124031007752
0.31089024390243925 0.7685852713178293
0.2318455284552845 0.7125968992248063
0.170869918699187 0.660918604651163
0.10763821138211405 0.5790930232558138
0.053434959349593414 0.48865503875968985
0.024077235772357763 0.383139534883721
0.01730081300812991 0.2754767441860464
0.026337398373983856 0.19795736434108524
0.0647276422764228 0.1247441860465115
0.10537804878048784 0.01923255813953484
0.525430894308943 0.47358139534883714
0.6248008130081302 0.5037286821705427
0.7106178861788619 0.5467945736434108
0.8280528455284554 0.5920116279069769
0.8641869918699188 0.6889108527131784
0.8235365853658538 0.8116511627906975
0.7219105691056912 0.8870155038759691
0.6541585365853659 0.8956317829457363
0.566081300813008 0.8525658914728682
0.5005894308943089 0.7922713178294571
0.4102560975609756 0.7578178294573645
0.3560569105691058 0.7018333333333333
0.2928211382113821 0.6501511627906977
0.2453983739837401 0.6135465116279069
0.21829674796747978 0.5769379844961241
0.6541585365853659 0.37668217054263553
0.5886666666666667 0.38960077519379865
0.45316666666666683 0.3594534883720931
0.421548780487805 0.2883953488372091
0.34250406504065034 0.26686046511627914
0.34702439024390264 0.35299612403100766
0.36960569105691055 0.4003682170542634
0.3402479674796749 0.4498953488372093
0.3312154471544717 0.5295658914728684
0.3876747967479677 0.6113914728682172
0.46897560975609776 0.6156976744186047
0.5344674796747969 0.6113914728682172
0.5841504065040651 0.5984728682170541
0.6293170731707318 0.5726317829457366
0.6699674796747968 0.5446395348837212
0.4847804878048779 0.7685852713178293
0.5457560975609754 0.8008837209302327
0.6202845528455285 0.8353372093023258
0.6812601626016261 0.8482558139534885
0.735459349593496 0.843949612403101
}
