version: 2
n_points: 55
{
0.7552244897959178 0.16114423076923062
0.6886734693877552 0.1088846153846155
0.564448979591837 0.07335576923076914
0.43579591836734666 0.052451923076923194
0.3159999999999996 0.08380769230769239
0.2228367346938772 0.13397115384615377
0.16071428571428573 0.20503846153846167
0.13410204081632707 0.2844711538461539
0.10748979591836727 0.3576346153846153
0.10304081632653017 0.43706730769230784
0.10748979591836727 0.503951923076923
0.1474081632653064 0.5833846153846156
0.213959183673469 0.654451923076923
0.3159999999999996 0.7088076923076924
0.3902857142857148 0.7525576923076925
0.5299387755102037 0.8065384615384615
0.6373469387755106 0.8436442307692306
0.7483265306122451 0.8908846153846153
0.8449999999999994 0.9330576923076924
0.9166122448979589 0.9600480769230771
0.6725714285714289 0.48387500000000006
0.700408163265306 0.44017307692307683
0.7034897959183675 0.38626923076923075
0.6787551020408166 0.3046826923076924
0.6354693877551015 0.2434903846153847
0.5272448979591833 0.188125
0.3664489795918371 0.1735576923076924
0.29532653061224495 0.2172692307692308
0.23040816326530655 0.3046826923076924
0.18402040816326523 0.37460576923076927
0.1716530612244898 0.44308653846153834
0.16855102040816355 0.5115576923076923
0.20257142857142832 0.5669134615384616
0.30151020408163265 0.6324807692307695
0.4561224489795923 0.6936634615384617
0.8364693877551025 0.48678846153846156
0.7622448979591842 0.5771153846153845
0.7498775510204088 0.652875
0.8457346938775505 0.6878365384615387
0.8735714285714287 0.7271730769230766
0.7622448979591842 0.6907500000000002
0.6973061224489797 0.6324807692307695
0.5705306122448983 0.604798076923077
0.4684897959183677 0.5844038461538463
0.4066530612244895 0.5610865384615386
0.3200612244897958 0.5115576923076923
0.32934693877550975 0.45327884615384606
0.38191836734693874 0.405201923076923
0.49632653061224474 0.3818942307692309
0.6633061224489798 0.37024038461538455
0.20565306122448976 0.4124903846153846
0.24277551020408195 0.3498461538461537
0.30151020408163265 0.28136538461538463
0.3788163265306125 0.22892307692307684
0.4561224489795923 0.20706730769230766
}
