version: 2
n_points: 55
{
0.6027333333333335 0.18330054644808733
0.5091666666666665 0.1085245901639345
0.4272888888888888 0.04812568306010938
0.27524444444444435 0.0308688524590164
0.1290444444444445 0.07401092896174855
0.08226666666666663 0.1401584699453552
0.058866666666666685 0.23219125683060102
0.0647222222222221 0.31559562841530064
0.1056555555555554 0.4047540983606557
0.14074444444444445 0.49391256830601105
0.16413333333333324 0.5571857923497266
0.2109111111111111 0.6348360655737706
0.2694000000000001 0.7038633879781422
0.3278777777777776 0.7728907103825138
0.3922 0.8562950819672132
0.4565333333333333 0.916688524590164
0.5559444444444444 0.9684590163934423
0.6963 0.9742131147540981
0.8424999999999999 0.9655846994535519
0.9477555555555556 0.9281967213114755
0.6899555555555555 0.3883387978142075
0.6344000000000001 0.3154754098360657
0.5649555555555555 0.24489617486338783
0.4723666666666667 0.1879726775956284
0.3705111111111111 0.14698907103825137
0.23162222222222226 0.14471038251366136
0.1529222222222223 0.1879726775956284
0.14366666666666675 0.249448087431694
0.1529222222222223 0.3245846994535519
0.14828888888888894 0.39289071038251366
0.1714444444444445 0.4498142076502731
0.21773333333333336 0.4976284153005463
0.2594 0.5477158469945357
0.3103333333333334 0.5818688524590165
0.3705111111111111 0.6137486338797813
0.7964444444444445 0.45664480874316926
0.7455111111111111 0.4976284153005463
0.7038444444444445 0.5477158469945357
0.7270000000000001 0.604639344262295
0.7455111111111111 0.6547322404371583
0.6482888888888889 0.6183005464480874
0.5788444444444445 0.5818688524590165
0.4399555555555556 0.5636557377049181
0.3520000000000001 0.5317814207650272
0.2871777777777778 0.46119672131147543
0.2547777777777779 0.40655191256830603
0.3057000000000001 0.3610163934426228
0.3982888888888889 0.34735519125683045
0.5232888888888889 0.33824590163934426
0.5881111111111111 0.32913661202185807
0.15755555555555564 0.34507650273224044
0.1899555555555556 0.3040928961748634
0.2038444444444445 0.2653879781420764
0.22700000000000006 0.2221256830601093
0.24551111111111115 0.1765901639344261
}
