version: 2
n_points: 55
{
0.8972421052631578 0.039683760683760894
0.934838596491228 0.302196581196581
0.9749368421052632 0.4731367521367519
0.9824561403508771 0.6379743589743592
0.9573929824561405 0.7600769230769229
0.8972421052631578 0.839435897435898
0.8270666666666666 0.8821709401709407
0.7468666666666668 0.9371196581196584
0.6591473684210527 0.9493247863247866
0.5639087719298246 0.9371196581196584
0.47869824561403496 0.9004871794871793
0.3884701754385965 0.8821709401709407
0.30827017543859636 0.8516495726495729
0.23057543859649143 0.7967008547008552
0.17293333333333316 0.7234444444444447
0.12782105263157884 0.6746068376068374
0.06516140350877198 0.6196581196581197
0.022557894736842 0.4670341880341883
0.015038596491227851 0.3144102564102559
0.030073684210526364 0.1739914529914527
0.5505859649122806 0.13045299145299172
0.6336912280701754 0.21592307692307722
0.7149438596491229 0.30588888888888877
0.7906596491228071 0.368871794871795
0.8349824561403509 0.40935897435897417
0.8737649122807019 0.5578034188034191
0.8479087719298246 0.6927606837606837
0.7777333333333334 0.7647350427350431
0.7241789473684211 0.8052222222222223
0.6669298245614035 0.8457008547008548
0.5986035087719297 0.8232136752136755
0.5210385964912281 0.7962222222222224
0.4416315789473685 0.8007179487179484
0.35852631578947347 0.7737264957264953
0.2828140350877192 0.6882564102564099
0.5302736842105262 0.17543589743589705
0.48964561403508766 0.22941880341880327
0.3991543859649124 0.2564102564102564
0.33636842105263165 0.13494871794871788
0.2588035087719299 0.161940170940171
0.29204561403508755 0.24741025641025638
0.33082807017543836 0.3193846153846158
0.3160526315789475 0.4543418803418805
0.3511403508771932 0.530811965811966
0.41577543859649113 0.5982905982905983
0.4767192982456141 0.5847948717948722
0.5210385964912281 0.5263162393162388
0.5764421052631579 0.4453418803418805
0.6299964912280701 0.37336752136752105
0.6318421052631579 0.24741025641025638
0.565361403508772 0.7467350427350432
0.6410771929824561 0.7422393162393162
0.7020175438596491 0.7332393162393162
0.7648070175438597 0.6837606837606838
0.8109754385964911 0.6477692307692307
}
