version: 2
n_points: 55
{
0.016464968152866112 0.692420792079208
0.018455414012738723 0.8130891089108913
0.048312101910827895 0.8842524752475249
0.10802547770700624 0.9275693069306932
0.17371019108280242 0.9492277227722774
0.24337579617834382 0.9708861386138615
0.32299363057324826 0.9554158415841586
0.3926592356687897 0.9090049504950497
0.4543630573248406 0.8471237623762378
0.524028662420382 0.7790544554455447
0.5996656050955412 0.7140792079207923
0.693216560509554 0.639821782178218
0.7728343949044585 0.556282178217822
0.846480891719745 0.4758366336633665
0.88828025477707 0.37992079207920804
0.9380414012738852 0.311851485148515
0.9758598726114648 0.2375940594059407
0.9858121019108279 0.1323960396039605
0.9619267515923565 0.06742079207920804
0.9300796178343947 0.02100990099009914
0.3767356687898088 0.33350990099009914
0.31304140127388524 0.40776732673267335
0.24337579617834382 0.4851188118811882
0.1836624203821655 0.540811881188119
0.14186305732484064 0.6986089108910892
0.12992038216560498 0.853311881188119
0.1876433121019107 0.8842524752475249
0.2911464968152865 0.8780643564356437
0.35484076433121003 0.8409356435643566
0.4304777070063693 0.7666782178217824
0.49019108280254764 0.7047970297029704
0.5558757961783438 0.6707623762376239
0.6295222929936305 0.5841287128712873
0.6912261146496814 0.4913069306930694
0.7947292993630571 0.36135643564356446
0.4055509554140126 0.3340247524752473
0.4889617834394904 0.3552425742574258
0.5693375796178346 0.32224257425742553
0.6117993630573249 0.23030198019801962
0.6572961783439489 0.19965841584158428
0.6208980891719745 0.25387623762376244
0.6087675159235669 0.303381188118812
0.6057324840764333 0.39060396039603984
0.5784363057324842 0.45897029702970293
0.5299076433121018 0.5391188118811883
0.4722770700636941 0.5674059405940594
0.4389140127388534 0.5556188118811882
0.40251910828025467 0.5108316831683168
0.3676369426751592 0.4518960396039605
0.343372611464968 0.39767821782178225
0.5208089171974521 0.664059405940594
0.4389140127388534 0.6899900990099013
0.3357898089171974 0.7159207920792079
0.25692993630573263 0.7253514851485147
0.1780732484076432 0.7418514851485151
}
