version: 2
n_points: 55
{
0.11827956989247312 0.5256410256410257
0.07526881720430108 0.4487179487179487
0.053763440860215055 0.34615384615384615
0.08602150537634409 0.21794871794871795
0.15053763440860216 0.16666666666666663
0.22580645161290322 0.10256410256410253
0.3333333333333333 0.0641025641025641
0.41935483870967744 0.0641025641025641
0.4946236559139785 0.11538461538461542
0.5698924731182796 0.15384615384615385
0.6559139784946236 0.20512820512820507
0.7204301075268817 0.26923076923076916
0.7956989247311828 0.3717948717948718
0.8279569892473119 0.4358974358974359
0.8817204301075269 0.5128205128205128
0.9354838709677419 0.6153846153846154
0.946236559139785 0.7051282051282052
0.946236559139785 0.8076923076923077
0.9247311827956989 0.8717948717948718
0.9139784946236559 0.9358974358974359
0.40860215053763443 0.5256410256410257
0.3333333333333333 0.5384615384615384
0.25806451612903225 0.5128205128205128
0.1935483870967742 0.5
0.17204301075268819 0.41025641025641024
0.17204301075268819 0.29487179487179493
0.21505376344086022 0.23076923076923084
0.27956989247311825 0.17948717948717952
0.3870967741935484 0.15384615384615385
0.4731182795698925 0.17948717948717952
0.5268817204301075 0.21794871794871795
0.5698924731182796 0.2564102564102564
0.6344086021505376 0.3076923076923077
0.6881720430107527 0.3846153846153846
0.7096774193548387 0.47435897435897434
0.41935483870967744 0.7051282051282052
0.4838709677419355 0.717948717948718
0.5376344086021505 0.717948717948718
0.6021505376344086 0.8076923076923077
0.6451612903225806 0.8205128205128205
0.6236559139784946 0.7564102564102564
0.6021505376344086 0.6538461538461539
0.6236559139784946 0.5897435897435898
0.6236559139784946 0.5128205128205128
0.6236559139784946 0.4358974358974359
0.5698924731182796 0.3717948717948718
0.4946236559139785 0.3717948717948718
0.41935483870967744 0.3717948717948718
0.3548387096774194 0.42307692307692313
0.3118279569892473 0.4871794871794872
0.6257419354838711 0.33814102564102566
0.5471612903225809 0.29047435897435914
0.4699677419354838 0.2395128205128203
0.3996559139784947 0.19842307692307704
0.32935483870967736 0.19185897435897437
}
