version: 2
n_points: 55
{
0.880940828402367 0.6357234042553189
0.9143846153846155 0.5247234042553193
0.9529763313609467 0.3720851063829787
0.9658402366863905 0.1916914893617022
0.8989526627218936 0.1130638297872339
0.8320591715976331 0.05756382978723406
0.74201775147929 0.062180851063830075
0.6596923076923077 0.06680851063829758
0.5670769230769231 0.12231914893617012
0.4924674556213017 0.18244680851063805
0.41271597633136103 0.22870212765957437
0.3252426035502959 0.29345744680851044
0.23777514792899423 0.3674574468085106
0.18631952662721896 0.4044574468085107
0.122 0.4645851063829786
0.06540236686390533 0.5570957446808512
0.029384615384615453 0.6866063829787233
0.02681065088757395 0.8207446808510636
0.052538461538461645 0.8855000000000003
0.0756923076923075 0.9548723404255317
0.5876568047337279 0.640351063829787
0.6674082840236685 0.6496063829787233
0.7445917159763314 0.6172234042553192
0.7857514792899407 0.543223404255319
0.8191952662721894 0.41834042553191503
0.837207100591716 0.3304574468085105
0.8397810650887574 0.18707446808510617
0.7831775147928995 0.14081914893617045
0.7214378698224853 0.13619148936170236
0.646828402366864 0.15006382978723398
0.5645029585798818 0.20557446808510652
0.4744615384615386 0.26107446808510637
0.39727810650887563 0.30270212765957455
0.3458224852071007 0.33970212765957464
0.2686449704142012 0.4044574468085107
0.5593550295857989 0.7328617021276597
0.5001834319526628 0.6079787234042551
0.35868639053254436 0.6912340425531914
0.31752662721893476 0.7652340425531917
0.2660710059171598 0.7837340425531915
0.2532071005917158 0.6912340425531914
0.37412426035502944 0.6126063829787232
0.37412426035502944 0.5015957446808508
0.40499408284023675 0.3952127659574466
0.4667396449704143 0.3628297872340425
0.5490650887573962 0.33970212765957464
0.6108106508875738 0.34432978723404273
0.6365384615384615 0.42758510638297853
0.6494023668639055 0.543223404255319
0.6571183431952663 0.6079787234042551
0.5876568047337279 0.2749468085106386
0.6442544378698226 0.2842021276595742
0.6905621301775147 0.29345744680851044
0.7394437869822486 0.2888297872340423
0.8011893491124261 0.2888297872340423
}
