version: 2
n_points: 55
{
0.23649235474006108 0.8481142857142856
0.10461162079510694 0.7052571428571429
0.05109480122324167 0.5237095238095238
0.01669113149847103 0.324304761904762
0.08358715596330266 0.14573333333333327
0.1676850152905198 0.053471428571428614
0.2689847094801222 0.026685714285714313
0.3588165137614678 0.053471428571428614
0.46967278287461767 0.13680476190476187
0.5423027522935779 0.1874
0.5900856269113149 0.22609047619047618
0.6569816513761467 0.2796619047619049
0.7200550458715596 0.3302571428571429
0.7621039755351681 0.3778761904761905
0.813709480122324 0.4314476190476191
0.8882507645259938 0.4641857142857144
0.9513241590214067 0.5594238095238095
0.9857278287461773 0.7112095238095238
0.9551467889908256 0.8481142857142856
0.8920733944954128 0.9790666666666666
0.39322018348623844 0.6874
0.291920489296636 0.6427571428571429
0.20208868501529043 0.5713285714285715
0.15048318042813447 0.449304761904762
0.12563608562691123 0.3213285714285715
0.16577370030581032 0.15466190476190478
0.2517828746177369 0.11597142857142861
0.339703363914373 0.12490000000000001
0.4199785932721712 0.1695428571428571
0.4849633027522935 0.21716190476190478
0.5365688073394494 0.2766857142857144
0.6053761467889908 0.3124
0.6455137614678899 0.34513809523809535
0.6780061162079509 0.3778761904761905
0.7257889908256879 0.4046619047619049
0.39322018348623844 0.761804761904762
0.47158409785932714 0.7290666666666668
0.5575932721712538 0.7201380952380954
0.6091987767584097 0.7945428571428572
0.670360856269113 0.8064476190476191
0.6665382262996941 0.7499
0.6034648318042812 0.6874
0.5919969418960244 0.5862095238095238
0.5442140672782874 0.5296619047619048
0.4849633027522935 0.4850190476190477
0.42188990825688066 0.4939476190476191
0.37410703363914366 0.5237095238095238
0.34352599388379196 0.5385904761904763
0.3205902140672782 0.5832333333333334
0.3186788990825687 0.6249
0.6244892966360855 0.4195428571428572
0.527012232415902 0.2945428571428572
0.40277675840978583 0.25585238095238094
0.29765443425076443 0.261804761904762
0.17915290519877666 0.3153761904761905
}
