version: 2
n_points: 55
{
0.09958333333333319 0.5766249999999999
0.05412878787878774 0.43377777777777815
0.043310606060605945 0.27106944444444436
0.07578030303030292 0.14805555555555594
0.14937121212121202 0.09250000000000036
0.23594696969696957 0.08059722222222221
0.3246969696969698 0.10044444444444478
0.40911363636363623 0.1440972222222222
0.4870303030303031 0.20758333333333367
0.5498030303030303 0.27504166666666663
0.6147348484848484 0.3226666666666671
0.6710151515151516 0.3663194444444444
0.7532651515151514 0.42583333333333373
0.7965530303030302 0.4774305555555556
0.8550000000000001 0.5329861111111112
0.9285909090909091 0.5885416666666666
0.9632196969696968 0.6837777777777782
0.9567272727272728 0.8305972222222222
0.8982878787878789 0.9377361111111111
0.8073787878787879 0.9298055555555559
0.3550000000000001 0.6440972222222222
0.24893939393939404 0.5885416666666666
0.14720454545454534 0.5171111111111115
0.10174999999999987 0.39805555555555583
0.09525757575757585 0.3028194444444444
0.10608333333333322 0.19568055555555552
0.1731818181818183 0.1440972222222222
0.2532651515151514 0.13218055555555552
0.3550000000000001 0.16393055555555547
0.43941666666666657 0.21155555555555594
0.5043484848484849 0.26313888888888926
0.5671212121212122 0.3067916666666666
0.6363863636363636 0.3504444444444448
0.7099772727272726 0.421875
0.7879015151515151 0.5250416666666666
0.39828787878787886 0.6996527777777778
0.45240151515151505 0.6798055555555559
0.5216666666666667 0.719486111111111
0.5801060606060607 0.8107638888888888
0.6472045454545453 0.8385416666666666
0.6666893939393939 0.7988472222222222
0.6147348484848484 0.6440972222222222
0.5995833333333332 0.509166666666667
0.5498030303030303 0.43377777777777815
0.4956893939393938 0.43377777777777815
0.4545681818181817 0.4456805555555555
0.4220984848484847 0.4932916666666667
0.39179545454545445 0.5369444444444448
0.3658181818181819 0.5885416666666666
0.3614924242424241 0.6163194444444444
0.4805378787878787 0.2869444444444448
0.3744772727272726 0.2869444444444448
0.2640909090909092 0.3067916666666666
0.20131818181818192 0.32662499999999994
0.13638636363636353 0.3583749999999999
}
