version: 2
n_points: 55
{
0.17146961325966847 0.2492281368821294
0.2902541436464089 0.1560722433460077
0.40351381215469617 0.07052091254752861
0.6106961325966851 0.01919011406844116
0.7736795580110497 0.04390494296577956
0.8703646408839779 0.10854372623574154
0.9394254143646409 0.19599619771863128
0.9670497237569061 0.2758441064638784
0.9449502762430939 0.36709885931558944
0.8758895027624309 0.46976045627376434
0.8151160220994476 0.5382015209125476
0.7239558011049724 0.6237528517110267
0.6300331491712707 0.6978973384030419
0.5167734806629835 0.7872509505703423
0.38970165745856356 0.8651977186311788
0.29301657458563535 0.9241330798479088
0.21014364640883976 0.9754638783269963
0.11069613259668509 0.9830684410646389
0.03058563535911607 0.939342205323194
0.022298342541436478 0.874703422053232
0.38417679558011053 0.42983650190114076
0.35931491712707186 0.3404828897338404
0.39246408839779 0.2454258555133081
0.4477127071823205 0.1560722433460077
0.5057237569060773 0.11614828897338413
0.6438453038674032 0.11234600760456283
0.7515801104972376 0.14466539923954383
0.8040662983425415 0.19599619771863128
0.817878453038674 0.27394296577946775
0.806828729281768 0.38420912547528524
0.7681546961325967 0.4868707224334602
0.674232044198895 0.5743231939163499
0.5830718232044199 0.6351596958174905
0.4891491712707182 0.6959961977186313
0.3648397790055249 0.7226121673003804
0.21290607734806632 0.439342205323194
0.21014364640883976 0.4868707224334602
0.18804419889502766 0.5648174904942966
0.12174585635359114 0.6047414448669203
0.1024088397790055 0.6674790874524715
0.1852817679558011 0.686490494296578
0.3040662983425414 0.6389619771863119
0.4173259668508288 0.6408631178707225
0.5029613259668508 0.5933346007604564
0.5388729281767957 0.5267946768060837
0.5471602209944751 0.46785931558935373
0.5222983425414365 0.39941825095057043
0.48638674033149176 0.35949429657794685
0.42561325966850827 0.32717490494296586
0.38141436464088396 0.2986577946768062
0.6885082872928177 0.4501140684410646
0.7007845303867403 0.36350570342205313
0.6915745856353592 0.28534980988593167
0.6486022099447513 0.2093041825095058
0.5902872928176794 0.15438022813688204
}
