version: 2
n_points: 55
{
0.06692753623188485 0.22090350877192988
0.1258115942028991 0.11947368421052636
0.25262318840579767 0.05916666666666671
0.4066086956521745 0.05094736842105269
0.5243623188405803 0.061912280701754446
0.6556956521739138 0.09206140350877197
0.7734492753623196 0.16059649122807024
0.8685652173913041 0.25379824561403513
0.9229130434782606 0.3552192982456141
0.9274347826086956 0.45938596491228073
0.9274347826086956 0.5498508771929824
0.8912028985507245 0.6320877192982456
0.8459130434782608 0.7088421052631578
0.8142173913043484 0.7664035087719299
0.7689275362318846 0.8267105263157896
0.7100434782608703 0.8733157894736842
0.6421159420289861 0.9253947368421053
0.5605942028985513 0.9637719298245614
0.4790724637681165 0.9610350877192981
0.4020724637681167 0.9336228070175437
0.42472463768116 0.44568421052631574
0.37037681159420344 0.3744122807017545
0.26168115942029047 0.3168421052631579
0.1937391304347834 0.259280701754386
0.19827536231884113 0.1934912280701755
0.27073913043478315 0.16881578947368425
0.43830434782608774 0.171561403508772
0.569652173913044 0.21267543859649127
0.6738115942028993 0.27572807017543866
0.7326956521739136 0.3497368421052632
0.791565217391305 0.4210087719298246
0.791565217391305 0.4977631578947369
0.7961014492753629 0.5690350877192983
0.7643913043478269 0.6320877192982456
0.7326956521739136 0.673201754385965
0.3114927536231892 0.5306578947368421
0.34772463768116013 0.6183771929824562
0.34772463768116013 0.6786842105263158
0.32960869565217465 0.7060964912280702
0.3658405797101457 0.7664035087719299
0.388492753623189 0.7280263157894737
0.45189855072463825 0.673201754385965
0.5470000000000008 0.6567543859649123
0.6375797101449283 0.6320877192982456
0.6828695652173921 0.5443684210526315
0.6874057971014498 0.4758333333333334
0.646637681159421 0.4237543859649122
0.569652173913044 0.3935964912280702
0.4473623188405804 0.35248245614035095
0.33866666666666745 0.3195877192982457
0.7281594202898558 0.38263157894736843
0.6828695652173921 0.32507017543859656
0.61040579710145 0.27298245614035094
0.5560579710144935 0.2373508771929825
0.497188405797102 0.2071929824561404
}
