version: 2
n_points: 55
{
0.7981782178217823 0.24494949494949494
0.6588316831683169 0.12710606060606047
0.4938118811881188 0.05040909090909088
0.259118811881188 0.02609595959595946
0.13077227722772275 0.06911616161616163
0.05377227722772289 0.11401010101010108
0.05009900990099012 0.17947979797979788
0.05377227722772289 0.250560606060606
0.05009900990099012 0.33660606060606074
0.06477227722772279 0.42826262626262623
0.06109900990099002 0.4956060606060606
0.0904356435643563 0.5779090909090908
0.14910891089108913 0.6789191919191918
0.21511881188118814 0.7574797979797979
0.34712871287128716 0.8528787878787879
0.4534752475247524 0.9089949494949495
0.5781584158415842 0.9482777777777779
0.7064950495049505 0.9651161616161618
0.8091782178217822 0.9763383838383838
0.9558613861386138 0.9576313131313131
0.7321683168316833 0.37775757575757574
0.6624950495049505 0.2917121212121213
0.5231485148514851 0.20566666666666655
0.3838019801980199 0.149550505050505
0.259118811881188 0.1233636363636363
0.18211881188118817 0.22250505050505043
0.15644554455445533 0.3160303030303031
0.13077227722772275 0.40394444444444444
0.13810891089108923 0.480641414141414
0.16010891089108903 0.5498484848484849
0.18211881188118817 0.5779090909090908
0.2077821782178217 0.6115808080808082
0.24078217821782166 0.6433787878787879
0.28112871287128716 0.6695656565656566
0.2957920792079208 0.6920151515151516
0.7761782178217822 0.4694141414141415
0.7541683168316831 0.5217929292929293
0.7688415841584157 0.620929292929293
0.8385148514851485 0.6751767676767677
0.9008514851485148 0.7294242424242423
0.7505049504950494 0.7312929292929292
0.6294950495049506 0.6733080808080808
0.4828118811881189 0.6246717171717172
0.35446534653465334 0.5835202020202019
0.2774554455445544 0.5180505050505051
0.28112871287128716 0.43761616161616174
0.36912871287128723 0.3927222222222223
0.4681386138613862 0.37214646464646467
0.5671485148514852 0.36092424242424254
0.6551584158415841 0.3571818181818181
0.1747821782178217 0.39646464646464646
0.21144554455445538 0.338479797979798
0.22978217821782176 0.2879747474747475
0.24811881188118814 0.23372727272727284
0.2664554455445545 0.17947979797979788
}
