version: 2
n_points: 55
{
0.8577792207792209 0.4449310344827586
0.9018441558441559 0.5393448275862069
0.9482272727272727 0.646080459770115
0.9621428571428572 0.7363908045977012
0.938948051948052 0.8308045977011494
0.8856103896103897 0.8964942528735633
0.8090779220779222 0.9252298850574713
0.7279090909090911 0.9416436781609195
0.6397857142857142 0.9334367816091954
0.5562987012987014 0.9005977011494253
0.47744805194805184 0.8513333333333334
0.3893181818181817 0.8184942528735633
0.31279220779220784 0.7856551724137931
0.22466233766233779 0.7487011494252873
0.15740909090909083 0.670712643678161
0.10175324675324648 0.5804022988505748
0.05073376623376613 0.45313793103448274
0.029857142857142582 0.29714942528735633
0.04609090909090885 0.16988505747126437
0.09247402597402588 0.05494252873563221
0.6351493506493506 0.3135632183908046
0.7000844155844155 0.4244022988505748
0.7789285714285713 0.5229310344827587
0.8392272727272726 0.621448275862069
0.8485064935064937 0.7158620689655173
0.8438636363636363 0.8061724137931034
0.7835714285714287 0.8267011494252874
0.7232727272727273 0.8472298850574713
0.6444220779220778 0.8636436781609196
0.5725324675324677 0.8349080459770115
0.5122337662337664 0.7856551724137931
0.44266233766233776 0.7610229885057471
0.37076623376623385 0.7240804597701149
0.31047402597402585 0.703551724137931
0.26409090909090915 0.650183908045977
0.5980389610389611 0.3012528735632184
0.5609350649350651 0.32178160919540233
0.44961688311688297 0.2684137931034484
0.39396103896103907 0.20683908045977017
0.340616883116883 0.1781034482758621
0.33598051948051944 0.30535632183908046
0.37076623376623385 0.3833563218390805
0.37076623376623385 0.5229310344827587
0.39164285714285707 0.6050229885057472
0.45193506493506497 0.650183908045977
0.523831168831169 0.6912298850574713
0.5887662337662338 0.6666091954022989
0.6258701298701299 0.617344827586207
0.6421038961038962 0.5229310344827587
0.662974025974026 0.4244022988505748
0.5539805194805194 0.7815517241379311
0.616590909090909 0.752816091954023
0.6838506493506493 0.7487011494252873
0.7395064935064937 0.7363908045977012
0.799805194805195 0.7076551724137932
}
