version: 2
n_points: 55
{
0.9250936329588015 0.18840579710144922
0.9588014981273408 0.37681159420289856
0.9812734082397003 0.5507246376811594
0.9662921348314607 0.7318840579710144
0.9138576779026217 0.8478260869565217
0.8539325842696629 0.9130434782608696
0.7827715355805244 0.9637681159420289
0.6853932584269663 0.9637681159420289
0.5917602996254682 0.9565217391304348
0.5168539325842696 0.9202898550724637
0.44194756554307113 0.8695652173913043
0.36704119850187267 0.8043478260869565
0.2781423220973783 0.7286811594202898
0.19509737827715357 0.6341594202898552
0.11367415730337083 0.47348550724637684
0.05831086142322084 0.4010217391304348
0.017599250936329414 0.33170289855072443
0.015970037453183594 0.1867753623188404
0.03225468164793999 0.10801449275362318
0.09087640449438206 0.035550724637681164
0.5191460674157304 0.24034057971014477
0.6087078651685393 0.23088405797101463
0.6852434456928838 0.27499275362318853
0.7715505617977529 0.3285579710144928
0.839940074906367 0.40416666666666645
0.8855355805243446 0.5207391304347828
0.8839101123595506 0.6562173913043478
0.8448277153558053 0.7948405797101449
0.7910898876404495 0.8578550724637682
0.717812734082397 0.8830579710144929
0.6233632958801498 0.8767608695652174
0.5565992509363297 0.835804347826087
0.49472284644194764 0.7979927536231883
0.4263295880149812 0.7412826086956523
0.361191011235955 0.7066231884057972
0.5126329588014982 0.12691304347826093
0.444239700374532 0.15842028985507262
0.3986441947565542 0.13321739130434795
0.3660786516853932 0.0859565217391306
0.32699625468164795 0.0765072463768115
0.33188014981273417 0.16787681159420276
0.39213108614232217 0.2340362318840582
0.4263295880149812 0.3821159420289857
0.4132996254681648 0.5081376811594203
0.45564044943820226 0.5648478260869566
0.4979775280898876 0.545949275362319
0.5435730337078652 0.48923188405797113
0.5663707865168539 0.4262246376811596
0.5973108614232211 0.3632101449275361
0.6315056179775282 0.28129710144927544
0.47517977528089883 0.750731884057971
0.5826554307116105 0.7759420289855071
0.6803595505617978 0.7696376811594201
0.7601498127340823 0.7286811594202898
0.8431985018726592 0.6877246376811594
}
