version: 2
n_points: 55
{
0.904760233918129 0.5883691275167784
0.9548888888888886 0.4509395973154362
0.9660233918128658 0.2911476510067112
0.9270409356725147 0.14093959731543623
0.8434970760233922 0.06423489932885924
0.7265380116959068 0.0354765100671141
0.5900877192982454 0.05784563758389281
0.5009766081871347 0.09939597315436244
0.4062923976608187 0.1505302013422817
0.311614035087719 0.19846308724832232
0.21136257309941542 0.3039328859060403
0.13617543859649095 0.4221812080536911
0.08604678362573137 0.52444966442953
0.07491228070175404 0.6171275167785235
0.03314035087719314 0.7098120805369128
0.027567251461988573 0.8184697986577181
0.03592397660818736 0.8951744966442952
0.08326315789473715 0.9558993288590603
0.1500994152046785 0.9686778523489935
0.21692982456140364 0.9622885906040266
0.6067953216374266 0.6363087248322148
0.7014736842105262 0.5755838926174497
0.7766666666666664 0.5148590604026846
0.8295730994152045 0.41898657718120785
0.8462807017543863 0.31671140939597314
0.8100818713450293 0.20485906040268456
0.7153976608187133 0.1121744966442953
0.6179356725146201 0.12176510067114076
0.5232514619883041 0.16011409395973172
0.45920467836257306 0.1888791946308723
0.39794152046783626 0.23042281879194648
0.3422456140350877 0.2911476510067112
0.2726257309941522 0.3678523489932886
0.23085380116959064 0.4285704697986579
0.21692982456140364 0.4637248322147653
0.5984385964912279 0.7034228187919463
0.5371754385964911 0.6906375838926173
0.4480643274853803 0.7257919463087247
0.3951520467836259 0.8248657718120803
0.311614035087719 0.8376510067114095
0.3171812865497079 0.7321812080536915
0.333888888888889 0.6267181208053689
0.33667251461988323 0.5180536912751678
0.3311052631578949 0.41578523489932884
0.4007251461988304 0.35187248322147635
0.5009766081871347 0.37743624161073824
0.5538830409356729 0.40939597315436244
0.5900877192982454 0.4509395973154362
0.6262865497076024 0.5084697986577181
0.6513508771929823 0.5755838926174497
0.4174327485380115 0.2847583892617448
0.5037602339181289 0.2527986577181206
0.6123625730994156 0.25599328859060383
0.695906432748538 0.29753691275167804
0.7627426900584794 0.3486711409395973
}
