version: 2
n_points: 55
{
0.2711830985915492 0.2911682242990654
0.39148591549295786 0.16850467289719628
0.5470070422535211 0.07309813084112136
0.7201267605633801 0.026369158878504544
0.8110915492957748 0.043892523364485854
0.8903169014084508 0.09257009345794394
0.9284577464788732 0.16266355140186917
0.9607394366197184 0.25222429906542054
0.9578028169014083 0.334
0.9108521126760564 0.4177242990654204
0.8492323943661972 0.49365887850467277
0.8257605633802816 0.5734859813084112
0.7876126760563381 0.6435794392523364
0.7318661971830986 0.7136728971962617
0.6320985915492956 0.8012897196261682
0.5059225352112677 0.8577570093457941
0.38561971830985897 0.9220093457943923
0.277049295774648 0.9609485981308412
0.15380985915492962 0.9784719626168226
0.03350704225352097 0.9784719626168226
0.31373239436619726 0.45666355140186915
0.34307042253521136 0.37488785046728973
0.413492957746479 0.2911682242990654
0.4956549295774647 0.21523364485981308
0.6012887323943661 0.1782383177570092
0.6951830985915494 0.14514018691588787
0.8272253521126761 0.13345794392523366
0.8859154929577465 0.19186915887850467
0.894718309859155 0.27169626168224287
0.86243661971831 0.3709953271028036
0.8184225352112677 0.44692990654205594
0.7832112676056339 0.509233644859813
0.7714788732394366 0.5676448598130841
0.7157253521126758 0.6494205607476635
0.618894366197183 0.7000467289719624
0.2315704225352111 0.4274579439252336
0.27558450704225335 0.48781775700934565
0.29319014084507034 0.5695934579439254
0.24623943661971837 0.6474766355140185
0.24917605633802808 0.7097803738317758
0.35480985915492946 0.7214626168224301
0.45750704225352123 0.6708411214953268
0.5660774647887323 0.6611028037383178
0.6834507042253521 0.6026915887850467
0.7303943661971832 0.5209158878504673
0.7303943661971832 0.44498130841121497
0.6893169014084506 0.4002009345794391
0.6042253521126761 0.3768364485981307
0.492718309859155 0.3593130841121494
0.4076267605633801 0.3242663551401868
0.7832112676056339 0.4664018691588785
0.7714788732394366 0.3963084112149533
0.7685422535211266 0.31647663551401867
0.7626760563380283 0.24249065420560734
0.7538732394366198 0.17239719626168212
}
