version: 2
n_points: 55
{
0.8481742424242424 0.5742651515151515
0.9032689393939394 0.5157272727272729
0.9497575757575758 0.42274999999999996
0.9790265151515152 0.27123484848484847
0.9377045454545455 0.15071212121212124
0.8705568181818182 0.08872727272727264
0.7982424242424242 0.040515151515151615
0.713875 0.040515151515151615
0.624344696969697 0.04396212121212119
0.5313674242424242 0.05429545454545434
0.45044696969696973 0.07839393939393949
0.38329545454545455 0.1093863636363638
0.31442803030303035 0.1610454545454544
0.23178030303030306 0.23680303030303015
0.16807575757575766 0.30566666666666675
0.11298106060606061 0.3986439393939393
0.05960606060606055 0.5295000000000001
0.02000378787878787 0.677568181818182
0.01828409090909089 0.8256439393939395
0.06649242424242419 0.9633863636363634
0.5382575757575757 0.6293636363636366
0.6122916666666667 0.5880378787878786
0.6914924242424243 0.5157272727272729
0.7724166666666668 0.4502954545454547
0.8378409090909091 0.374537878787879
0.8653901515151515 0.2677878787878789
0.8567803030303031 0.1644848484848484
0.7844696969696969 0.12316666666666652
0.7069886363636364 0.1093863636363638
0.6346742424242424 0.1093863636363638
0.5503068181818183 0.11283333333333337
0.4831590909090909 0.1300530303030301
0.4022348484848485 0.1644848484848484
0.3247575757575757 0.24712878787878773
0.2679393939393939 0.3022272727272728
0.4917689393939394 0.6362500000000001
0.4366704545454546 0.6018106060606062
0.36952272727272717 0.5949242424242422
0.3247575757575757 0.6603560606060604
0.2644962121212121 0.6982348484848483
0.2610530303030303 0.5432727272727272
0.3540265151515153 0.48817424242424257
0.3970719696969697 0.36076515151515137
0.4160113636363636 0.23680303030303015
0.4779924242424243 0.1954772727272727
0.5451439393939395 0.20581060606060586
0.5967954545454546 0.2677878787878789
0.6312310606060607 0.3469924242424242
0.6501704545454545 0.4365227272727271
0.658780303030303 0.532939393939394
0.5812992424242425 0.15071212121212124
0.6398409090909092 0.17481818181818198
0.7104318181818181 0.20581060606060586
0.7689734848484848 0.2333560606060606
0.8309545454545455 0.2677878787878789
}
