version: 2
n_points: 55
{
0.7315703125000002 0.0819830508474575
0.8610312499999999 0.23694915254237314
0.9391562499999999 0.43549152542372815
0.9547812499999999 0.6534067796610168
0.9034453125000002 0.8325932203389829
0.8342421875000001 0.9052203389830511
0.7695156249999999 0.9052203389830511
0.6913906249999999 0.876169491525424
0.6132656249999999 0.8422711864406782
0.5440703125000002 0.8083728813559325
0.4726406249999999 0.7744745762711868
0.4101406249999999 0.7260508474576269
0.35210156250000013 0.6727796610169494
0.2985312499999999 0.6146610169491523
0.21147656250000013 0.5468644067796609
0.1400468749999999 0.4984406779661019
0.05969531250000015 0.4258135593220347
0.032906249999999915 0.285372881355932
0.05746093750000014 0.14977966101694895
0.11326562499999993 0.07228813559322012
0.5954062499999999 0.2224237288135601
0.7025468749999999 0.23210169491525356
0.7806718749999999 0.285372881355932
0.8409453125000002 0.4258135593220347
0.8833515625000001 0.5710847457627122
0.8900468749999999 0.7018305084745765
0.8230859375000001 0.8277457627118643
0.7538906249999999 0.7889999999999998
0.6891562499999999 0.7308983050847456
0.6244218749999999 0.7163559322033897
0.5507656249999999 0.7115254237288139
0.4704062499999999 0.7115254237288139
0.41460156250000013 0.6388813559322037
0.36772656250000013 0.5614067796610167
0.32532031250000015 0.5323389830508477
0.5753203125000002 0.11103389830508548
0.5016562499999999 0.1885254237288143
0.4279921875000001 0.20305084745762747
0.38335156250000013 0.14493220338983126
0.3297812499999999 0.1352542372881359
0.3476406249999999 0.19820338983050778
0.4079062499999999 0.2514745762711863
0.4369218749999999 0.3628474576271189
0.4436171875000001 0.43549152542372815
0.4681718749999999 0.4790677966101693
0.5373671875000001 0.5081355932203393
0.5931718749999999 0.4839152542372879
0.6221953125000002 0.4161186440677974
0.6392656250000002 0.3559830508474584
0.6605703125 0.2558305084745771
0.669453125 0.6988135593220342
0.7209453125 0.6988135593220342
0.7742109374999999 0.67571186440678
0.8203749999999999 0.6102203389830506
0.8523359374999999 0.5640000000000002
}
