version: 2
n_points: 55
{
0.8628601398601399 0.2084691358024694
0.9114195804195806 0.38337037037037036
0.9599860139860141 0.5411234567901237
0.958041958041958 0.7194444444444441
0.8978251748251749 0.8566172839506176
0.796811188811189 0.92520987654321
0.7074615384615383 0.9354938271604936
0.6181048951048952 0.911493827160494
0.5190349650349648 0.8737654320987651
0.4238531468531468 0.8223333333333331
0.33061538461538476 0.7503086419753083
0.2529160839160838 0.6542839506172842
0.19269930069930064 0.5685555555555555
0.15773426573426563 0.49996296296296316
0.10722377622377643 0.42109876543209857
0.05089510489510507 0.3559382716049385
0.035356643356643236 0.2873456790123454
0.029524475524475347 0.19475308641975275
0.03923776223776221 0.10902469135802495
0.0742027972027971 0.050728395061728104
0.5306923076923078 0.31477777777777793
0.6083916083916083 0.30792592592592605
0.7851608391608393 0.38680246913580263
0.8764545454545456 0.5171111111111114
0.8997692307692305 0.6439999999999999
0.8453776223776225 0.7811728395061726
0.7501958041958043 0.8394691358024693
0.6414125874125873 0.8531975308641973
0.5481748251748253 0.8223333333333331
0.46853146853146854 0.7743209876543213
0.41413986013986004 0.7331604938271608
0.36363636363636365 0.68858024691358
0.32672727272727253 0.6371481481481479
0.2820489510489512 0.5994197530864197
0.22960139860139883 0.5479753086419756
0.5481748251748253 0.2084691358024694
0.4899020979020978 0.17075308641975329
0.4238531468531468 0.1673209876543209
0.39277622377622357 0.2050493827160491
0.3344965034965037 0.2050493827160491
0.3714055944055943 0.27019753086419784
0.41608391608391604 0.2804938271604942
0.41608391608391604 0.3559382716049385
0.4219090909090911 0.49654320987654355
0.45104895104895104 0.5685555555555555
0.5170909090909093 0.6268518518518515
0.592853146853147 0.6268518518518515
0.621986013986014 0.5822716049382715
0.6258741258741258 0.4793950617283953
0.6414125874125873 0.3559382716049385
0.46464335664335676 0.7297407407407406
0.5442867132867135 0.7606049382716047
0.6433566433566433 0.7468765432098767
0.7171748251748251 0.7160123456790125
0.8356643356643356 0.6268518518518515
}
