version: 2
n_points: 55
{
0.11422077922077918 0.5881641025641026
0.05094805194805197 0.4658769230769231
0.024307359307359347 0.3435897435897436
0.04096103896103891 0.18579999999999997
0.12754112554112548 0.09506666666666674
0.23742857142857143 0.055620512820512835
0.3473203463203463 0.02801025641025634
0.46054112554112553 0.04378461538461542
0.5637705627705627 0.11479487179487169
0.6603376623376623 0.1936871794871795
0.7369307359307359 0.260748717948718
0.7935411255411255 0.3278102564102564
0.8468181818181818 0.39881538461538457
0.8867792207792208 0.48165641025641026
0.9367316017316016 0.5842205128205128
0.9613852813852816 0.6598153846153846
0.979935064935065 0.7526102564102565
0.9778744588744589 0.8454051282051281
0.9469523809523809 0.9284358974358975
0.9139696969696968 0.9748307692307692
0.4419047619047621 0.6256256410256411
0.3470779220779219 0.5914358974358973
0.23782251082251088 0.5181794871794873
0.1512424242424243 0.4473589743589744
0.11001298701298706 0.35944615384615397
0.10795238095238101 0.23490769230769226
0.19040692640692658 0.14210769230769238
0.3079090909090907 0.11036410256410245
0.40892207792207796 0.1274564102564103
0.5078701298701298 0.1592051282051281
0.5820822510822511 0.23490769230769226
0.6501082251082249 0.29351282051282057
0.7016450216450218 0.35944615384615397
0.7408095238095236 0.4351487179487179
0.7655497835497835 0.5352717948717948
0.5037445887445888 0.733071794871795
0.5676493506493504 0.7306307692307693
0.6191861471861474 0.7599384615384615
0.6253722943722945 0.808774358974359
0.6913376623376621 0.8405230769230768
0.709887445887446 0.7770307692307693
0.6645367965367966 0.6915589743589743
0.683090909090909 0.6085333333333333
0.6892727272727271 0.5377128205128204
0.6769047619047619 0.44003589743589755
0.6253722943722945 0.37898461538461525
0.5490995670995671 0.35212307692307687
0.46251948051948044 0.3692153846153847
0.40067532467532485 0.4229384615384616
0.3594458874458876 0.5157384615384616
0.54291341991342 0.2695384615384615
0.4287835497835497 0.2089333333333333
0.3303982683982684 0.19028205128205122
0.22807792207792224 0.22291794871794868
0.16117316017316016 0.2788615384615384
}
