version: 2
n_points: 55
{
0.7887978723404254 0.7282295081967213
0.8666861702127661 0.6286967213114756
0.9407765957446808 0.4852540983606559
0.9730691489361702 0.3271721311475412
0.9635744680851063 0.22471311475409853
0.9369787234042553 0.136893442622951
0.8799840425531915 0.07249180327868848
0.8058989361702129 0.04614754098360652
0.7128138297872342 0.04907377049180347
0.6273244680851064 0.0783442622950819
0.5152446808510638 0.13104098360655755
0.4012606382978724 0.20715573770491824
0.30057978723404266 0.3008278688524592
0.2131914893617023 0.40913934426229526
0.1448031914893615 0.5028196721311475
0.07451595744680861 0.5789344262295082
0.02512234042553163 0.7048114754098362
0.027021276595744936 0.8248360655737704
0.08591489361702154 0.9155819672131149
0.15240425531914914 0.9653524590163937
0.602627659574468 0.6316229508196721
0.6900159574468085 0.6199180327868852
0.7831010638297873 0.56722131147541
0.8419893617021276 0.4794016393442625
0.8780851063829787 0.3593770491803278
0.8685851063829786 0.21300819672131166
0.8419893617021276 0.1398196721311475
0.7754999999999999 0.11347540983606552
0.667218085106383 0.1222540983606559
0.5722340425531913 0.16617213114754117
0.5038457446808511 0.19251639344262314
0.4392553191489361 0.23935245901639363
0.38036702127659583 0.3008278688524592
0.32147340425531923 0.37401639344262294
0.29297872340425557 0.4852540983606559
0.5912340425531915 0.7165163934426231
0.5361382978723404 0.6667540983606557
0.441154255319149 0.6901721311475412
0.384164893617021 0.7897049180327869
0.3195744680851066 0.8014180327868854
0.3423723404255319 0.7018852459016393
0.3936648936170214 0.634549180327869
0.3936648936170214 0.5320901639344264
0.40696276595744685 0.432565573770492
0.44685638297872343 0.3827950819672133
0.5190425531914893 0.40328688524590184
0.5798351063829787 0.43549180327868847
0.631127659574468 0.4881803278688524
0.657723404255319 0.5379508196721311
0.6805159574468086 0.6140573770491805
0.5931329787234043 0.1749508196721311
0.6463244680851065 0.19836885245901656
0.7147127659574467 0.21008196721311473
0.7849999999999999 0.22471311475409853
0.8324946808510639 0.24813934426229528
}
