version: 2
n_points: 55
{
0.12044897959183685 0.6863181818181818
0.07217006802721075 0.5220999999999999
0.04803401360544203 0.3784000000000003
0.039251700680271985 0.25229999999999986
0.06997959183673454 0.1408636363636364
0.13800680272108828 0.07928181818181823
0.21919727891156449 0.049954545454545474
0.33550340136054435 0.07048181818181809
0.4320544217687075 0.11739999999999984
0.5000816326530613 0.18778181818181827
0.576891156462585 0.23763636363636353
0.6624693877551019 0.3050909090909091
0.7502517006802719 0.37546363636363633
0.824857142857143 0.4693090909090911
0.8863061224489794 0.5514181818181819
0.9433605442176869 0.6481909090909089
0.9718843537414967 0.7654999999999998
0.9499387755102042 0.8622727272727275
0.8994693877551019 0.9297181818181819
0.8029183673469388 0.9590454545454545
0.375 0.6775181818181817
0.2894217687074831 0.6599272727272726
0.20822448979591823 0.5748818181818184
0.14897959183673454 0.4634454545454544
0.11386394557823129 0.33148181818181843
0.12703401360544203 0.24937272727272708
0.17311564625850326 0.15259090909090933
0.24772789115646257 0.12033636363636391
0.33330612244897945 0.1379272727272729
0.4145034013605443 0.17311818181818184
0.478142857142857 0.21710909090909092
0.5351972789115644 0.26990000000000025
0.5944421768707482 0.316818181818182
0.6646666666666667 0.3930636363636366
0.7041632653061225 0.4429181818181819
0.3881700680272107 0.7977545454545453
0.4715578231292518 0.8153545454545457
0.5417755102040818 0.7948272727272726
0.5878639455782313 0.838809090909091
0.6471088435374149 0.8769363636363638
0.6602789115646257 0.7449727272727273
0.5856666666666668 0.6745909090909089
0.5900544217687075 0.5748818181818184
0.5659183673469388 0.4575818181818182
0.5264149659863945 0.396
0.4715578231292518 0.36373636363636386
0.42108843537414953 0.37546363636363633
0.4013333333333332 0.4546454545454548
0.3486666666666668 0.516227272727273
0.28722448979591825 0.6247363636363636
0.6054149659863944 0.396
0.5373877551020407 0.316818181818182
0.43425170068027197 0.2552363636363638
0.30917006802721075 0.2229727272727271
0.18627891156462573 0.22590909090909106
}
