version: 2
n_points: 55
{
0.16971020408163245 0.354068181818182
0.13319183673469367 0.4736818181818183
0.062297959183673604 0.5773560606060607
0.023628571428571377 0.7567803030303031
0.05155918367346918 0.8843712121212121
0.1117061224489798 0.9561439393939395
0.19333877551020429 0.9601287878787879
0.2663795918367348 0.9441818181818182
0.32653061224489793 0.9162651515151515
0.4060163265306124 0.9122803030303029
0.4962408163265304 0.8843712121212121
0.5821714285714283 0.8444999999999999
0.6616530612244899 0.804628787878788
0.7432857142857143 0.7368409090909092
0.8249183673469388 0.6251969696969697
0.8936612244897959 0.5534318181818181
0.9452204081632651 0.4298257575757578
0.9817387755102039 0.23843939393939384
0.9688489795918369 0.12281060606060612
0.9172938775510203 0.03509090909090917
0.4146081632653059 0.31818181818181823
0.34371836734693884 0.4059015151515152
0.2835673469387757 0.48963636363636365
0.21697142857142865 0.6172272727272726
0.16756326530612245 0.7089318181818183
0.14607755102040812 0.8444999999999999
0.19448163265306131 0.8708863636363636
0.2430734693877551 0.8600681818181818
0.29749387755102025 0.8203863636363636
0.37135510204081623 0.7951287878787878
0.43549387755102054 0.7879166666666666
0.49380408163265294 0.7698787878787878
0.5560000000000002 0.7554469696969697
0.6356897959183675 0.7265909090909091
0.693995918367347 0.6255757575757575
0.48019591836734704 0.26482575757575755
0.5423918367346937 0.3225454545454547
0.6298571428571431 0.3225454545454547
0.6628979591836733 0.2504015151515151
0.717322448979592 0.20710606060606074
0.7114897959183676 0.26121969696969694
0.6823346938775511 0.3189393939393941
0.6687306122448982 0.4271666666666668
0.6388571428571428 0.5091893939393939
0.5830040816326532 0.5769696969696969
0.5207061224489795 0.5849469696969696
0.4627061224489798 0.5809621212121213
0.40900000000000014 0.5450757575757574
0.37033061224489794 0.4772954545454544
0.3681836734693879 0.4134924242424244
0.4519632653061224 0.7603863636363637
0.3918122448979593 0.7404469696969698
0.3295142857142857 0.7125378787878789
0.27151020408163257 0.6886136363636364
0.20921224489795898 0.6926060606060607
}
