version: 2
n_points: 55
{
0.244867132867133 0.05799999999999983
0.1677062937062937 0.12606578947368408
0.09053846153846155 0.2168026315789474
0.039902097902097824 0.4209736842105263
0.0495454545454546 0.5843157894736841
0.08330769230769239 0.7113552631578945
0.1532377622377623 0.8157105263157894
0.2328111888111888 0.8973815789473684
0.34614685314685334 0.9291447368421054
0.45706993006993 0.9336842105263159
0.5607622377622379 0.9019210526315788
0.6572167832167835 0.8474736842105262
0.7367902097902097 0.7703421052631578
0.7994895104895104 0.6569078947368423
0.8404825174825177 0.6342236842105262
0.900762237762238 0.5707105263157894
0.9514055944055944 0.4890394736842105
0.9706923076923079 0.34384210526315795
0.9586363636363635 0.26217105263157914
0.9417552447552447 0.20319736842105274
0.4552377622377622 0.2869210526315791
0.3900769230769231 0.2390657894736844
0.30583916083916096 0.21813157894736845
0.2184265734265735 0.20915789473684188
0.16120979020979018 0.23309210526315793
0.10081818181818183 0.3198157894736844
0.07856643356643365 0.4364342105263159
0.11194405594405601 0.5919342105263157
0.16120979020979018 0.699592105263158
0.25021678321678326 0.8102368421052633
0.3408041958041959 0.8610789473684212
0.444111888111888 0.8820131578947367
0.5410559440559439 0.834157894736842
0.6364195804195802 0.7354736842105261
0.6840979020979022 0.624828947368421
0.4758951048951049 0.11646052631578951
0.5235734265734264 0.21514473684210522
0.5903286713286712 0.26897368421052636
0.6554895104895105 0.2271052631578946
0.7111188811188811 0.2719605263157896
0.6682027972027972 0.3556973684210525
0.6157552447552448 0.4155000000000001
0.5982727272727273 0.5530657894736841
0.5617202797202798 0.5919342105263157
0.5045034965034966 0.5829736842105264
0.4584125874125874 0.5560526315789472
0.42186013986014004 0.49324999999999997
0.4011958041958041 0.43046052631578957
0.3789510489510489 0.3257894736842104
0.36782517482517474 0.24803947368421053
0.49179020979020993 0.8042631578947368
0.4266293706293705 0.8042631578947368
0.3392167832167831 0.7683684210526314
0.2613356643356642 0.7025789473684209
0.20253146853146844 0.6607236842105264
}
