version: 2
n_points: 55
{
0.11666666666666667 0.7058823529411765
0.05555555555555555 0.5784313725490197
0.027777777777777776 0.43137254901960786
0.03333333333333333 0.2941176470588236
0.09444444444444444 0.18627450980392157
0.16666666666666666 0.0980392156862745
0.2611111111111111 0.0490196078431373
0.37777777777777777 0.0490196078431373
0.4777777777777778 0.0980392156862745
0.5722222222222222 0.13725490196078427
0.65 0.196078431372549
0.7277777777777777 0.2647058823529411
0.7944444444444444 0.3529411764705883
0.8777777777777778 0.4411764705882353
0.9166666666666666 0.5196078431372549
0.9555555555555556 0.6176470588235294
0.9722222222222222 0.7156862745098039
0.9722222222222222 0.7941176470588235
0.9277777777777778 0.8921568627450981
0.8666666666666667 0.9509803921568627
0.42777777777777776 0.7352941176470589
0.34444444444444444 0.7058823529411765
0.25 0.6372549019607843
0.17222222222222222 0.5490196078431373
0.11666666666666667 0.4509803921568627
0.11666666666666667 0.303921568627451
0.17222222222222222 0.16666666666666663
0.26666666666666666 0.13725490196078427
0.35555555555555557 0.13725490196078427
0.45555555555555555 0.17647058823529416
0.5166666666666667 0.21568627450980393
0.5722222222222222 0.2450980392156863
0.6166666666666667 0.2941176470588236
0.6611111111111111 0.3529411764705883
0.7166666666666667 0.4509803921568627
0.45555555555555555 0.803921568627451
0.5111111111111111 0.7647058823529411
0.6 0.7647058823529411
0.6388888888888888 0.8235294117647058
0.6944444444444444 0.8725490196078431
0.6944444444444444 0.8137254901960784
0.65 0.7450980392156863
0.6444444444444445 0.6274509803921569
0.6166666666666667 0.5098039215686274
0.5666666666666667 0.42156862745098045
0.49444444444444446 0.4019607843137255
0.43333333333333335 0.42156862745098045
0.4111111111111111 0.5
0.37777777777777777 0.5882352941176471
0.36666666666666664 0.6764705882352942
0.45555555555555555 0.21568627450980393
0.37777777777777777 0.2450980392156863
0.3 0.2549019607843137
0.2222222222222222 0.2941176470588236
0.15 0.3431372549019608
}
