version: 2
n_points: 55
{
0.08093610223642163 0.2854425287356317
0.046859424920127894 0.4463620689655168
0.01703833865814687 0.5919540229885057
0.023428115015974346 0.7337183908045972
0.06815654952076668 0.825672413793103
0.134185303514377 0.8984655172413798
0.21938338658146975 0.9444425287356326
0.30884025559105444 0.9712643678160919
0.40894568690095845 0.9597701149425287
0.4941437699680512 0.9022988505747126
0.5899904153354634 0.852488505747127
0.662405750798722 0.8218390804597702
0.7454728434504792 0.7567068965517236
0.8115015974440895 0.6417643678160915
0.8796581469648561 0.5842931034482755
0.935038338658147 0.4961666666666672
0.9755047923322686 0.37356321839080464
0.9840255591054313 0.18965517241379315
0.9414281150159746 0.07471264367816088
0.8860479233226836 0.028735632183908066
0.402555910543131 0.2662816091954028
0.30245047923322693 0.3467413793103453
0.2108626198083067 0.42337356321839037
0.1448338658146964 0.5459770114942528
0.11714696485623013 0.6149425287356323
0.14696485623003194 0.77969540229885
0.23429073482428106 0.8295000000000005
0.33439936102236434 0.8180057471264373
0.41533546325878595 0.825672413793103
0.47710223642172517 0.806511494252874
0.5431309904153354 0.7911896551724134
0.6027699680511183 0.7682011494252869
0.6666677316293931 0.7068965517241379
0.692226837060703 0.6647528735632179
0.6986166134185304 0.599614942528736
0.41533546325878595 0.19348850574712595
0.4536741214057508 0.22030459770114985
0.5346102236421725 0.24712643678160917
0.6048977635782746 0.19731609195402344
0.6730575079872205 0.18965517241379315
0.6560159744408944 0.2586206896551724
0.6219392971246007 0.2969367816091949
0.6261980830670927 0.41187931034482705
0.6261980830670927 0.4923390804597696
0.5857284345047923 0.5076609195402304
0.5239616613418531 0.5
0.48775399361022376 0.4693505747126432
0.423856230031949 0.43103448275862066
0.3769968051118211 0.39271839080459814
0.36421725239616615 0.3160919540229885
0.42598402555910536 0.7988505747126436
0.36847603833865805 0.7835229885057476
0.28540894568690084 0.7528735632183908
0.21299361022364227 0.7030632183908051
0.16613418530351437 0.6111091954022994
}
