version: 2
n_points: 55
{
0.6904158415841584 0.725824561403509
0.7917920792079208 0.638105263157895
0.8884356435643564 0.5378596491228068
0.9426633663366337 0.33317543859649146
0.8931584158415842 0.16191228070175462
0.7894257425742575 0.10343859649122783
0.6951386138613862 0.10343859649122783
0.6031980198019802 0.15356140350877168
0.5419009900990099 0.21203508771929847
0.45468316831683175 0.25380701754385987
0.36274257425742573 0.29140350877193005
0.2967425742574258 0.3457192982456138
0.226019801980198 0.41254385964912255
0.15529702970297032 0.5127894736842108
0.11521782178217821 0.5879824561403506
0.0798613861386136 0.6673508771929823
0.05393069306930698 0.7467192982456138
0.046851485148515115 0.8177192982456143
0.06571287128712877 0.872035087719298
0.09164356435643539 0.9137894736842107
0.5231485148514852 0.7123859649122806
0.5984851485148515 0.6856842105263159
0.6824257425742575 0.6284912280701757
0.7599108910891089 0.5560175438596493
0.8201782178217821 0.4454210526315791
0.8352475247524753 0.3119298245614035
0.8137227722772278 0.2013333333333333
0.7599108910891089 0.18607017543859639
0.6931881188118811 0.2013333333333333
0.645831683168317 0.21277192982456117
0.6006336633663365 0.25091228070175425
0.533910891089109 0.23564912280701733
0.437049504950495 0.266157894736842
0.3746336633663365 0.3462631578947368
0.33158415841584166 0.4263508771929823
0.4757920792079209 0.7428947368421053
0.41983168316831676 0.7428947368421053
0.35956435643564355 0.7314561403508774
0.32727722772277235 0.7848596491228069
0.27993069306930685 0.7886666666666668
0.3143663366336634 0.7009473684210528
0.3767821782178219 0.6589999999999998
0.3897029702970298 0.5178771929824563
0.4004653465346535 0.407280701754386
0.4413564356435643 0.3462631578947368
0.5166930693069307 0.3119298245614035
0.5661980198019803 0.3271929824561404
0.6006336633663365 0.38438596491228066
0.632920792079208 0.47973684210526313
0.6587524752475247 0.5941578947368419
0.6410792079207921 0.26221052631578945
0.6894356435643565 0.2703684210526316
0.7446930693069307 0.28261403508771943
0.7792376237623763 0.2948596491228068
0.8160792079207921 0.3193333333333333
}
