version: 2
n_points: 55
{
0.8728378378378375 0.31032394366197164
0.8347027027027023 0.208394366197183
0.6835135135135133 0.11529577464788743
0.5369459459459457 0.0723239436619717
0.36745945945945957 0.10574647887323957
0.25751351351351326 0.15587323943661982
0.18421621621621628 0.2298732394366197
0.161297297297297 0.32059154929577466
0.14756756756756778 0.40653521126760567
0.1567297297297299 0.48053521126760557
0.15213513513513488 0.5521408450704225
0.17045945945945915 0.6261549295774647
0.22543243243243266 0.6906056338028167
0.2666756756756754 0.7574507042253521
0.34913513513513533 0.8075774647887323
0.43156756756756726 0.8386056338028168
0.5002972972972972 0.8887464788732394
0.5964864864864863 0.9102253521126761
0.6835135135135133 0.9269436619718309
0.7705675675675675 0.9364929577464791
0.6972702702702704 0.4709859154929577
0.7614054054054054 0.3707183098591549
0.7384864864864868 0.2609154929577466
0.6377297297297299 0.1964507042253522
0.5369459459459457 0.16780281690140827
0.39494594594594595 0.16542253521126768
0.29872972972972966 0.22271830985915475
0.2437567567567569 0.29432394366197173
0.21627027027027051 0.38743661971831
0.21627027027027051 0.43756338028169023
0.22086486486486478 0.4924647887323944
0.21627027027027051 0.5521408450704225
0.23918918918918902 0.6142112676056339
0.32621621621621605 0.6571830985915492
0.413243243243243 0.7144788732394367
0.7522432432432432 0.5044084507042251
0.6743783783783783 0.5473802816901409
0.6697837837837841 0.6166056338028169
0.7384864864864868 0.6500281690140843
0.7339189189189189 0.7073098591549295
0.6102432432432434 0.7025352112676055
0.5461081081081078 0.6404788732394364
0.43156756756756726 0.6189859154929579
0.35370270270270243 0.5545352112676059
0.36745945945945957 0.4972394366197183
0.4407297297297294 0.4685915492957748
0.49570270270270295 0.4351690140845069
0.5735945945945949 0.4089154929577463
0.656054054054054 0.40176056338028177
0.7339189189189189 0.38743661971831
0.2666756756756754 0.48291549295774655
0.30789189189189176 0.4351690140845069
0.3628648648648645 0.38026760563380274
0.39494594594594595 0.31819718309859174
0.3857837837837838 0.24181690140845086
}
