version: 2
n_points: 55
{
0.1452459770114943 0.6835751072961375
0.08045977011494253 0.5587210300429185
0.02821379310344833 0.4299656652360515
0.013583908045976993 0.3012103004291846
0.04493103448275853 0.17635622317596567
0.11389655172413783 0.09832188841201717
0.20167126436781604 0.05540343347639487
0.291535632183908 0.03589699570815441
0.37513103448275864 0.024188841201716826
0.49007356321839085 0.03589699570815441
0.5548597701149426 0.05150214592274682
0.6259149425287355 0.09051931330472107
0.6739816091954023 0.13343776824034337
0.7513057471264367 0.21927467811158796
0.8181816091954025 0.28169957081545083
0.9080459770114943 0.40655364806866945
0.9665632183908044 0.5899356223175966
0.9895517241379309 0.7733133047210301
0.972832183908046 0.8903648068669527
0.9226758620689656 0.9801030042918454
0.47753333333333325 0.7967210300429186
0.3772206896551724 0.6952789699570815
0.24346896551724137 0.5587210300429185
0.18495402298850583 0.4455708154506437
0.14106666666666673 0.3246180257510731
0.13897701149425296 0.1802575107296137
0.19122298850574718 0.16075107296137325
0.25600919540229894 0.16075107296137325
0.3249747126436782 0.15294420600858383
0.39602988505747133 0.13733905579399142
0.47753333333333325 0.14124034334763946
0.53396091954023 0.1646523605150214
0.5924758620689654 0.17635622317596567
0.6426321839080461 0.21147210300429198
0.6948804597701147 0.28169957081545083
0.5402298850574713 0.8006223175965665
0.6196436781609197 0.7342961373390559
0.6865195402298849 0.7655107296137338
0.7345862068965519 0.8591502145922747
0.7784735632183907 0.8747553648068669
0.7596666666666665 0.7733133047210301
0.7157793103448277 0.6952789699570815
0.6614413793103451 0.586030042918455
0.6112850574712644 0.488489270386266
0.5444091954022988 0.4377682403433476
0.4879839080459771 0.48458798283261806
0.46081609195402307 0.5704248927038627
0.4231977011494253 0.5782274678111587
0.39602988505747133 0.5938369098712445
0.3793103448275862 0.6640643776824033
0.42737701149425283 0.16075107296137325
0.354232183908046 0.19196137339055785
0.29989655172413804 0.24658798283261796
0.23928965517241382 0.2582918454935623
0.1974919540229885 0.28950643776824025
}
