version: 2
n_points: 55
{
0.8065026929982047 0.9826375000000002
0.9042495511669659 0.8669
0.9620987432675046 0.7557875000000001
0.9880305206463195 0.5150458333333333
0.9900251346499102 0.292825
0.9620987432675046 0.18634166666666666
0.9082387791741472 0.1076375
0.8324362657091562 0.056712499999999985
0.7426696588868942 0.02430416666666666
0.6289640933572711 0.06134166666666667
0.5551561938958707 0.12152916666666667
0.4633949730700181 0.1400458333333333
0.37163375224416517 0.15856666666666666
0.28186714542190305 0.2094916666666667
0.1841220825852784 0.269675
0.10033931777378802 0.3483791666666667
0.034509874326750456 0.4872666666666666
0.008578096947935432 0.6724541666666667
0.03251526032315999 0.8298625000000001
0.08637522441651724 0.8761583333333333
0.5451831238779172 0.894675
0.6429281867145422 0.8761583333333333
0.7586283662477559 0.84375
0.8543788150807899 0.792825
0.9222028725314184 0.6770833333333334
0.9521238779174147 0.5243041666666667
0.9640933572710951 0.3622666666666667
0.9261921005385997 0.2280083333333333
0.8723321364452423 0.17708333333333334
0.8065026929982047 0.12615833333333332
0.7207253141831238 0.11689999999999999
0.632955116696589 0.17245416666666666
0.5611418312387793 0.2048625
0.46738420107719947 0.22337916666666668
0.381608617594255 0.24652916666666666
0.5272298025134649 0.9733791666666666
0.49132315978456 0.8761583333333333
0.3855978456014363 0.7789333333333333
0.32375763016158 0.8391208333333334
0.24197127468581692 0.9085666666666667
0.2918420107719929 0.8483791666666666
0.3377217235188512 0.7743041666666667
0.34370556552962295 0.6122666666666666
0.37163375224416517 0.5104166666666666
0.4434470377019749 0.47800833333333337
0.49730700179533216 0.5659708333333333
0.5451831238779172 0.6631958333333333
0.589068222621185 0.7233791666666666
0.6269694793536804 0.7881958333333333
0.652903052064632 0.8530083333333334
0.5312190305206461 0.2557875
0.6070215439856373 0.28356666666666663
0.7047684021543986 0.34375
0.8025134649910233 0.4131958333333333
0.9042495511669659 0.5057875000000001
}
