version: 2
n_points: 55
{
0.21476510067114093 0.7849462365591398
0.1342281879194631 0.6451612903225806
0.04697986577181208 0.4838709677419355
0.03355704697986577 0.32258064516129026
0.053691275167785234 0.18279569892473124
0.10067114093959731 0.11827956989247312
0.16778523489932887 0.06451612903225801
0.28187919463087246 0.053763440860215006
0.38926174496644295 0.053763440860215006
0.48322147651006714 0.07526881720430112
0.5704697986577181 0.13978494623655913
0.6442953020134228 0.20430107526881724
0.7181208053691275 0.27956989247311825
0.7785234899328859 0.3548387096774194
0.8389261744966443 0.4731182795698925
0.912751677852349 0.5806451612903226
0.959731543624161 0.6559139784946236
0.9664429530201343 0.8064516129032258
0.9261744966442953 0.8924731182795699
0.8791946308724832 0.946236559139785
0.4352348993288592 0.6137526881720431
0.349979865771812 0.6050322580645159
0.23933557046979867 0.5963118279569892
0.1794765100671142 0.5323763440860217
0.13957046979865767 0.445193548387097
0.1413825503355703 0.3551075268817202
0.1577114093959733 0.2795483870967741
0.19761744966442948 0.21561290322580673
0.2719865771812081 0.203989247311828
0.36086577181208057 0.1923548387096775
0.4406778523489933 0.18654838709677413
0.5186778523489934 0.20107526881720417
0.5912281879194632 0.2650107526881722
0.6438322147651006 0.31441935483870953
0.7018791946308723 0.40740860215053776
0.4261677852348995 0.747430107526882
0.4678859060402683 0.7358064516129033
0.5622080536912752 0.7735806451612901
0.6275100671140941 0.8636774193548388
0.6964362416107382 0.8753010752688174
0.6782953020134227 0.7096559139784945
0.6293221476510068 0.6573440860215052
0.6365771812080538 0.5701612903225804
0.6184362416107382 0.4626344086021503
0.5513221476510066 0.3725376344086023
0.476953020134228 0.3580107526881722
0.4116577181208053 0.4016021505376344
0.37356375838926176 0.4626344086021503
0.33910067114093967 0.5294731182795698
0.3046375838926176 0.5992150537634406
0.39351677852349004 0.23304301075268818
0.33184563758389257 0.23013978494623677
0.24840268456375839 0.23304301075268818
0.1994295302013421 0.2650107526881722
0.18128859060402686 0.320225806451613
}
