version: 2
n_points: 55
{
0.22366000000000014 0.9184545454545452
0.14074000000000012 0.8120363636363642
0.07244 0.6878727272727267
0.057810000000000056 0.5282181818181823
0.09438999999999993 0.38187272727272803
0.1431800000000001 0.29761818181818234
0.19682999999999992 0.23110909090909115
0.25537000000000004 0.18676363636363724
0.3261000000000001 0.1468363636363641
0.3992699999999999 0.10249090909090808
0.47487999999999997 0.10249090909090808
0.56269 0.11580000000000057
0.6407400000000001 0.1645818181818186
0.7114699999999999 0.18232727272727312
0.78464 0.2355272727272718
0.8358600000000002 0.28430909090908996
0.8943899999999999 0.38630909090909016
0.9309800000000001 0.46170909090909107
0.9456100000000001 0.5681272727272719
0.95293 0.6745636363636364
0.49438999999999994 0.7543818181818179
0.42122000000000015 0.8341999999999995
0.3480500000000001 0.8386363636363636
0.24561000000000008 0.7676909090909083
0.17 0.7011636363636358
0.13098000000000012 0.5858727272727264
0.16269000000000006 0.43065454545454607
0.23830000000000012 0.337527272727272
0.3041499999999999 0.29761818181818234
0.36269000000000007 0.25327272727272643
0.42854000000000014 0.22667272727272703
0.48707999999999996 0.2222363636363629
0.55293 0.21336363636363664
0.61391 0.23110909090909115
0.66757 0.27101818181818094
0.5261000000000001 0.8608181818181823
0.5895199999999999 0.7721272727272724
0.6358600000000001 0.7233454545454544
0.67732 0.7765636363636366
0.7285400000000002 0.7588181818181821
0.7187899999999999 0.6479454545454535
0.6407400000000001 0.5814363636363644
0.6285400000000001 0.45727272727272683
0.5797599999999999 0.38187272727272803
0.5309800000000001 0.32865454545454587
0.46757000000000004 0.35970909090909076
0.43586000000000014 0.4395272727272723
0.4163499999999999 0.5326545454545464
0.4017099999999999 0.5991636363636355
0.4065899999999999 0.6834363636363646
0.42366000000000015 0.288745454545454
0.3553700000000001 0.33309090909091
0.28464 0.3951818181818184
0.23342000000000013 0.4484000000000006
0.18464 0.523781818181818
}
