version: 2
n_points: 55
{
0.8230680272108842 0.3666043956043955
0.8885714285714286 0.45614285714285696
0.931408163265306 0.5497582417582416
0.9616394557823129 0.7329010989010988
0.9263673469387754 0.8794285714285713
0.8532993197278912 0.9323406593406592
0.7550408163265305 0.9404725274725274
0.6744149659863946 0.920120879120879
0.5937891156462584 0.8712857142857143
0.5131632653061224 0.8102307692307692
0.4300204081632655 0.7654615384615386
0.3670340136054422 0.7247692307692308
0.2914489795918369 0.6718571428571429
0.20829931972789117 0.623010989010989
0.1553945578231294 0.5863846153846153
0.10499999999999998 0.5334725274725274
0.05461224489795935 0.4439340659340659
0.029414965986394592 0.3421868131868133
0.03445578231292512 0.17531868131868145
0.057129251700680395 0.049142857142857266
0.5837142857142856 0.35439560439560436
0.6794557823129251 0.3950989010989012
0.7399251700680273 0.4439340659340659
0.7953537414965984 0.5171978021978021
0.8281020408163264 0.6311538461538462
0.8457414965986395 0.7736043956043955
0.8054285714285716 0.8550109890109892
0.732360544217687 0.8753516483516485
0.666857142857143 0.859076923076923
0.6089047619047621 0.8143076923076924
0.5459183673469388 0.7736043956043955
0.472142857142857 0.7423516483516484
0.41091836734693854 0.7038901098901099
0.3462925170068025 0.6434505494505495
0.2952721088435373 0.5555384615384615
0.5129591836734693 0.28356043956043964
0.45343537414965973 0.3247692307692308
0.37350340136054405 0.3385054945054945
0.3241836734693876 0.2863076923076924
0.2782653061224488 0.26982417582417584
0.26806122448979575 0.311032967032967
0.319081632653061 0.344
0.3275850340136053 0.42092307692307696
0.34119047619047604 0.5280659340659342
0.4007142857142856 0.6104835164835165
0.4619387755102039 0.6407032967032967
0.5316666666666665 0.6489450549450549
0.5928911564625848 0.6132307692307692
0.645612244897959 0.5280659340659342
0.6949319727891154 0.4511428571428572
0.5955102040816328 0.7756593406593407
0.6561836734693878 0.7815934065934066
0.7297278911564624 0.7875384615384615
0.7720136054421768 0.7845714285714285
0.8142993197278912 0.7548681318681321
}
