version: 2
n_points: 55
{
0.8427040000000002 0.19783157894736852
0.7227040000000001 0.10835789473684222
0.5907040000000002 0.05046315789473696
0.4227040000000002 0.02677894736842117
0.27070400000000017 0.06098947368421064
0.13470400000000018 0.14783157894736854
0.06270400000000018 0.26625263157894746
0.04270400000000018 0.3925684210526317
0.07470400000000017 0.5057263157894735
0.15870400000000018 0.6109894736842103
0.26670400000000016 0.6925684210526314
0.3467040000000002 0.7478315789473683
0.4227040000000002 0.7925684210526314
0.5147040000000002 0.8294105263157893
0.5907040000000002 0.8767789473684209
0.6347040000000002 0.9320421052631577
0.7147040000000002 0.9636210526315787
0.8067040000000002 0.9767789473684209
0.8787039999999997 0.958357894736842
0.9667039999999997 0.9294105263157892
0.6627040000000002 0.4162526315789472
0.6907040000000002 0.31098947368421065
0.6747040000000002 0.2188842105263159
0.6107040000000001 0.13204210526315802
0.4867040000000002 0.12677894736842116
0.3707040000000002 0.15835789473684223
0.2507040000000002 0.21362105263157907
0.17470400000000016 0.29520000000000013
0.15070400000000017 0.38467368421052645
0.17470400000000016 0.4794105263157893
0.22270400000000018 0.5583578947368419
0.2867040000000002 0.6188842105263156
0.3467040000000002 0.6583578947368419
0.44270400000000015 0.6794105263157892
0.5267040000000002 0.689936842105263
0.8227040000000002 0.4873052631578946
0.8467040000000001 0.5478315789473682
0.8267040000000002 0.6162526315789472
0.8907039999999997 0.6636210526315788
0.8907039999999997 0.7030947368421051
0.8227040000000002 0.7057263157894735
0.7347040000000001 0.6583578947368419
0.6427040000000002 0.6109894736842103
0.5307040000000002 0.6267789473684209
0.4027040000000002 0.5846736842105261
0.33470400000000017 0.4951999999999998
0.4187040000000002 0.43730526315789453
0.5067040000000002 0.37677894736842116
0.5987040000000001 0.332042105263158
0.6587040000000002 0.3057263157894738
0.23503999999999997 0.4886210526315788
0.23503999999999997 0.43380000000000013
0.2583760000000002 0.37458947368421064
0.28503999999999996 0.3131842105263158
0.28503999999999996 0.25177894736842116
}
