version: 2
n_points: 55
{
0.2089573091849934 0.980440528634361
0.14057826649417843 0.8231057268722468
0.08698318240620964 0.5776696035242289
0.007516170763259955 0.29447136563876664
0.020452781371280655 0.13084581497797354
0.09807244501940485 0.08050220264317187
0.18308408796895198 0.099383259911894
0.2588551099611902 0.1182599118942732
0.3568046571798188 0.11196916299559478
0.4492082794307892 0.04903524229074874
0.5323725743855109 0.02386343612334818
0.6266248382923675 0.05533039647577065
0.7079404915912032 0.1182599118942732
0.7818641655886159 0.22524669603524217
0.8631798188874515 0.369991189427313
0.9241668822768436 0.5336167400881056
0.9703686934023287 0.6468942731277534
0.9943945666235445 0.772762114537445
0.9925459249676586 0.9049207048458151
0.9759133247089263 0.9741453744493391
0.44181630012936596 0.8356916299559471
0.3512600258732211 0.7853480176211454
0.2625510996119017 0.6594801762114537
0.20341267787839593 0.5147356828193834
0.14797024579560167 0.3511101321585903
0.0943751617076326 0.15602202643171825
0.1719948253557568 0.18748898678414072
0.24776714100905547 0.23783259911894294
0.31614618369987074 0.20636563876651992
0.3974618369987064 0.14972687224669623
0.48247347994825357 0.11196916299559478
0.5563971539456662 0.1182599118942732
0.6321694695989649 0.1748986784140969
0.7060931435963776 0.30076651982378855
0.7504463130659768 0.47068281938325995
0.4880181112548513 0.7979339207048457
0.5379172056921085 0.7853480176211454
0.6062962483829236 0.8105198237885465
0.6414100905562742 0.9363876651982377
0.7282690815006468 0.9489735682819385
0.7227257438551099 0.7664669603524231
0.6820672703751618 0.6846563876651983
0.6709793014230271 0.4832687224669603
0.6395614489003882 0.3511101321585903
0.5841190168175936 0.33223348017621157
0.5120439844760672 0.33223348017621157
0.4473609314359637 0.38257709251101335
0.4140944372574386 0.47068281938325995
0.39191720569210864 0.6154273127753304
0.3771332470892625 0.7475859030837004
0.27733635187580863 0.2504185022026433
0.2311345407503233 0.2881806167400882
0.20526131953428192 0.30076651982378855
0.17753945666235454 0.3196475770925108
0.15166623544631314 0.32593832599118966
}
