version: 2
n_points: 55
{
0.1039797297297298 0.5272699999999997
0.05893918918918928 0.65151
0.04050675675675679 0.7848399999999998
0.06917567567567567 0.8727199999999999
0.14288513513513507 0.9272699999999998
0.2227364864864863 0.9424200000000001
0.3005405405405407 0.9212
0.3742500000000001 0.9030200000000002
0.4541013513513513 0.8545400000000001
0.5503378378378377 0.8151400000000001
0.630189189189189 0.76666
0.7141351351351352 0.7121100000000001
0.7939864864864864 0.6393900000000002
0.8451756756756758 0.55454
0.8840810810810814 0.4666600000000005
0.9229797297297297 0.3848400000000004
0.9557432432432436 0.31817000000000006
0.9700743243243245 0.21817000000000009
0.9639324324324327 0.12726999999999977
0.9496013513513517 0.048479999999999523
0.4356756756756758 0.3545399999999995
0.3619662162162164 0.4212
0.2800675675675675 0.4787800000000004
0.2247837837837836 0.5393900000000003
0.1776891891891892 0.65151
0.12855405405405412 0.7515100000000001
0.1776891891891892 0.8484800000000001
0.24525675675675676 0.86363
0.32716216216216226 0.8545400000000001
0.3988243243243244 0.8242399999999998
0.4745810810810811 0.7727199999999999
0.5564797297297296 0.7727199999999999
0.6281418918918917 0.7454500000000002
0.6895675675675679 0.65757
0.7182297297297298 0.55454
0.46639189189189195 0.2969600000000002
0.5339594594594596 0.3302999999999997
0.5790000000000001 0.32423999999999975
0.6117635135135135 0.2757500000000005
0.6895675675675679 0.2484799999999996
0.6629459459459458 0.3575699999999995
0.6240472972972971 0.42423999999999973
0.6322364864864867 0.51817
0.6179054054054053 0.6212
0.5626216216216214 0.6636299999999999
0.47867567567567565 0.6606000000000001
0.42134459459459445 0.61514
0.39062837837837827 0.5787799999999999
0.37834459459459463 0.5212000000000001
0.35582432432432415 0.4666600000000005
0.4418175675675676 0.7757499999999999
0.37834459459459463 0.76666
0.3087297297297298 0.76666
0.2329729729729731 0.7575700000000001
0.1776891891891892 0.7575700000000001
}
