version: 2
n_points: 55
{
0.817351598173516 0.2824426229508199
0.908675799086758 0.42247540983606535
0.9581415525114156 0.5420081967213115
0.9752648401826485 0.6786229508196722
0.9372146118721462 0.8220655737704918
0.8496940639269408 0.9176885245901639
0.7773972602739726 0.9552622950819672
0.6898767123287672 0.9484262295081967
0.6080684931506848 0.8971967213114754
0.5395753424657536 0.8425573770491803
0.4501506849315067 0.8118196721311476
0.3778538812785388 0.764
0.29604109589041083 0.7435081967213115
0.20852511415525132 0.6820327868852458
0.13242009132420096 0.5795737704918033
0.06963470319634701 0.44296721311475384
0.023972602739726012 0.2995245901639342
0.02206849315068482 0.1936475409836066
0.039191780821917654 0.07752459016393465
0.06202283105022821 0.03654098360655755
0.6156757990867581 0.323426229508197
0.7146118721461188 0.364409836065574
0.7793013698630136 0.4497950819672131
0.8420867579908675 0.5590819672131148
0.8782328767123289 0.6615409836065573
0.861109589041096 0.7605901639344262
0.8249634703196346 0.8493852459016393
0.7374429223744292 0.8528032786885246
0.6404109589041096 0.8254754098360656
0.5509908675799089 0.7810819672131147
0.48439726027397245 0.757172131147541
0.4197123287671234 0.7332622950819672
0.35882648401826467 0.6991147540983607
0.3264840182648402 0.6444672131147541
0.2998493150684933 0.5898196721311475
0.5795296803652967 0.21072131147541007
0.516744292237443 0.27561475409836067
0.44063926940639264 0.2824426229508199
0.36263470319634716 0.19022950819672158
0.2941415525114157 0.16632786885245876
0.2998493150684933 0.2380491803278686
0.36073059360730597 0.326844262295082
0.3683424657534248 0.42588524590163956
0.38926940639269403 0.528344262295082
0.4577625570776256 0.596655737704918
0.5091324200913242 0.6171475409836066
0.5662100456621004 0.6069016393442623
0.6232876712328768 0.5488360655737705
0.6480228310502282 0.49077868852459017
0.6613378995433792 0.38149180327868826
0.5662100456621004 0.750344262295082
0.6270913242009133 0.7400983606557376
0.682269406392694 0.7230163934426229
0.7621780821917807 0.7264344262295082
0.8211552511415526 0.7298524590163935
}
