version: 2
n_points: 55
{
0.13215748031496058 0.42062135922330113
0.07179527559055114 0.5435922330097088
0.04554330708661411 0.6924660194174759
0.07966929133858264 0.8445631067961166
0.1584094488188976 0.92547572815534
0.26339370078740176 0.9481262135922331
0.36837795275590546 0.9319417475728157
0.43399999999999994 0.9028155339805826
0.5022362204724409 0.860747572815534
0.5914803149606299 0.8122038834951455
0.6439685039370078 0.7668932038834952
0.696464566929134 0.7118834951456312
0.7489606299212598 0.6406796116504856
0.7962047244094488 0.559776699029126
0.8434488188976378 0.46916504854368946
0.9116850393700787 0.3785436893203884
0.9589291338582676 0.2685145631067959
0.9641811023622049 0.1455339805825243
0.9221889763779527 0.06463106796116491
0.8618188976377954 0.04198058252427195
0.40512598425196866 0.4303300970873788
0.31588976377952754 0.45621359223300983
0.21877165354330702 0.4788737864077671
0.15577952755905505 0.5209417475728153
0.1269133858267716 0.6050873786407769
0.13478740157480312 0.6859902912621357
0.1820314960629921 0.7766019417475729
0.22402362204724427 0.8251456310679612
0.32113385826771645 0.8283883495145632
0.38150393700787416 0.8057281553398059
0.47599212598425217 0.8057281553398059
0.5652283464566928 0.7798446601941749
0.664968503937008 0.6859902912621357
0.696464566929134 0.5791941747572813
0.7358346456692915 0.4594563106796118
0.39199999999999996 0.3008737864077671
0.45762204724409444 0.31705825242718433
0.5573543307086614 0.31705825242718433
0.5914803149606299 0.24909708737864056
0.6807165354330711 0.21349514563106808
0.6195905511811023 0.27273786407766976
0.5814881889763779 0.3259805825242721
0.6094251968503936 0.40740776699029146
0.6399055118110234 0.5044951456310682
0.6195905511811023 0.6172427184466022
0.5687874015748031 0.6892815533980581
0.5052834645669291 0.7018058252427184
0.4392440944881889 0.6704854368932038
0.39606299212598434 0.5733980582524272
0.345267716535433 0.4919708737864078
0.4443228346456691 0.7926310679611652
0.4011496062992128 0.7863689320388347
0.34780314960629916 0.7832330097087379
0.2944645669291338 0.7988932038834952
0.2538267716535432 0.8114174757281556
}
