version: 2
n_points: 55
{
0.829 0.8762741935483872
0.8981338582677164 0.7110483870967743
0.9557480314960629 0.5182903225806449
0.9557480314960629 0.3491290322580645
0.9038976377952754 0.1602903225806452
0.8309212598425195 0.12095161290322573
0.7464173228346456 0.09735483870967744
0.67151968503937 0.09341935483870971
0.5850944881889764 0.15243548387096764
0.4967559055118109 0.2468387096774194
0.45450393700787406 0.29011290322580635
0.3872834645669292 0.32945161290322583
0.3277480314960629 0.3609354838709675
0.2720551181102361 0.39633870967741947
0.1817952755905511 0.475016129032258
0.11073228346456687 0.5497580645161292
0.04351968503936998 0.6638387096774191
0.03583464566929129 0.7739838709677419
0.06272440944881896 0.8762741935483872
0.10497637795275583 0.935274193548387
0.6158267716535434 0.7621935483870967
0.6792047244094488 0.7031774193548388
0.7617795275590552 0.6441612903225804
0.829 0.5418870967741937
0.8789291338582677 0.42780645161290326
0.8942992125984252 0.3137258064516128
0.8654881889763779 0.22324193548387086
0.8001889763779527 0.17603225806451614
0.7118503937007874 0.15637096774193537
0.6311889763779528 0.1996451612903226
0.5735748031496062 0.2940483870967741
0.4833070866141732 0.3137258064516128
0.41225196850393697 0.3255161290322581
0.33159055118110237 0.3727258064516131
0.27397637795275576 0.502548387096774
0.6139055118110237 0.8565967741935485
0.5351653543307087 0.7661129032258064
0.423779527559055 0.7621935483870967
0.34887401574803145 0.8251290322580643
0.3104645669291338 0.8211935483870966
0.30854330708661415 0.7661129032258064
0.34887401574803145 0.7031774193548388
0.3373543307086614 0.5694193548387098
0.3719212598425198 0.45140322580645154
0.4602677165354331 0.43961290322580643
0.5101968503937007 0.4907419354838708
0.5409291338582678 0.5694193548387098
0.5620472440944881 0.6363064516129031
0.6081417322834646 0.6756451612903224
0.6350314960629921 0.7228548387096775
0.5505275590551182 0.32158064516129037
0.6215826771653543 0.3255161290322581
0.7214488188976378 0.3491290322580645
0.792511811023622 0.36485483870967755
0.8501259842519686 0.388467741935484
}
