version: 2
n_points: 55
{
0.8084225352112675 0.1279649122807015
0.876774647887324 0.27243859649122804
0.934767605633803 0.4324035087719297
0.9596197183098593 0.566561403508772
0.9389084507042252 0.7007192982456141
0.8788450704225351 0.8142280701754386
0.8146338028169013 0.8658421052631581
0.7359295774647888 0.8916315789473686
0.6572183098591549 0.8916315789473686
0.6054366197183096 0.8813157894736845
0.5474436619718311 0.8864736842105263
0.4935915492957744 0.8916315789473686
0.4355985915492959 0.8967894736842104
0.36931690140845064 0.9122807017543859
0.2926760563380282 0.8813157894736845
0.19119014084507047 0.7523157894736843
0.11454929577464801 0.5717192982456138
0.05862676056338023 0.43756140350877193
0.0317042253521127 0.2518070175438598
0.0710563380281688 0.07121052631578995
0.5867957746478872 0.20536842105263142
0.6655070422535212 0.26728070175438623
0.7317816901408452 0.2827543859649121
0.7959929577464789 0.3808070175438595
0.8394859154929577 0.525280701754386
0.856056338028169 0.6181578947368424
0.8353450704225354 0.7420000000000002
0.7752816901408449 0.7677894736842107
0.709 0.7677894736842107
0.6489366197183098 0.7677894736842107
0.5971549295774647 0.7420000000000002
0.532943661971831 0.7626315789473684
0.45216197183098583 0.7884385964912282
0.3630985915492958 0.7677894736842107
0.28232394366197167 0.613
0.5598732394366197 0.17956140350877214
0.4977323943661972 0.2414736842105265
0.4148802816901409 0.23631578947368415
0.3548169014084508 0.16408771929824573
0.28232394366197167 0.138280701754386
0.29682394366197185 0.2569649122807016
0.3175352112676054 0.34984210526315795
0.31960563380281704 0.4478771929824561
0.3527464788732393 0.5304385964912284
0.3962394366197185 0.5975263157894737
0.445950704225352 0.6026842105263159
0.5143028169014086 0.5768771929824562
0.553654929577465 0.5098070175438596
0.582654929577465 0.3911228070175441
0.6095774647887324 0.2518070175438598
0.6199366197183098 0.6955614035087718
0.6675774647887324 0.6233157894736842
0.738 0.582035087719298
0.7835633802816903 0.5562456140350875
0.8104929577464787 0.525280701754386
}
