version: 2
n_points: 55
{
0.9252422907488985 0.7203976377952764
0.9637885462555065 0.5563543307086608
0.9858149779735682 0.45136614173228323
0.9876497797356829 0.3332559055118108
0.9637885462555065 0.2249881889763777
0.9142290748898677 0.126562992125984
0.8591629955947135 0.0806338582677174
0.7710572687224668 0.04126377952755993
0.6719383259911893 0.02157874015748119
0.5783259911894272 0.06750787401574777
0.48287665198237906 0.12000393700787489
0.40027753303964786 0.1790590551181111
0.32869162995594736 0.22170866141732223
0.24425770925110135 0.2807637795275585
0.16716519823788556 0.3562244094488198
0.09190748898678436 0.4808937007874013
0.03684140969163019 0.5990039370078738
0.00930837004405316 0.7433622047244088
0.014814977973568566 0.8942795275590548
0.06988105726872273 0.9828622047244092
0.561806167400881 0.7991377952755915
0.6297202643171806 0.8286653543307095
0.7178259911894274 0.7630472440944877
0.796753303964758 0.6974291338582674
0.8628325991189429 0.5760393700787396
0.8940374449339208 0.4382440944881884
0.8848590308370047 0.22827165354330797
0.8334647577092511 0.1560905511811021
0.7545374449339206 0.12984645669291425
0.6554185022026431 0.10687795275590525
0.587502202643172 0.1560905511811021
0.5012334801762113 0.22827165354330797
0.4149625550660794 0.2709212598425191
0.33052863436123336 0.3299763779527553
0.2699559471365638 0.4349645669291347
0.587502202643172 0.8975629921259851
0.49022026431718047 0.8188228346456702
0.40211453744493375 0.7925748031496057
0.3507180616740091 0.8286653543307095
0.2938171806167401 0.8614724409448813
0.30115859030837033 0.7794527559055127
0.3672378854625553 0.7171141732283463
0.3782511013215861 0.6318149606299222
0.38375770925110153 0.4841771653543316
0.46268722466960344 0.4776141732283459
0.5159162995594716 0.5104212598425194
0.5746541850220265 0.585881889763779
0.6095286343612337 0.6219724409448828
0.6462400881057269 0.7171141732283463
0.6866211453744495 0.7696102362204733
0.46819383259911884 0.26764173228346544
0.5581343612334803 0.2610787401574797
0.6444052863436123 0.26764173228346544
0.7214977973568281 0.27420078740157455
0.8463127753303967 0.313570866141732
}
