version: 2
n_points: 55
{
0.7199098360655738 0.07161194029850748
0.8114098360655737 0.15144776119403058
0.874311475409836 0.23474626865671566
0.9315 0.3666417910447769
0.9581885245901639 0.5193731343283583
0.9372213114754099 0.6894477611940296
0.8838442622950821 0.8109402985074623
0.796155737704918 0.8734179104477613
0.7122868852459017 0.9115970149253732
0.6169754098360655 0.9046567164179099
0.5197622950819673 0.8872985074626859
0.43016393442622947 0.8699402985074618
0.35200819672131145 0.8387014925373132
0.2738606557377049 0.7970447761194036
0.18426229508196734 0.6963880597014928
0.119450819672131 0.6200298507462692
0.06417213114754106 0.5297761194029851
0.037483606557376925 0.3978805970149256
0.04320491803278703 0.28334328358209016
0.05845081967213095 0.19656716417910391
0.5655081967213114 0.3180447761194025
0.6608196721311476 0.28334328358209016
0.7485 0.2764029850746269
0.8247540983606558 0.3458208955223875
0.880032786885246 0.4430149253731346
0.8819426229508197 0.5540746268656723
0.8552540983606558 0.6720895522388055
0.7942540983606557 0.7588656716417919
0.7408770491803278 0.8144029850746277
0.6455655737704917 0.8525820895522396
0.5616967213114753 0.849119402985074
0.4835409836065573 0.8352388059701494
0.39776229508196714 0.8109402985074623
0.33866393442622955 0.7831641791044773
0.28148360655737714 0.7449850746268655
0.5235737704918033 0.19656716417910391
0.4778196721311476 0.2139253731343279
0.3996639344262294 0.26250746268656666
0.355827868852459 0.20350746268656705
0.2929180327868852 0.2139253731343279
0.3310409836065574 0.3492835820895529
0.3882295081967213 0.38399999999999923
0.3996639344262294 0.4881343283582096
0.4187295081967214 0.5887910447761187
0.4530409836065573 0.613089552238806
0.5235737704918033 0.6339104477611937
0.5940983606557376 0.6061492537313428
0.6322213114754098 0.5297761194029851
0.6493770491803278 0.4430149253731346
0.6512868852459016 0.34234328358208976
0.37298360655737695 0.6790298507462686
0.4701967213114755 0.7692835820895527
0.5788524590163935 0.7797014925373136
0.7180081967213116 0.7102686567164174
0.8171311475409836 0.6200298507462692
}
