version: 2
n_points: 55
{
0.8358142857142858 0.6748245614035089
0.9348928571428571 0.5305087719298246
0.9602428571428572 0.3352631578947371
0.932592857142857 0.18528947368421045
0.8427285714285714 0.09191228070175446
0.7482571428571427 0.05229824561403499
0.6376642857142859 0.06361403508771939
0.5501 0.12021052631578955
0.45563571428571414 0.18812280701754408
0.3473357142857143 0.2786666666666664
0.25977857142857164 0.37205263157894725
0.18605000000000016 0.47391228070175445
0.1422714285714286 0.5418245614035085
0.10079285714285702 0.6097368421052631
0.06392857142857133 0.6691666666666669
0.04088571428571419 0.7568859649122809
0.031671428571428795 0.8389385964912282
0.057014285714285906 0.8955350877192984
0.08466428571428575 0.9408070175438592
0.1376642857142859 0.9634473684210524
0.5915785714285716 0.6635000000000001
0.6653142857142857 0.6493508771929826
0.7620857142857144 0.6125701754385967
0.8127785714285714 0.5078684210526315
0.8450357142857143 0.3861929824561404
0.8565571428571429 0.2730087719298245
0.8450357142857143 0.16265789473684217
0.7597785714285716 0.106061403508772
0.6607 0.10889473684210516
0.6031000000000002 0.14001754385964904
0.5201500000000001 0.19943859649122797
0.45102857142857145 0.23622807017543865
0.3888142857142859 0.2984736842105264
0.3150785714285713 0.39185964912280724
0.26900000000000013 0.45128070175438617
0.598492857142857 0.7880087719298243
0.5431928571428573 0.7710263157894741
0.42107142857142854 0.7936666666666663
0.34503571428571433 0.8615789473684213
0.3104714285714286 0.8078157894736843
0.3427285714285716 0.7116052631578946
0.3865071428571428 0.6408684210526318
0.38420714285714275 0.5672982456140353
0.40033571428571446 0.42864035087719304
0.45102857142857145 0.38336842105263164
0.5316714285714288 0.4201491228070175
0.580057142857143 0.47108771929824567
0.6215285714285714 0.5163596491228071
0.6468785714285714 0.575780701754386
0.6791357142857144 0.6267192982456142
0.4395071428571429 0.2899912280701757
0.5201500000000001 0.2758421052631581
0.598492857142857 0.2843333333333332
0.7113928571428574 0.3296052631578946
0.7943428571428571 0.3494122807017546
}
