version: 2
n_points: 55
{
0.829 0.1237258064516128
0.8981338582677164 0.2889516129032257
0.9557480314960629 0.4817096774193551
0.9557480314960629 0.6508709677419355
0.9038976377952754 0.8397096774193548
0.8309212598425195 0.8790483870967742
0.7464173228346456 0.9026451612903226
0.67151968503937 0.9065806451612903
0.5850944881889764 0.8475645161290324
0.4967559055118109 0.7531612903225806
0.45450393700787406 0.7098870967741937
0.3872834645669292 0.6705483870967741
0.3277480314960629 0.6390645161290325
0.2720551181102361 0.6036612903225805
0.1817952755905511 0.524983870967742
0.11073228346456687 0.4502419354838708
0.04351968503936998 0.3361612903225809
0.03583464566929129 0.2260161290322581
0.06272440944881896 0.1237258064516128
0.10497637795275583 0.06472580645161297
0.6158267716535434 0.23780645161290326
0.6792047244094488 0.2968225806451612
0.7617795275590552 0.3558387096774196
0.829 0.45811290322580633
0.8789291338582677 0.5721935483870968
0.8942992125984252 0.6862741935483871
0.8654881889763779 0.7767580645161292
0.8001889763779527 0.8239677419354838
0.7118503937007874 0.8436290322580646
0.6311889763779528 0.8003548387096774
0.5735748031496062 0.705951612903226
0.4833070866141732 0.6862741935483871
0.41225196850393697 0.6744838709677419
0.33159055118110237 0.627274193548387
0.27397637795275576 0.49745161290322604
0.6139055118110237 0.14340322580645148
0.5351653543307087 0.23388709677419361
0.423779527559055 0.23780645161290326
0.34887401574803145 0.17487096774193567
0.3104645669291338 0.17880645161290343
0.30854330708661415 0.23388709677419361
0.34887401574803145 0.2968225806451612
0.3373543307086614 0.43058064516129024
0.3719212598425198 0.5485967741935485
0.4602677165354331 0.5603870967741935
0.5101968503937007 0.5092580645161292
0.5409291338582678 0.43058064516129024
0.5620472440944881 0.3636935483870969
0.6081417322834646 0.32435483870967763
0.6350314960629921 0.2771451612903225
0.5505275590551182 0.6784193548387096
0.6215826771653543 0.6744838709677419
0.7214488188976378 0.6508709677419355
0.792511811023622 0.6351451612903225
0.8501259842519686 0.6115322580645159
}
