version: 2
n_points: 55
{
0.1254242424242423 0.45415533980582545
0.07781060606060618 0.5537669902912623
0.047030303030303235 0.6569223300970874
0.04466666666666678 0.7691844660194175
0.09911363636363657 0.8784077669902912
0.17250757575757586 0.9451553398058252
0.281409090909091 0.9512233009708738
0.39267424242424265 0.9178446601941749
0.4873712121212123 0.8450291262135923
0.582068181818182 0.7509805825242718
0.6672954545454548 0.6478252427184465
0.738318181818182 0.562873786407767
0.8140757575757578 0.4718543689320388
0.8780000000000001 0.38083495145631063
0.925348484848485 0.31711650485436904
0.9561212121212124 0.2594757281553398
0.9679621212121213 0.18059223300970872
0.9584924242424243 0.11991262135922331
0.915878787878788 0.06530097087378639
0.8448560606060607 0.041029126213592226
0.4045151515151516 0.31408737864077674
0.32875757575757586 0.38993203883495153
0.23879545454545467 0.4718543689320388
0.1843409090909093 0.5901747572815534
0.1464621212121214 0.7054660194174758
0.14883333333333346 0.8237961165048544
0.2080151515151517 0.8935728155339807
0.3074469696969699 0.8905436893203883
0.3974090909090911 0.8571650485436895
0.46606818181818194 0.796485436893204
0.5157803030303032 0.7418737864077671
0.5453409090909092 0.6831067961165049
0.586878787878788 0.6267281553398059
0.630871212121212 0.5672233009708736
0.6626363636363638 0.5014563106796115
0.4084848484848486 0.26030097087378623
0.47446969696969693 0.2665728155339805
0.5600000000000002 0.228990291262136
0.6039848484848485 0.18200970873786426
0.6626363636363638 0.16948543689320383
0.6528636363636363 0.238378640776699
0.6015454545454545 0.2759611650485435
0.6015454545454545 0.3573883495145629
0.5942121212121211 0.43255339805825244
0.586878787878788 0.5171165048543687
0.5184545454545453 0.5922815533980582
0.4182575757575756 0.5891456310679613
0.3791590909090907 0.5390388349514564
0.3547196969696968 0.45447572815533965
0.34739393939393937 0.4043689320388347
0.5404469696969697 0.6329902912621357
0.46713636363636346 0.6486504854368931
0.3644999999999998 0.6329902912621357
0.29118181818181804 0.6236019417475728
0.21787121212121224 0.6236019417475728
}
