version: 2
n_points: 55
{
0.23837209302325582 0.9444444444444444
0.16279069767441862 0.8222222222222222
0.0755813953488372 0.6444444444444445
0.029069767441860465 0.4666666666666667
0.05232558139534884 0.2666666666666666
0.10465116279069768 0.15555555555555556
0.19186046511627908 0.0888888888888889
0.28488372093023256 0.05555555555555558
0.37790697674418605 0.05555555555555558
0.4883720930232558 0.07777777777777772
0.5988372093023255 0.11111111111111116
0.6918604651162791 0.15555555555555556
0.7848837209302325 0.2333333333333334
0.8372093023255814 0.3111111111111111
0.8837209302325582 0.38888888888888884
0.9302325581395349 0.5
0.9534883720930233 0.6111111111111112
0.9709302325581395 0.7555555555555555
0.9534883720930233 0.8444444444444444
0.9186046511627907 0.9444444444444444
0.4011627906976744 0.8
0.29069767441860467 0.7555555555555555
0.20930232558139536 0.7111111111111111
0.1569767441860465 0.6333333333333333
0.12209302325581395 0.5111111111111111
0.11046511627906977 0.37777777777777777
0.12790697674418605 0.2333333333333334
0.18023255813953487 0.1777777777777778
0.23837209302325582 0.14444444444444438
0.29651162790697677 0.12222222222222223
0.37209302325581395 0.1333333333333333
0.43023255813953487 0.14444444444444438
0.4941860465116279 0.15555555555555556
0.563953488372093 0.1777777777777778
0.627906976744186 0.2222222222222222
0.4476744186046512 0.8
0.4941860465116279 0.7333333333333333
0.5581395348837209 0.7555555555555555
0.6104651162790697 0.8333333333333334
0.6802325581395349 0.8333333333333334
0.6744186046511628 0.7555555555555555
0.6104651162790697 0.6555555555555556
0.5988372093023255 0.48888888888888893
0.5872093023255814 0.3666666666666667
0.5290697674418605 0.34444444444444444
0.48255813953488375 0.38888888888888884
0.4476744186046512 0.4444444444444444
0.42441860465116277 0.5111111111111111
0.38953488372093026 0.6
0.36627906976744184 0.7444444444444445
0.43023255813953487 0.19999999999999996
0.3488372093023256 0.21111111111111114
0.29069767441860467 0.2666666666666666
0.2441860465116279 0.3555555555555556
0.19186046511627908 0.43333333333333335
}
