version: 2
n_points: 55
{
0.7145574712643683 0.08093610223642163
0.5536379310344832 0.046859424920127894
0.40804597701149425 0.01703833865814687
0.2662816091954028 0.023428115015974346
0.17432758620689703 0.06815654952076668
0.1015344827586202 0.134185303514377
0.05555747126436734 0.21938338658146975
0.028735632183908046 0.30884025559105444
0.040229885057471264 0.40894568690095845
0.09770114942528736 0.4941437699680512
0.14751149425287308 0.5899904153354634
0.1781609195402299 0.662405750798722
0.24329310344827634 0.7454728434504792
0.3582356321839085 0.8115015974440895
0.4157068965517246 0.8796581469648561
0.5038333333333328 0.935038338658147
0.6264367816091954 0.9755047923322686
0.8103448275862069 0.9840255591054313
0.9252873563218391 0.9414281150159746
0.9712643678160919 0.8860479233226836
0.7337183908045972 0.402555910543131
0.6532586206896547 0.30245047923322693
0.5766264367816096 0.2108626198083067
0.4540229885057471 0.1448338658146964
0.3850574712643678 0.11714696485623013
0.2203045977011499 0.14696485623003194
0.1704999999999995 0.23429073482428106
0.18199425287356275 0.33439936102236434
0.17432758620689703 0.41533546325878595
0.19348850574712595 0.47710223642172517
0.20881034482758667 0.5431309904153354
0.2317988505747131 0.6027699680511183
0.29310344827586204 0.6666677316293931
0.3352471264367821 0.692226837060703
0.4003850574712639 0.6986166134185304
0.806511494252874 0.41533546325878595
0.7796954022988501 0.4536741214057508
0.7528735632183908 0.5346102236421725
0.8026839080459766 0.6048977635782746
0.8103448275862069 0.6730575079872205
0.7413793103448276 0.6560159744408944
0.7030632183908051 0.6219392971246007
0.588120689655173 0.6261980830670927
0.5076609195402304 0.6261980830670927
0.49233908045976965 0.5857284345047923
0.5 0.5239616613418531
0.5306494252873568 0.48775399361022376
0.5689655172413793 0.423856230031949
0.6072816091954019 0.3769968051118211
0.6839080459770115 0.36421725239616615
0.20114942528735633 0.42598402555910536
0.21647701149425239 0.36847603833865805
0.2471264367816092 0.28540894568690084
0.2969367816091949 0.21299361022364227
0.38889080459770065 0.16613418530351437
}
