version: 2
n_points: 55
{
0.5458446601941745 0.1254242424242423
0.44623300970873775 0.07781060606060618
0.3430776699029125 0.047030303030303235
0.23081553398058252 0.04466666666666678
0.12159223300970874 0.09911363636363657
0.05484466019417476 0.17250757575757586
0.04877669902912622 0.281409090909091
0.08215533980582514 0.39267424242424265
0.15497087378640767 0.4873712121212123
0.24901941747572817 0.582068181818182
0.3521747572815534 0.6672954545454548
0.437126213592233 0.738318181818182
0.5281456310679612 0.8140757575757578
0.6191650485436894 0.8780000000000001
0.682883495145631 0.925348484848485
0.7405242718446602 0.9561212121212124
0.8194077669902913 0.9679621212121213
0.8800873786407767 0.9584924242424243
0.9346990291262136 0.915878787878788
0.9589708737864078 0.8448560606060607
0.6859126213592233 0.4045151515151516
0.6100679611650485 0.32875757575757586
0.5281456310679612 0.23879545454545467
0.4098252427184465 0.1843409090909093
0.29453398058252417 0.1464621212121214
0.17620388349514565 0.14883333333333346
0.10642718446601931 0.2080151515151517
0.10945631067961166 0.3074469696969699
0.14283495145631056 0.3974090909090911
0.203514563106796 0.46606818181818194
0.2581262135922329 0.5157803030303032
0.316893203883495 0.5453409090909092
0.3732718446601942 0.586878787878788
0.4327766990291264 0.630871212121212
0.49854368932038856 0.6626363636363638
0.7396990291262138 0.4084848484848486
0.7334271844660195 0.47446969696969693
0.771009708737864 0.5600000000000002
0.8179902912621357 0.6039848484848485
0.8305145631067962 0.6626363636363638
0.761621359223301 0.6528636363636363
0.7240388349514565 0.6015454545454545
0.6426116504854371 0.6015454545454545
0.5674466019417476 0.5942121212121211
0.4828834951456313 0.586878787878788
0.4077184466019418 0.5184545454545453
0.4108543689320387 0.4182575757575756
0.46096116504854356 0.3791590909090907
0.5455242718446603 0.3547196969696968
0.5956310679611653 0.34739393939393937
0.36700970873786426 0.5404469696969697
0.351349514563107 0.46713636363636346
0.36700970873786426 0.3644999999999998
0.3763980582524272 0.29118181818181804
0.3763980582524272 0.21787121212121224
}
