version: 2
n_points: 55
{
0.7751349206349206 0.057444444444443965
0.8472857142857144 0.18370833333333458
0.9098095238095237 0.3225972222222234
0.9603174603174603 0.5162083333333322
0.9146190476190476 0.7182222222222221
0.8400634920634922 0.8192361111111097
0.7438650793650794 0.878152777777779
0.6645000000000001 0.9118333333333339
0.5755158730158729 0.9202500000000006
0.4889365079365079 0.9118333333333339
0.4143809523809523 0.8865694444444456
0.3374206349206348 0.8402777777777778
0.27248412698412716 0.8066111111111114
0.2113571428571427 0.6989305555555568
0.16065079365079382 0.6217777777777782
0.09672222222222226 0.5561805555555566
0.05483333333333329 0.44816666666666705
0.03940476190476172 0.32856944444444336
0.03719841269841284 0.2166805555555571
0.03499206349206341 0.11637499999999867
0.5508650793650793 0.24368055555555657
0.632436507936508 0.22440277777777673
0.7206190476190477 0.247541666666668
0.7955714285714285 0.29769444444444404
0.8462777777777778 0.39415277777777646
0.8462777777777778 0.5369027777777767
0.8330555555555555 0.6757916666666657
0.777936507936508 0.760666666666667
0.6963650793650793 0.7992361111111121
0.6280238095238095 0.8185277777777773
0.5663015873015874 0.8339583333333344
0.4891349206349206 0.8301111111111115
0.4185873015873015 0.7876666666666665
0.37229365079365073 0.7259444444444448
0.32820634920634906 0.6487777777777777
0.5155952380952381 0.08551388888888789
0.47811111111111104 0.14337500000000125
0.4141825396825398 0.17038888888888926
0.3348174603174604 0.15109722222222088
0.27749999999999975 0.13180555555555573
0.2885238095238094 0.26297222222222183
0.37670634920634927 0.3709999999999999
0.3811111111111112 0.5253194444444458
0.42300000000000004 0.6294861111111124
0.4913412698412698 0.7027916666666683
0.5773174603174602 0.7066527777777765
0.6037777777777777 0.5754722222222217
0.6214126984126984 0.4597361111111127
0.6456666666666668 0.3478472222222232
0.6677063492063492 0.27069444444444457
0.6478650793650793 0.7683750000000013
0.6941666666666667 0.7452361111111101
0.7338492063492064 0.7143611111111107
0.7625079365079365 0.6796388888888885
0.7977777777777779 0.6179166666666668
}
