version: 2
n_points: 55
{
0.8869047619047619 0.9367088607594937
0.9226190476190477 0.7974683544303798
0.9523809523809523 0.6455696202531646
0.9702380952380952 0.5063291139240507
0.9345238095238095 0.3291139240506329
0.875 0.24050632911392406
0.8035714285714286 0.12658227848101267
0.7321428571428572 0.06329113924050633
0.6547619047619048 0.06329113924050633
0.5952380952380952 0.17721518987341772
0.5355833333333334 0.22753164556962055
0.4681249999999999 0.2570632911392404
0.38876190476190486 0.2781645569620256
0.3074107142857142 0.31192405063291206
0.2141547619047619 0.34567088607594926
0.11495238095238103 0.34989873417721584
0.053440476190476205 0.4553797468354433
0.025666666666666726 0.5524303797468361
0.025666666666666726 0.6832278481012661
0.04352380952380963 0.7887088607594935
0.583202380952381 0.9068607594936715
0.7260595238095239 0.8604430379746838
0.8193154761904761 0.7676202531645576
0.8788392857142856 0.6579113924050636
0.8966964285714285 0.4849113924050632
0.8689166666666668 0.3287974683544307
0.7915357142857143 0.2401898734177218
0.6943154761904761 0.15579746835443029
0.6189166666666668 0.21065822784810193
0.5494761904761906 0.2992658227848108
0.48995238095238103 0.3287974683544307
0.4304285714285715 0.34567088607594926
0.38082142857142864 0.3709873417721518
0.32725000000000004 0.4005316455696209
0.2697142857142858 0.46382278481012723
0.5455059523809522 0.9152911392405062
0.5117738095238096 0.8519999999999999
0.4641547619047619 0.830911392405064
0.3966964285714285 0.8899746835443038
0.32725000000000004 0.8942025316455703
0.35304761904761917 0.7844936708860762
0.3748690476190477 0.6874430379746834
0.3748690476190477 0.5355443037974683
0.4125714285714286 0.46382278481012723
0.4820119047619048 0.4427215189873421
0.5375714285714286 0.4427215189873421
0.5990773809523808 0.4975696202531645
0.6387619047619049 0.5946202531645572
0.6526488095238094 0.712759493670886
0.6526488095238094 0.8646582278481012
0.5534404761904763 0.34567088607594926
0.614952380952381 0.36677215189873447
0.6784404761904763 0.4174050632911395
0.7379642857142857 0.48069620253164586
0.7736785714285714 0.5650886075949374
}
