version: 2
n_points: 55
{
0.7704502923976608 0.9511084337349398
0.8691345029239766 0.909686746987952
0.9385789473684211 0.8532168674698796
0.9659941520467836 0.7214337349397593
0.9294444444444445 0.5934216867469881
0.8691345029239766 0.4880000000000002
0.7850701754385965 0.4126987951807231
0.7010058479532164 0.35998795180722915
0.6260818713450292 0.32233734939759057
0.5529824561403509 0.26586746987951815
0.4798830409356726 0.2206867469879519
0.42322807017543873 0.16044578313253022
0.3757134502923978 0.11526506024096395
0.2989590643274854 0.07384337349397613
0.22038011695906434 0.06255421686746997
0.1399707602339182 0.09643373493975926
0.0814912280701755 0.15667469879518095
0.03032163742690064 0.2696265060240966
0.026666666666666727 0.40893975903614466
0.054076023391812944 0.5444819277108435
0.5749122807017544 0.7101445783132531
0.6863859649122808 0.762855421686747
0.7832456140350877 0.7553253012048193
0.8709649122807017 0.7176746987951809
0.8892397660818714 0.6499036144578314
0.8435497076023392 0.5633012048192774
0.7905555555555556 0.4804698795180725
0.7320760233918129 0.45412048192771093
0.6626315789473685 0.43528915662650625
0.6004970760233919 0.3750481927710846
0.549327485380117 0.32610843373493986
0.501812865497076 0.28468674698795204
0.44333333333333336 0.2696265060240966
0.4031286549707602 0.26586746987951815
0.3592690058479532 0.2733975903614459
0.4871929824561404 0.7026144578313254
0.4287134502923977 0.5783614457831328
0.30261403508771934 0.4993012048192772
0.24778947368421056 0.5294216867469881
0.22462573099415206 0.5236265060240965
0.2716608187134504 0.5079036144578314
0.3021754385964912 0.48695180722891535
0.35684210526315796 0.510530120481928
0.3771812865497075 0.46338554216867484
0.41150292397660815 0.4162409638554217
0.4814269005847954 0.38219277108433714
0.532280701754386 0.44766265060240973
0.5602456140350878 0.5576746987951805
0.5767719298245614 0.6441084337349399
0.5983859649122807 0.6964939759036147
0.684233918128655 0.46969879518072305
0.7341169590643275 0.5512048192771084
0.7943157894736842 0.6079036144578316
0.8287134502923976 0.664602409638554
0.8562339181286549 0.6716867469879518
}
