version: 2
n_points: 55
{
0.09333333333333334 0.527365671641791
0.039582222222222 0.4117388059701492
0.025546666666666877 0.293910447761194
0.058293333333333266 0.17214925373134327
0.12612888888888898 0.10538059701492541
0.2290533333333335 0.05432089552238806
0.3273022222222223 0.042537313432835844
0.430222222222222 0.06609701492537312
0.5074177777777777 0.12108955223880602
0.6009822222222222 0.19964179104477608
0.6968888888888887 0.2546343283582089
0.7857777777777776 0.3449701492537314
0.8419200000000001 0.4117388059701492
0.8910444444444445 0.4981492537313432
0.9354888888888889 0.5884850746268656
0.9705733333333334 0.6709701492537313
0.9799333333333334 0.7573805970149254
0.9729155555555553 0.839865671641791
0.9588800000000002 0.9144925373134328
0.9401644444444446 0.9655522388059701
0.3740844444444444 0.659186567164179
0.2641422222222223 0.6159850746268657
0.1916266666666666 0.5531417910447761
0.1425066666666665 0.43923134328358215
0.11443555555555576 0.30569402985074623
0.15186222222222215 0.1917910447761194
0.21267999999999979 0.14858208955223873
0.28987111111111113 0.12894776119402984
0.3717466666666668 0.13679850746268662
0.434902222222222 0.16429104477611944
0.47700888888888887 0.18785820895522387
0.5354888888888889 0.24677611940298505
0.5986444444444446 0.2782014925373134
0.6758399999999999 0.32926119402985066
0.7156044444444443 0.3567537313432836
0.42320444444444444 0.7338134328358208
0.5120933333333334 0.7220298507462687
0.5705733333333334 0.7102462686567165
0.6079999999999998 0.7770223880597016
0.6711599999999999 0.8045149253731344
0.673497777777778 0.7495223880597015
0.6384133333333335 0.6709701492537313
0.6273377777777775 0.5562835820895522
0.6066 0.42195522388059703
0.5473377777777776 0.3572761194029851
0.4703022222222222 0.37717910447761194
0.4110444444444445 0.4567761194029851
0.3843777777777778 0.5214552238805971
0.3695599999999998 0.5811567164179104
0.3458577777777777 0.6309104477611941
0.4999333333333334 0.2677238805970149
0.3932666666666667 0.2826492537313433
0.30437777777777786 0.30752238805970156
0.24511555555555534 0.3125
0.1710444444444445 0.32244776119402985
}
