version: 2
n_points: 55
{
0.8194444444444444 0.6623023255813957
0.8958333333333334 0.5169534883720933
0.9467592592592593 0.34834883720930265
0.9143518518518519 0.15358139534883752
0.8078703703703703 0.06927906976744218
0.6921296296296297 0.06055813953488403
0.587962962962963 0.08672093023255845
0.5 0.14776744186046542
0.4189814814814815 0.2204418604651166
0.34259259259259256 0.29020930232558173
0.2870370370370371 0.3599767441860468
0.2222222222222222 0.43555813953488404
0.16446296296296292 0.5010348837209302
0.12570370370370387 0.5632325581395348
0.09986111111111129 0.6091976744186048
0.0761759259259257 0.6605813953488372
0.05033333333333312 0.733593023255814
0.041722222222221994 0.8039069767441863
0.058944444444444355 0.893139534883721
0.12785185185185177 0.952627906976744
0.5981388888888888 0.6464418604651162
0.6925185185185183 0.5905465116279067
0.7655185185185184 0.5301627906976744
0.8420925925925928 0.4362441860465116
0.8616759259259257 0.32220930232558115
0.833185185185185 0.19251162790697654
0.7495000000000003 0.13884883720930202
0.6551203703703703 0.13437209302325562
0.583898148148148 0.18580232558139517
0.5108888888888887 0.223813953488372
0.45212962962962944 0.25959302325581385
0.39871296296296277 0.3087906976744184
0.357759259259259 0.3512790697674416
0.3043425925925929 0.44743023255813935
0.24736111111111092 0.5234534883720929
0.5447222222222221 0.7358953488372091
0.4734999999999998 0.740360465116279
0.395148148148148 0.7716744186046509
0.3648796296296295 0.8432209302325581
0.31680555555555534 0.8499302325581395
0.32214814814814785 0.7291860465116277
0.38802777777777764 0.6598604651162789
0.38090740740740714 0.5435813953488371
0.4111759259259258 0.442953488372093
0.46993518518518507 0.4340116279069766
0.5269166666666665 0.44966279069767434
0.5696481481481481 0.4742674418604649
0.6123888888888886 0.4876860465116276
0.6426574074074072 0.5391162790697671
0.6622407407407407 0.5793604651162789
0.39871296296296277 0.3423372093023253
0.4806203703703702 0.29089534883720924
0.583898148148148 0.2640697674418602
0.7138796296296295 0.25512790697674387
0.8189444444444447 0.357988372093023
}
