version: 2
n_points: 55
{
0.8048062500000001 0.7416077348066298
0.8953062500000002 0.6346077348066297
0.9467749999999999 0.49486187845303864
0.9835406249999998 0.3193646408839779
0.9412624999999999 0.17312154696132587
0.8585406249999998 0.0691215469613261
0.7611156250000001 0.033375690607734786
0.6692031249999999 0.030121546961325955
0.5883187499999998 0.0398729281767955
0.5111156250000001 0.06262430939226508
0.4394218750000001 0.08212154696132583
0.3548656250000001 0.12437016574585649
0.2850124999999999 0.17637016574585637
0.2041281250000001 0.26086740331491703
0.13060000000000005 0.35186740331491706
0.06258437500000014 0.45911602209944763
0.022143750000000018 0.5891104972375691
0.014790624999999835 0.7483535911602209
0.029496874999999867 0.8686022099447513
0.046040624999999835 0.9758508287292819
0.558909375 0.6866077348066298
0.64714375 0.6801104972375692
0.7188343750000001 0.62160773480663
0.7886875 0.5728618784530386
0.8383187499999998 0.45911602209944763
0.8603781250000001 0.332364640883978
0.8291281250000001 0.17637016574585637
0.7445687499999998 0.11462430939226527
0.6397906249999998 0.14061878453038673
0.5625843750000001 0.12437016574585649
0.4945687499999998 0.14061878453038673
0.4541281250000001 0.1633701657458563
0.4100124999999999 0.1893701657458564
0.37140937500000004 0.23486740331491726
0.3309687499999999 0.32911602209944746
0.5442031249999999 0.8231049723756908
0.4945687499999998 0.7808563535911601
0.43574687499999987 0.7581049723756905
0.36773124999999995 0.7841049723756907
0.2978781250000001 0.8231049723756908
0.31074687499999987 0.7191049723756907
0.3787624999999999 0.6118618784530387
0.3787624999999999 0.44286187845303876
0.3934687499999999 0.3226187845303868
0.4486156250000001 0.25437016574585636
0.5092749999999999 0.20886740331491715
0.58464375 0.1893701657458564
0.6140562500000002 0.3226187845303868
0.6379531249999999 0.46886187845303856
0.6820687499999998 0.6086077348066299
0.66185 0.15361878453038677
0.7041281250000001 0.16661878453038684
0.74089375 0.1861215469613259
0.7831718750000001 0.20237016574585645
0.8272906249999998 0.2413701657458563
}
