version: 2
n_points: 55
{
0.7287719298245614 0.07652666666666656
0.5752631578947369 0.04527666666666657
0.43271929824561406 0.0223599999999999
0.29017543859649125 0.01819333333333323
0.16225146198830412 0.06402666666666657
0.078187134502924 0.14527666666666655
0.04163742690058482 0.24319333333333323
0.030672514619883066 0.3348599999999999
0.048947368421052656 0.4306933333333332
0.08549707602339184 0.5244433333333333
0.1366666666666667 0.6098599999999998
0.1988011695906433 0.6931933333333332
0.26824561403508773 0.7661099999999998
0.37058479532163746 0.8390266666666666
0.5058187134502924 0.9077766666666666
0.6154678362573099 0.9515266666666665
0.7214619883040936 0.9806933333333332
0.838421052631579 0.9848599999999998
0.926140350877193 0.9619433333333333
0.973654970760234 0.8994433333333333
0.7141520467836258 0.4348599999999999
0.6849122807017544 0.3369433333333332
0.659327485380117 0.2556933333333332
0.5716081871345029 0.17027666666666658
0.4546491228070176 0.11819333333333323
0.30479532163742695 0.1036099999999999
0.16590643274853803 0.1286099999999999
0.12570175438596493 0.1848599999999999
0.12204678362573101 0.2661099999999999
0.1183918128654971 0.3494433333333332
0.13301169590643278 0.42652666666666655
0.1585964912280702 0.5244433333333333
0.1988011695906433 0.6098599999999998
0.2792105263157895 0.6973599999999999
0.41444444444444445 0.7723599999999999
0.7214619883040936 0.47027666666666657
0.6556725146198831 0.5327766666666666
0.6995321637426901 0.6244433333333332
0.8091812865497077 0.6515266666666666
0.8676608187134504 0.7265266666666665
0.7214619883040936 0.7286099999999999
0.6447076023391813 0.6452766666666666
0.5240935672514621 0.6452766666666666
0.43637426900584797 0.6348599999999999
0.34500000000000003 0.5827766666666666
0.3267251461988304 0.5161099999999998
0.3815497076023392 0.4473599999999999
0.5167836257309942 0.3911099999999999
0.5825730994152047 0.3786099999999999
0.6629824561403509 0.3598599999999999
0.20611111111111113 0.5161099999999998
0.20976608187134504 0.4098599999999999
0.2755555555555556 0.3369433333333332
0.3121052631578948 0.2536099999999999
0.34500000000000003 0.17027666666666658
}
