version: 2
n_points: 55
{
0.2291645569620251 0.18107058823529434
0.3250632911392406 0.09551176470588249
0.4708227848101265 0.038470588235294235
0.6549493670886074 0.02955882352941163
0.8045443037974687 0.056294117647058786
0.8966075949367087 0.11155294117647058
0.9234556962025313 0.1828529411764708
0.927291139240506 0.2595058823529411
0.927291139240506 0.3450647058823526
0.9311265822784813 0.4252823529411765
0.9119493670886074 0.5161882352941174
0.8428987341772152 0.6106647058823529
0.7508481012658229 0.690876470588235
0.6587848101265821 0.7425705882352939
0.566721518987342 0.8013941176470586
0.48999999999999977 0.8780411764705885
0.39411392405063284 0.9297352941176468
0.25602531645569615 0.9689529411764705
0.16779746835443 0.9760823529411763
0.05272151898734201 0.9760823529411763
0.3864430379746835 0.4163647058823532
0.35958227848101243 0.33971764705882324
0.3864430379746835 0.25237647058823526
0.4746582278481012 0.1792882352941179
0.566721518987342 0.13829411764705876
0.6626202531645566 0.10798823529411768
0.7431645569620251 0.1026411764705883
0.812215189873418 0.15968235294117622
0.8428987341772152 0.22385294117647028
0.8544050632911391 0.2915882352941179
0.8544050632911391 0.3521941176470591
0.8544050632911391 0.4163647058823532
0.8467341772151898 0.491235294117647
0.8237215189873419 0.5500588235294117
0.793037974683544 0.6106647058823529
0.3250632911392406 0.49301764705882345
0.3711012658227849 0.5411470588235294
0.3634177215189871 0.5803588235294115
0.309721518987342 0.6231411764705881
0.27136708860759484 0.6926588235294114
0.3404050632911392 0.6427470588235297
0.41712658227848065 0.6053176470588235
0.5130253164556962 0.5928352941176472
0.6012405063291137 0.5732294117647057
0.670291139240506 0.5429294117647059
0.7086455696202532 0.48945294117647054
0.6894683544303799 0.4395411764705881
0.6089113924050631 0.3878470588235292
0.5206962025316455 0.3700235294117647
0.4132911392405061 0.35041176470588264
0.7466202531645569 0.44818823529411767
0.7054810126582278 0.3834823529411765
0.686493670886076 0.31877647058823533
0.6706708860759494 0.25112941176470593
0.6421898734177216 0.189364705882353
}
