version: 2
n_points: 55
{
0.8557213930348259 0.19999999999999996
0.9303482587064676 0.3142857142857143
0.9751243781094527 0.47619047619047616
0.9701492537313433 0.638095238095238
0.9054726368159204 0.8380952380952381
0.8059701492537313 0.9238095238095239
0.6865671641791045 0.9523809523809523
0.5970149253731343 0.9333333333333333
0.5223880597014925 0.9047619047619048
0.4427860696517413 0.8666666666666667
0.37810945273631846 0.8380952380952381
0.32835820895522383 0.7904761904761904
0.2736318407960199 0.7428571428571429
0.20895522388059706 0.6952380952380952
0.14925373134328357 0.6095238095238096
0.09950248756218905 0.5142857142857142
0.04477611940298509 0.38095238095238093
0.02487562189054726 0.21904761904761905
0.04975124378109452 0.11428571428571432
0.1094527363184079 0.04761904761904767
0.527363184079602 0.24761904761904763
0.6268656716417911 0.2571428571428571
0.7213930348258706 0.2857142857142857
0.8059701492537313 0.3142857142857143
0.8855721393034826 0.419047619047619
0.945273631840796 0.5238095238095238
0.945273631840796 0.6476190476190475
0.8855721393034826 0.7619047619047619
0.8109452736318408 0.819047619047619
0.7313432835820896 0.8857142857142857
0.6218905472636815 0.8857142857142857
0.5323383084577115 0.8666666666666667
0.4477611940298507 0.8285714285714285
0.3681592039800995 0.7714285714285715
0.30348258706467657 0.7142857142857143
0.5174129353233831 0.1428571428571429
0.43781094527363185 0.17142857142857137
0.3830845771144279 0.20952380952380956
0.32835820895522383 0.12380952380952381
0.2736318407960199 0.11428571428571432
0.2935323383084577 0.2666666666666667
0.3532338308457711 0.34285714285714286
0.35820895522388063 0.5238095238095238
0.4129353233830846 0.6190476190476191
0.47263681592039797 0.6190476190476191
0.5174129353233831 0.5523809523809524
0.5671641791044777 0.5047619047619047
0.6019900497512438 0.4571428571428572
0.6417910447761195 0.37142857142857144
0.6616915422885572 0.3047619047619048
0.5074626865671642 0.7714285714285715
0.5970149253731343 0.7333333333333334
0.6865671641791045 0.6666666666666667
0.7661691542288558 0.6
0.845771144278607 0.5333333333333333
}
