version: 2
n_points: 55
{
0.875 0.5839552238805971
0.9388888888888889 0.4608208955223881
0.9666666666666667 0.32276119402985076
0.9722222222222222 0.22574626865671643
0.9333333333333333 0.12126865671641791
0.8638888888888889 0.054104477611940295
0.7777777777777778 0.03917910447761194
0.6805555555555556 0.03917910447761194
0.5777777777777777 0.07276119402985075
0.4722222222222222 0.11007462686567164
0.3944444444444445 0.13992537313432835
0.3055555555555556 0.1958955223880597
0.22499999999999998 0.2593283582089552
0.1527777777777778 0.3451492537313433
0.10277777777777775 0.498134328358209
0.05555555555555558 0.6100746268656716
0.036111111111111094 0.6996268656716418
0.02777777777777779 0.8115671641791045
0.036111111111111094 0.8824626865671642
0.03888888888888886 0.9645522388059702
0.49722222222222223 0.5205223880597015
0.5638888888888889 0.5764925373134329
0.6916666666666667 0.5764925373134329
0.775 0.5130597014925373
0.8361111111111111 0.4458955223880597
0.8694444444444445 0.3376865671641791
0.8722222222222222 0.21082089552238806
0.8694444444444445 0.13992537313432835
0.7833333333333333 0.08022388059701492
0.6888888888888889 0.09514925373134328
0.6027777777777779 0.12126865671641791
0.5 0.17350746268656717
0.38055555555555554 0.19962686567164178
0.28888888888888886 0.2555970149253731
0.24722222222222223 0.3824626865671642
0.5472222222222223 0.6847014925373134
0.46944444444444444 0.6623134328358209
0.4083333333333333 0.6660447761194029
0.37222222222222223 0.7369402985074627
0.31666666666666665 0.7854477611940298
0.3111111111111111 0.6958955223880597
0.36388888888888893 0.5914179104477612
0.3388888888888889 0.4906716417910448
0.33333333333333337 0.3824626865671642
0.35 0.292910447761194
0.44166666666666665 0.251865671641791
0.5138888888888888 0.27052238805970147
0.5638888888888889 0.34888059701492535
0.6055555555555556 0.44216417910447764
0.6694444444444445 0.5541044776119403
0.5666666666666667 0.18097014925373134
0.6444444444444444 0.17723880597014927
0.7166666666666667 0.17723880597014927
0.7805555555555556 0.18097014925373134
0.8305555555555555 0.1958955223880597
}
