version: 2
n_points: 55
{
0.21120212765957455 0.7282295081967213
0.13331382978723397 0.6286967213114756
0.059223404255319224 0.4852540983606559
0.026930851063829725 0.3271721311475412
0.036425531914893686 0.2247131147540985
0.06302127659574475 0.136893442622951
0.12001595744680844 0.07249180327868854
0.19410106382978715 0.046147540983606516
0.2871861702127659 0.0490737704918035
0.37267553191489355 0.07834426229508185
0.48475531914893627 0.13104098360655758
0.5987393617021276 0.20715573770491824
0.6994202127659573 0.30082786885245927
0.7868085106382977 0.40913934426229526
0.8551968085106385 0.5028196721311475
0.9254840425531914 0.5789344262295082
0.9748776595744684 0.7048114754098362
0.9729787234042551 0.8248360655737704
0.9140851063829785 0.9155819672131149
0.8475957446808509 0.9653524590163937
0.397372340425532 0.6316229508196721
0.3099840425531914 0.6199180327868852
0.2168989361702127 0.56722131147541
0.15801063829787243 0.4794016393442625
0.12191489361702136 0.35937704918032787
0.13141489361702136 0.21300819672131166
0.15801063829787243 0.13981967213114754
0.2245000000000001 0.11347540983606552
0.33278191489361697 0.12225409836065593
0.4277659574468086 0.16617213114754115
0.49615425531914886 0.19251639344262317
0.5607446808510639 0.23935245901639357
0.6196329787234042 0.30082786885245927
0.6785265957446808 0.37401639344262294
0.7070212765957444 0.4852540983606559
0.4087659574468086 0.7165163934426231
0.46386170212765965 0.6667540983606557
0.558845744680851 0.6901721311475412
0.615835106382979 0.7897049180327869
0.6804255319148934 0.8014180327868854
0.6576276595744681 0.7018852459016393
0.6063351063829786 0.634549180327869
0.6063351063829786 0.5320901639344264
0.5930372340425532 0.432565573770492
0.5531436170212766 0.38279508196721324
0.4809574468085107 0.40328688524590184
0.4201648936170212 0.4354918032786885
0.36887234042553196 0.48818032786885235
0.34227659574468094 0.5379508196721311
0.3194840425531914 0.6140573770491805
0.4068670212765957 0.1749508196721311
0.35367553191489354 0.1983688524590166
0.2852872340425533 0.21008196721311467
0.21500000000000008 0.2247131147540985
0.1675053191489361 0.24813934426229523
}
