version: 2
n_points: 55
{
0.8113986013986012 0.06493650793650807
0.8728531468531467 0.18999999999999995
0.927951048951049 0.29580952380952374
0.9618531468531469 0.4834126984126986
0.9258321678321679 0.6902380952380954
0.8707342657342656 0.8104920634920636
0.7965664335664335 0.8970634920634919
0.6990909090909092 0.9066825396825399
0.6122027972027972 0.8585873015873017
0.5253216783216782 0.8008730158730161
0.4553916083916083 0.7912380952380954
0.379104895104895 0.7912380952380954
0.3091748251748251 0.7768095238095237
0.23076923076923073 0.7527619047619049
0.16083916083916083 0.6902380952380954
0.09302797202797197 0.6565714285714286
0.048524475524475696 0.5603650793650794
0.0294545454545454 0.39201587301587304
0.048524475524475696 0.2813809523809524
0.061244755244755145 0.18519047619047624
0.5719440559440561 0.14188888888888873
0.641874125874126 0.14669841269841255
0.7160419580419581 0.1707619047619049
0.7774965034965036 0.21885714285714308
0.8410699300699302 0.3294920634920636
0.8728531468531467 0.4834126984126986
0.8537832167832169 0.6902380952380954
0.7902097902097902 0.7912380952380954
0.7118041958041958 0.8104920634920636
0.6397552447552448 0.7912380952380954
0.5761818181818182 0.7383333333333331
0.5062517482517483 0.7046666666666668
0.4447972027972028 0.7094761904761906
0.36215384615384627 0.7046666666666668
0.2837482517482519 0.5940317460317461
0.5274405594405593 0.14188888888888873
0.4893006993006995 0.19961904761904747
0.427846153846154 0.2236666666666668
0.37274825174825177 0.1274603174603175
0.3346013986013987 0.18038095238095242
0.35579720279720295 0.30542857142857127
0.357916083916084 0.3823968253968255
0.3536783216783218 0.4834126984126986
0.3812237762237761 0.5507460317460318
0.4447972027972028 0.5796031746031745
0.499895104895105 0.5747936507936506
0.5422727272727275 0.5315079365079367
0.5783006993006994 0.44492063492063494
0.5952517482517481 0.3246825396825399
0.6164475524475523 0.19961904761904747
0.5549930069930068 0.7046666666666668
0.6100839160839162 0.6758095238095236
0.6715384615384614 0.6276984126984124
0.7435874125874128 0.5796031746031745
0.8092797202797202 0.47860317460317436
}
