version: 2
n_points: 55
{
0.8850415512465374 0.7924566473988441
0.9582520775623269 0.672722543352601
0.9839722991689751 0.5240867052023119
0.9721024930747922 0.3630635838150289
0.9186786703601109 0.21442196531791924
0.8612991689750693 0.11532947976878612
0.778196675900277 0.05752601156069363
0.7129002770083104 0.032757225433525855
0.6357340720221607 0.04927167630057804
0.5645041551246537 0.07404624277456649
0.48140166204986146 0.10294797687861273
0.4062132963988919 0.13597687861271676
0.3310249307479224 0.19790751445086704
0.2597950138504155 0.2969999999999998
0.1826288088642658 0.3671907514450867
0.10545983379501389 0.45802312138728324
0.046102493074792306 0.5488554913294797
0.012465373961218829 0.7016242774566472
0.016423822714681346 0.8461329479768784
0.06390858725761783 0.9741271676300578
0.5884681440443214 0.8075953757225434
0.7069639889196676 0.7722716763005781
0.8131523545706372 0.7080462427745666
0.8608587257617729 0.5667514450867052
0.8716315789473684 0.41582080924855497
0.8408531855955679 0.26488439306358375
0.7823739612188366 0.17497109826589585
0.7285096952908587 0.171757225433526
0.6684903047091413 0.1878150289017342
0.6053961218836565 0.18460693641618503
0.540759002770083 0.19102890173410406
0.4822797783933518 0.2102947976878611
0.4222631578947369 0.24883236994219654
0.3622437673130193 0.3034219653179192
0.2976094182825485 0.37728323699421956
0.5607673130193906 0.9039364161849709
0.5053656509695291 0.8686127167630057
0.4314958448753462 0.8108092485549132
0.36070360110803323 0.8268670520231214
0.3068421052631578 0.8621907514450866
0.33300277008310253 0.7080462427745666
0.4222631578947369 0.5731734104046242
0.4253407202216066 0.4864682080924855
0.4561191135734072 0.3997630057803468
0.5115207756232687 0.3291156069364162
0.5561495844875346 0.3515895953757225
0.5792326869806095 0.4382947976878612
0.5977008310249308 0.5314277456647399
0.6207839335180055 0.659878612716763
0.6500249307479224 0.7433699421965319
0.5515318559556788 0.2295606936416185
0.611551246537396 0.25525433526011554
0.6808033240997229 0.3098439306358382
0.7439002770083103 0.3483815028901733
0.8039168975069252 0.4126069364161848
}
