version: 2
n_points: 55
{
0.1309196787148594 0.043256637168141654
0.06589959839357426 0.2539557522123894
0.02382730923694776 0.44359292035398235
0.02573895582329314 0.6458672566371682
0.07928514056224896 0.818646017699115
0.16916867469879515 0.9029292035398231
0.27435341365461857 0.932424778761062
0.3757108433734941 0.949283185840708
0.45412048192771093 0.915566371681416
0.5287028112449799 0.873424778761062
0.6128473895582329 0.8523628318584071
0.6702208835341366 0.843929203539823
0.7314176706827309 0.8144336283185841
0.7887911646586345 0.7638672566371683
0.8423373493975904 0.6795840707964602
0.89014859437751 0.5910884955752214
0.9360481927710844 0.4604513274336284
0.978120481927711 0.33823893805309735
0.9819437751004017 0.1696814159292036
0.8824979919678716 0.08118584070796464
0.43116867469879516 0.14861061946902665
0.3374618473895583 0.19917699115044252
0.26861445783132526 0.25817699115044257
0.1902048192771084 0.2792477876106195
0.15769477911646582 0.36352212389380534
0.1309196787148594 0.49838053097345136
0.14239759036144575 0.6500796460176992
0.17299598393574295 0.8228584070796461
0.26287951807228915 0.8397168141592921
0.35658634538152617 0.8565752212389381
0.4483815261044176 0.8228584070796461
0.5287028112449799 0.818646017699115
0.6128473895582329 0.7765044247787611
0.6797831325301206 0.7343628318584071
0.7543694779116467 0.5910884955752214
0.47706827309236954 0.14861061946902665
0.5248795180722892 0.17810619469026556
0.5746024096385544 0.16124778761061953
0.6109357429718875 0.0896106194690266
0.6912570281124497 0.08118584070796464
0.6950843373493977 0.19075221238938056
0.6625702811244981 0.3930265486725665
0.6721325301204819 0.4646637168141593
0.5956385542168675 0.5742300884955753
0.5401767068273093 0.5658053097345133
0.4732449799196788 0.4899469026548673
0.4216064257028113 0.45623893805309745
0.3871847389558233 0.4014513274336283
0.3489357429718875 0.31295575221238947
0.31642570281124505 0.2539557522123894
0.43308433734939766 0.8102212389380532
0.3584979919678716 0.7512212389380531
0.2762650602409639 0.7006548672566373
0.222718875502008 0.6585132743362833
0.1768192771084337 0.6163716814159292
}
