version: 2
n_points: 55
{
0.7726338028169015 0.9002735849056601
0.8564741784037557 0.7654999999999997
0.9302488262910796 0.5970377358490566
0.9738450704225351 0.37466037735849056
0.9302488262910796 0.19272641509433938
0.8464131455399061 0.09164150943396225
0.7816244131455399 0.06226415094339644
0.7121408450704224 0.05471698113207558
0.6370234741784037 0.06226415094339644
0.5731737089201878 0.07735849056603764
0.5074460093896714 0.08490566037735849
0.434206572769953 0.10754716981132054
0.3666009389671362 0.149056603773585
0.2896056338028168 0.19433962264150964
0.21448826291079826 0.2811320754716982
0.14124882629107982 0.341509433962264
0.056741784037558696 0.47358490566037725
0.02106103286384975 0.6169811320754715
0.01918309859154932 0.8094339622641511
0.062375586854459875 0.9528301886792453
0.5600281690140845 0.7150943396226416
0.6389014084507043 0.7339622641509435
0.7121408450704224 0.6962264150943397
0.7797464788732396 0.6509433962264151
0.8323286384976526 0.5566037735849056
0.8642535211267606 0.44339622641509435
0.8586197183098593 0.30754716981132096
0.8248169014084505 0.19433962264150964
0.7628450704225351 0.149056603773585
0.6933615023474178 0.16037735849056603
0.6407793427230046 0.1452830188679243
0.5769295774647889 0.13396226415094328
0.5112018779342724 0.149056603773585
0.437962441314554 0.19056603773584896
0.3722347417840376 0.30377358490566025
0.5412488262910798 0.850943396226415
0.5093239436619718 0.7830188679245284
0.4323286384976527 0.7566037735849056
0.3722347417840376 0.7943396226415094
0.31589671361502347 0.8018867924528302
0.33092018779342713 0.6962264150943397
0.3947699530516433 0.5792452830188677
0.4022816901408449 0.4283018867924526
0.4323286384976527 0.3000000000000001
0.49805633802816907 0.2471698113207546
0.5543943661971832 0.22830188679245272
0.6088544600938965 0.2811320754716982
0.6313896713615024 0.4018867924528304
0.6558028169014083 0.5301886792452829
0.689605633802817 0.6660377358490568
0.6764600938967137 0.17547169811320776
0.7121408450704224 0.19433962264150964
0.7478215962441315 0.2169811320754717
0.7835023474178405 0.2509433962264153
0.8323286384976526 0.28490566037735837
}
