version: 2
n_points: 55
{
0.8388090452261306 0.6482105263157895
0.9122512562814071 0.5412105263157895
0.9509095477386934 0.41396992481203015
0.9721708542713567 0.2664812030075188
0.9528391959798995 0.11032330827067671
0.877462311557789 0.05827067669172932
0.8059547738693467 0.040917293233082706
0.7015829145728644 0.07272932330827066
0.5991507537688442 0.11032330827067671
0.5102412060301509 0.1797293233082707
0.41747236180904523 0.2520225563909774
0.33436180904522617 0.2982932330827068
0.23965829145728645 0.34166917293233084
0.1623517587939698 0.4110751879699248
0.10243718592964823 0.5007218045112782
0.0405879396984925 0.5874812030075188
0.021261306532663338 0.7002631578947369
0.03285427135678398 0.8043684210526315
0.05991457286432167 0.8795563909774435
0.0927738693467336 0.9634210526315788
0.5991507537688442 0.6163984962406015
0.6725929648241207 0.5556691729323308
0.7460402010050251 0.4718045112781955
0.8136834170854271 0.4284285714285714
0.8677989949748744 0.32142857142857145
0.8716683417085427 0.226
0.860070351758794 0.1392406015037594
0.7827587939698493 0.12478195488721802
0.6957889447236181 0.156593984962406
0.6184773869346734 0.20864661654135339
0.5682261306532663 0.2520225563909774
0.47932160804020096 0.263593984962406
0.4039447236180904 0.28093984962406016
0.33436180904522617 0.3243233082706767
0.282180904522613 0.4284285714285714
0.553603015075377 0.658203007518797
0.48150251256281384 0.628781954887218
0.426884422110553 0.6222406015037594
0.37663316582914597 0.658203007518797
0.34167336683417115 0.6647443609022556
0.3831859296482413 0.6189774436090225
0.3919246231155782 0.5470526315789473
0.36570854271356756 0.4555187969924812
0.3831859296482413 0.38687218045112776
0.4574723618090454 0.3509097744360903
0.5077236180904524 0.33783458646616543
0.5754522613065326 0.38360150375939855
0.6125929648241204 0.4359097744360902
0.6409999999999998 0.48493984962406017
0.6628442211055274 0.5437894736842105
0.603854271356784 0.24957142857142856
0.656291457286432 0.24957142857142856
0.7305778894472361 0.24957142857142856
0.7786432160804022 0.24303759398496239
0.8398190954773871 0.24303759398496239
}
