version: 2
n_points: 55
{
0.7723005780346821 0.9403972602739726
0.8719595375722543 0.7892328767123288
0.9357398843930634 0.6144657534246575
0.9676358381502891 0.41134246575342454
0.9217919075144511 0.24601369863013703
0.8460462427745664 0.13736986301369852
0.7443930635838149 0.08068493150684913
0.6507109826589594 0.07595890410958887
0.5809479768786128 0.07123287671232861
0.5071965317919076 0.08068493150684913
0.4354450867052023 0.10430136986301376
0.37365317919075147 0.15153424657534262
0.2999017341040461 0.1846027397260274
0.23412716763005792 0.2507397260273973
0.16236994219653167 0.3074246575342467
0.10058381502890146 0.3735479452054795
0.0527456647398844 0.4680273972602739
0.026832369942196843 0.586123287671233
0.026832369942196843 0.7042054794520549
0.042780346820809 0.8034109589041096
0.561549132947977 0.8623698630136987
0.6366936416184972 0.8121506849315069
0.7214682080924857 0.7801780821917809
0.7946878612716762 0.6979863013698631
0.8544161849710984 0.561
0.8968092485549134 0.38749315068493156
0.8717572254335262 0.2596301369863014
0.8043236994219655 0.20941095890410968
0.7291791907514452 0.1774383561643836
0.6655953757225435 0.19571232876712338
0.5865953757225433 0.18201369863013708
0.5018150289017342 0.18201369863013708
0.4208901734104048 0.23680821917808229
0.35152601156069374 0.34182191780821924
0.2763815028901735 0.4422876712328768
0.5287919075144508 0.8715068493150686
0.46520809248554906 0.7162602739726028
0.3862080924855492 0.7208219178082192
0.32647976878612717 0.7847534246575343
0.2686763005780346 0.803013698630137
0.2860173410404624 0.7527808219178083
0.35538150289017334 0.6934246575342466
0.38813872832369956 0.5107808219178083
0.426670520231214 0.39661643835616445
0.469063583815029 0.39661643835616445
0.5519132947976878 0.47424657534246584
0.584670520231214 0.5655753424657535
0.5981560693641619 0.6386301369863014
0.6135722543352602 0.7208219178082192
0.627057803468208 0.7756164383561645
0.5364971098265897 0.2185342465753425
0.6289826589595378 0.25506849315068497
0.7118381502890174 0.29160273972602746
0.8023930635838151 0.3509589041095891
0.8640520231213873 0.41945205479452063
}
