version: 2
n_points: 55
{
0.29842931937172773 0.040322580645161255
0.18324607329842932 0.12096774193548387
0.09424083769633508 0.19354838709677424
0.02617801047120419 0.3467741935483871
0.03664921465968586 0.532258064516129
0.08900523560209424 0.6612903225806452
0.17277486910994763 0.7419354838709677
0.2670157068062827 0.8387096774193549
0.3507853403141361 0.8870967741935484
0.4293193717277487 0.9193548387096774
0.5078534031413613 0.9435483870967742
0.5916230366492147 0.9596774193548387
0.6649214659685864 0.9516129032258065
0.7382198952879581 0.9193548387096774
0.8115183246073299 0.8709677419354839
0.8795811518324608 0.814516129032258
0.93717277486911 0.7419354838709677
0.9738219895287958 0.6129032258064516
0.9633507853403142 0.532258064516129
0.9267015706806283 0.45967741935483875
0.418848167539267 0.29032258064516125
0.387434554973822 0.2016129032258065
0.3089005235602094 0.17741935483870963
0.23036649214659685 0.22580645161290325
0.17277486910994763 0.29032258064516125
0.13089005235602094 0.3951612903225806
0.10471204188481675 0.5241935483870968
0.13089005235602094 0.6290322580645161
0.20418848167539266 0.6935483870967742
0.28272251308900526 0.75
0.3507853403141361 0.814516129032258
0.42408376963350786 0.8467741935483871
0.5078534031413613 0.8709677419354839
0.5916230366492147 0.8709677419354839
0.6910994764397905 0.8387096774193549
0.5497382198952879 0.2983870967741935
0.6020942408376964 0.3709677419354839
0.6544502617801047 0.3870967741935484
0.7068062827225131 0.3709677419354839
0.7486910994764397 0.3951612903225806
0.7068062827225131 0.5
0.6282722513089005 0.532258064516129
0.6178010471204188 0.6451612903225806
0.5654450261780105 0.7016129032258065
0.4869109947643979 0.6935483870967742
0.4293193717277487 0.6290322580645161
0.4083769633507853 0.5564516129032258
0.38219895287958117 0.45967741935483875
0.36649214659685864 0.3709677419354839
0.3717277486910995 0.24193548387096775
0.3298429319371728 0.75
0.2774869109947644 0.6693548387096775
0.21465968586387435 0.5887096774193548
0.16753926701570682 0.5403225806451613
0.13089005235602094 0.5080645161290323
}
