version: 2
n_points: 55
{
0.1348285714285713 0.34172727272727277
0.15557142857142836 0.23770909090909087
0.18414285714285694 0.1597818181818181
0.2494285714285711 0.10783636363636359
0.392285714285714 0.10003636363636369
0.5188285714285712 0.1597818181818181
0.5882285714285713 0.2403090909090909
0.6535142857142855 0.3156363636363636
0.6943428571428569 0.3727636363636364
0.7555714285714283 0.43250909090909084
0.7800571428571427 0.4896545454545454
0.8127142857142855 0.5389999999999999
0.8331142857142855 0.6039454545454546
0.8371999999999997 0.6792727272727273
0.8290285714285712 0.7415999999999999
0.8127142857142855 0.7987454545454545
0.7759714285714283 0.8325090909090909
0.7310857142857141 0.8688727272727272
0.682085714285714 0.9026363636363636
0.6127142857142855 0.9182181818181817
0.3229142857142855 0.4896545454545454
0.2698571428571427 0.4273090909090908
0.2331142857142855 0.36498181818181813
0.23719999999999974 0.30003636363636366
0.2575999999999997 0.2429090909090909
0.33514285714285685 0.19094545454545458
0.40862857142857123 0.16758181818181817
0.48617142857142837 0.20912727272727277
0.5392285714285712 0.2662727272727273
0.592285714285714 0.33640000000000003
0.6453714285714284 0.3805636363636363
0.682085714285714 0.453290909090909
0.7433142857142855 0.5078363636363636
0.7433142857142855 0.5727636363636363
0.7473999999999998 0.6429090909090909
0.27394285714285693 0.5494
0.34331428571428546 0.6013454545454545
0.3677999999999997 0.6299090909090909
0.3392285714285711 0.6662727272727272
0.39637142857142826 0.7078363636363636
0.4453714285714284 0.6662727272727272
0.4657714285714284 0.5961454545454545
0.5310857142857142 0.5597818181818182
0.5759714285714284 0.5182181818181817
0.5882285714285713 0.45589090909090907
0.5759714285714284 0.4195272727272727
0.5188285714285712 0.3987454545454545
0.46168571428571403 0.39614545454545447
0.392285714285714 0.4039454545454545
0.32699999999999985 0.4169272727272727
0.5514857142857141 0.3286181818181818
0.4984285714285712 0.3052363636363636
0.4290285714285712 0.27667272727272724
0.36371428571428543 0.250690909090909
0.31065714285714263 0.23770909090909087
}
