version: 2
n_points: 55
{
0.22951724137931054 0.3397000000000002
0.14000000000000007 0.44355999999999995
0.10020689655172434 0.5704800000000001
0.11348275862068954 0.73202
0.1930517241379311 0.8358600000000002
0.2991551724137931 0.8897000000000003
0.44172413793103454 0.8858600000000001
0.5179827586206898 0.83202
0.5876206896551723 0.77048
0.6705000000000002 0.6781799999999998
0.7169310344827585 0.5974000000000002
0.7799137931034485 0.5166399999999999
0.8329655172413795 0.4512400000000002
0.8661206896551726 0.3935599999999999
0.8926551724137931 0.3397000000000002
0.9191724137931037 0.25894000000000006
0.9258103448275863 0.18586000000000014
0.912551724137931 0.12432000000000021
0.8528620689655174 0.09740000000000004
0.7732931034482758 0.08970000000000022
0.46493103448275874 0.4050999999999999
0.3886724137931036 0.4050999999999999
0.309103448275862 0.43586000000000014
0.2328448275862068 0.49740000000000006
0.18310344827586214 0.5781799999999999
0.1996896551724137 0.6627800000000001
0.24279310344827576 0.7512400000000002
0.30577586206896573 0.7781799999999999
0.3919827586206899 0.7974000000000001
0.478189655172414 0.80894
0.5345689655172413 0.7474000000000001
0.5909310344827586 0.68202
0.6539310344827586 0.5974000000000002
0.7102931034482759 0.49356
0.7235517241379312 0.37817999999999985
0.435086206896552 0.2666399999999999
0.531241379310345 0.2666399999999999
0.584293103448276 0.1897000000000003
0.5975689655172413 0.1474000000000001
0.6638793103448275 0.1474000000000001
0.6771379310344827 0.20894000000000001
0.6439827586206897 0.24740000000000006
0.6539310344827586 0.33586000000000016
0.6506034482758623 0.44355999999999995
0.6041896551724139 0.5166399999999999
0.5445172413793102 0.5550999999999999
0.4815172413793103 0.55894
0.4317758620689656 0.5397000000000003
0.3853620689655172 0.48970000000000025
0.3455689655172415 0.4397000000000003
0.6340344827586207 0.55894
0.5610862068965519 0.6127800000000002
0.4914655172413792 0.6781799999999998
0.41851724137931035 0.72048
0.3289999999999999 0.7089400000000001
}
