version: 2
n_points: 55
{
0.8678425196850394 0.42062135922330113
0.9282047244094489 0.5435922330097088
0.9544566929133859 0.6924660194174759
0.9203307086614174 0.8445631067961166
0.8415905511811024 0.92547572815534
0.7366062992125982 0.9481262135922331
0.6316220472440945 0.9319417475728157
0.5660000000000001 0.9028155339805826
0.4977637795275591 0.860747572815534
0.4085196850393701 0.8122038834951455
0.3560314960629922 0.7668932038834952
0.30353543307086595 0.7118834951456312
0.2510393700787402 0.6406796116504856
0.20379527559055122 0.559776699029126
0.1565511811023622 0.46916504854368946
0.08831496062992128 0.3785436893203884
0.04107086614173239 0.2685145631067959
0.03581889763779511 0.1455339805825243
0.07781102362204728 0.06463106796116491
0.1381811023622046 0.04198058252427195
0.5948740157480313 0.4303300970873788
0.6841102362204725 0.45621359223300983
0.7812283464566929 0.4788737864077671
0.844220472440945 0.5209417475728153
0.8730866141732284 0.6050873786407769
0.8652125984251968 0.6859902912621357
0.8179685039370079 0.7766019417475729
0.7759763779527558 0.8251456310679612
0.6788661417322835 0.8283883495145632
0.6184960629921259 0.8057281553398059
0.5240078740157479 0.8057281553398059
0.43477165354330716 0.7798446601941749
0.335031496062992 0.6859902912621357
0.30353543307086595 0.5791941747572813
0.26416535433070854 0.4594563106796118
0.6080000000000001 0.3008737864077671
0.5423779527559056 0.31705825242718433
0.44264566929133864 0.31705825242718433
0.4085196850393701 0.24909708737864056
0.3192834645669289 0.21349514563106808
0.3804094488188977 0.27273786407766976
0.4185118110236221 0.3259805825242721
0.39057480314960635 0.40740776699029146
0.3600944881889766 0.5044951456310682
0.3804094488188977 0.6172427184466022
0.4312125984251969 0.6892815533980581
0.4947165354330709 0.7018058252427184
0.5607559055118111 0.6704854368932038
0.6039370078740156 0.5733980582524272
0.654732283464567 0.4919708737864078
0.5556771653543309 0.7926310679611652
0.5988503937007872 0.7863689320388347
0.6521968503937008 0.7832330097087379
0.7055354330708662 0.7988932038834952
0.7461732283464568 0.8114174757281556
}
