version: 2
n_points: 55
{
0.7704827586206895 0.3397000000000002
0.8599999999999999 0.44355999999999995
0.8997931034482757 0.5704800000000001
0.8865172413793104 0.73202
0.806948275862069 0.8358600000000002
0.7008448275862069 0.8897000000000003
0.5582758620689654 0.8858600000000001
0.48201724137931024 0.83202
0.41237931034482767 0.77048
0.3294999999999998 0.6781799999999998
0.2830689655172415 0.5974000000000002
0.22008620689655145 0.5166399999999999
0.16703448275862054 0.4512400000000002
0.13387931034482736 0.3935599999999999
0.10734482758620689 0.3397000000000002
0.08082758620689634 0.25894000000000006
0.07418965517241372 0.18586000000000014
0.08744827586206905 0.12432000000000021
0.14713793103448258 0.09740000000000004
0.22670689655172416 0.08970000000000022
0.5350689655172413 0.4050999999999999
0.6113275862068964 0.4050999999999999
0.690896551724138 0.43586000000000014
0.7671551724137932 0.49740000000000006
0.8168965517241379 0.5781799999999999
0.8003103448275863 0.6627800000000001
0.7572068965517242 0.7512400000000002
0.6942241379310343 0.7781799999999999
0.6080172413793101 0.7974000000000001
0.5218103448275859 0.80894
0.4654310344827587 0.7474000000000001
0.40906896551724137 0.68202
0.3460689655172414 0.5974000000000002
0.2897068965517241 0.49356
0.27644827586206877 0.37817999999999985
0.564913793103448 0.2666399999999999
0.468758620689655 0.2666399999999999
0.415706896551724 0.1897000000000003
0.40243103448275874 0.1474000000000001
0.3361206896551725 0.1474000000000001
0.3228620689655173 0.20894000000000001
0.35601724137931035 0.24740000000000006
0.3460689655172414 0.33586000000000016
0.34939655172413775 0.44355999999999995
0.39581034482758615 0.5166399999999999
0.45548275862068976 0.5550999999999999
0.5184827586206897 0.55894
0.5682241379310344 0.5397000000000003
0.6146379310344827 0.48970000000000025
0.6544310344827585 0.4397000000000003
0.36596551724137927 0.55894
0.43891379310344814 0.6127800000000002
0.5085344827586208 0.6781799999999998
0.5814827586206897 0.72048
0.671 0.7089400000000001
}
