version: 2
n_points: 55
{
0.19144476744186037 0.6775432692307691
0.0834709302325583 0.5161394230769232
0.024779069767441864 0.33951442307692314
0.017026162790697588 0.18246153846153845
0.07516569767441852 0.08951442307692326
0.15074709302325573 0.02541346153846158
0.23020348837209317 0.031822115384615546
0.30190988372093014 0.054259615384615434
0.3833052325581395 0.09272115384615387
0.4898953488372093 0.12476923076923074
0.5751656976744185 0.17605288461538482
0.6294302325581396 0.22733653846153845
0.6953197674418606 0.313875
0.7670261627906976 0.4132307692307693
0.8367936046511627 0.5254134615384616
0.9201279069767438 0.6247692307692307
0.976328488372093 0.7145144230769233
0.9879563953488372 0.8491298076923078
0.9666395348837206 0.9356682692307694
0.9240029069767441 0.9805384615384616
0.39299418604651176 0.6664375000000001
0.29803488372093023 0.6119519230769228
0.2243895348837211 0.5254134615384616
0.16625000000000015 0.4004134615384616
0.12749127906976734 0.28502884615384616
0.13524418604651164 0.16002884615384616
0.18369186046511643 0.12156730769230772
0.25345930232558156 0.12156730769230772
0.2999709302325583 0.15041346153846158
0.3697383720930234 0.1984903846153846
0.40656104651162783 0.20169230769230762
0.45501162790697675 0.20489903846153856
0.5092732558139537 0.2209230769230769
0.5422209302325581 0.24656730769230772
0.590668604651163 0.29464423076923074
0.4569476744186048 0.7241298076923078
0.524267441860465 0.693596153846154
0.5762877906976746 0.698658653846154
0.6053575581395351 0.7593846153846153
0.6497267441860465 0.8049326923076925
0.6359563953488372 0.7315528846153847
0.5900581395348837 0.6910673076923075
0.5808779069767442 0.5417740384615386
0.528857558139535 0.45574038461538446
0.47224999999999984 0.4177884615384615
0.43093895348837225 0.39248557692307695
0.37891860465116267 0.4127259615384614
0.35750000000000004 0.4506826923076924
0.34066860465116294 0.5240625
0.3330203488372092 0.6075625000000002
0.3452587209302326 0.2280096153846154
0.2886511627906978 0.23812980769230774
0.2243895348837211 0.24066346153846152
0.184610465116279 0.2457211538461539
0.15554069767441853 0.2634326923076922
}
