version: 2
n_points: 55
{
0.7827000000000001 0.6097301587301589
0.8709399999999999 0.49146031746031726
0.9395699999999999 0.3794285714285714
0.9493700000000002 0.23625396825396802
0.93368 0.15533333333333335
0.86898 0.09930158730158731
0.7934899999999999 0.08417460317460314
0.70645 0.09887301587301608
0.61941 0.11063492063492061
0.5249700000000002 0.14296825396825405
0.44348999999999994 0.18999999999999997
0.34904 0.2252698412698414
0.2768200000000002 0.28112698412698434
0.20089 0.36636507936507917
0.12497000000000014 0.481
0.08052000000000026 0.5750634920634923
0.045339999999999936 0.6573650793650792
0.041630000000000056 0.7602539682539681
0.060149999999999815 0.8572539682539684
0.09718999999999989 0.9248571428571427
0.56386 0.6750158730158732
0.62126 0.5985873015873018
0.7046000000000001 0.5074603174603174
0.7916300000000001 0.40163492063492057
0.83423 0.33403174603174624
0.8508899999999999 0.18412698412698403
0.78793 0.16942857142857154
0.6990399999999999 0.17823809523809545
0.59534 0.19587301587301592
0.5305199999999999 0.2223333333333334
0.45089 0.2458571428571429
0.38423000000000007 0.28993650793650777
0.3416300000000001 0.34285714285714275
0.31570999999999994 0.3840000000000001
0.2805200000000002 0.4251587301587301
0.49903999999999993 0.7014603174603176
0.46570999999999996 0.6573650793650792
0.34533999999999987 0.6485555555555557
0.3027500000000001 0.7132222222222221
0.25644999999999984 0.730857142857143
0.3101499999999998 0.6720634920634921
0.36200999999999994 0.6103333333333333
0.37866999999999995 0.5397936507936508
0.4064500000000001 0.43985714285714306
0.45830000000000015 0.35755555555555574
0.5397800000000001 0.34285714285714275
0.59534 0.35460317460317464
0.6286699999999998 0.40163492063492057
0.64904 0.46630158730158744
0.64904 0.5368571428571429
0.4879300000000001 0.25760317460317483
0.5675600000000001 0.2252698412698414
0.6471899999999999 0.22820634920634936
0.73238 0.26642857142857135
0.8064500000000001 0.2781904761904764
}
