version: 2
n_points: 55
{
0.12288805970149243 0.33361538461538476
0.04079850746268645 0.4675213675213674
0.04079850746268645 0.6612564102564105
0.0880597014925374 0.8293418803418805
0.19005223880597003 0.931905982905983
0.3044776119402986 0.9490000000000002
0.39900746268656706 0.9233589743589745
0.48606716417910434 0.8720769230769232
0.5532313432835824 0.8122478632478634
0.6154253731343282 0.7467264957264959
0.6726343283582092 0.6925897435897437
0.7373134328358205 0.6327606837606838
0.7995000000000003 0.5472905982905985
0.8567164179104474 0.4561282051282053
0.9014925373134325 0.3706581196581198
0.9537313432835818 0.2794871794871794
0.9661716417910446 0.1598290598290597
0.9437835820895522 0.08290598290598283
0.8716417910447758 0.04017094017094003
0.7522388059701489 0.06581196581196569
0.3791044776119404 0.34501709401709413
0.3044776119402986 0.3621111111111113
0.21229104477611943 0.41020512820512844
0.1508358208955223 0.48562393162393147
0.12229850746268639 0.5786324786324786
0.12888805970149264 0.6741538461538459
0.1925373134328359 0.7420341880341879
0.2583880597014927 0.8124188034188033
0.3176492537313433 0.8626923076923076
0.3988582089552239 0.824991452991453
0.4625074626865672 0.7822564102564102
0.5305522388059706 0.7395213675213675
0.5898134328358207 0.6892393162393164
0.6534701492537317 0.6465042735042736
0.717119402985075 0.5409230769230771
0.39227611940298507 0.2794871794871794
0.4778731343283584 0.26188888888888906
0.5459179104477614 0.2593760683760682
0.596402985074627 0.20658974358974347
0.6556641791044779 0.14374358974358958
0.6578582089552241 0.2518376068376066
0.6227388059701493 0.32473504273504294
0.6293208955223877 0.46299999999999997
0.6029850746268653 0.5409230769230771
0.5503059701492536 0.5836581196581198
0.48665671641791036 0.6113162393162394
0.4383656716417909 0.5912051282051282
0.40983582089552245 0.5233247863247862
0.3637388059701491 0.45545299145299156
0.2978955223880598 0.40015384615384597
0.5042164179104477 0.726948717948718
0.4317835820895521 0.7445470085470087
0.3681268656716418 0.7545982905982906
0.3198432835820894 0.7520854700854703
0.24960447761194032 0.7495726495726495
}
