version: 2
n_points: 55
{
0.8806904761904762 0.5166625
0.9135714285714287 0.4138
0.9334166666666665 0.2497375
0.9135714285714287 0.1403625
0.8738928571428569 0.07526250000000001
0.7597976190476188 0.06485000000000003
0.6333095238095235 0.07266250000000003
0.5192261904761906 0.09610000000000003
0.4423452380952385 0.13516250000000002
0.3753809523809528 0.16641250000000002
0.3332142857142858 0.22891250000000002
0.2860952380952385 0.3382875
0.221607142857143 0.4502625
0.13479761904761878 0.5153625
0.08271428571428552 0.5987
0.05047619047619056 0.6846375
0.05791666666666673 0.7940124999999998
0.09015476190476168 0.8773499999999999
0.1323214285714287 0.9111999999999998
0.18936904761904805 0.9476624999999999
0.6779523809523806 0.5466125
0.7449166666666664 0.455475
0.8118809523809521 0.3877625
0.8292499999999998 0.2888
0.8168452380952382 0.18203750000000002
0.7449166666666664 0.13255
0.653154761904762 0.12995
0.5440238095238092 0.148175
0.45970238095238103 0.176825
0.39026190476190525 0.2471375
0.34313095238095215 0.330475
0.2910476190476188 0.4112
0.25136904761904777 0.4502625
0.21913095238095281 0.520575
0.19184523809523824 0.5414125000000001
0.6829166666666668 0.583075
0.6085119047619049 0.56745
0.5018690476190482 0.6091125
0.41258333333333375 0.679425
0.34809523809523824 0.7002625
0.335690476190476 0.6533875
0.3282499999999997 0.6091125
0.3084166666666671 0.5127625
0.32577380952380963 0.4711
0.39026190476190525 0.44505
0.4646666666666671 0.4372375
0.5291428571428569 0.455475
0.57627380952381 0.4632875
0.6184285714285711 0.489325
0.6506785714285712 0.5309875
0.36828571428571466 0.3813750000000001
0.4513452380952382 0.32904999999999995
0.5150119047619044 0.29124999999999995
0.5897738095238101 0.2505625
0.6811309523809521 0.23602500000000007
}
