version: 2
n_points: 55
{
0.8438590604026847 0.7422871287128713
0.9128322147651007 0.6020198019801978
0.9631677852348993 0.4672574257425741
0.9631677852348993 0.3187425742574256
0.9296107382550336 0.17573267326732697
0.8531812080536915 0.09047524752475225
0.7804697986577183 0.051970297029703204
0.6723422818791944 0.06021782178217815
0.5847248322147652 0.12898019801980184
0.48218791946308726 0.23073267326732647
0.37406040268456386 0.3297425742574255
0.2957583892617448 0.42050495049504955
0.21559731543624172 0.5030099009900988
0.1633959731543625 0.5745247524752474
0.11119463087248316 0.6212772277227725
0.058993288590604154 0.6872871287128712
0.02916778523489938 0.7972970297029701
0.038489932885906186 0.8825544554455443
0.09628187919463094 0.9348118811881188
0.14848322147651027 0.9540594059405942
0.6387852348993287 0.7285346534653465
0.7282684563758389 0.6955346534653468
0.8158926174496643 0.6267722772277226
0.8755503355704698 0.5250198019801979
0.8811409395973155 0.41775247524752457
0.8587718120805369 0.26649504950495045
0.8028456375838928 0.16748514851485147
0.7357315436241612 0.14547524752475233
0.6723422818791944 0.1537326732673266
0.5996375838926175 0.214237623762376
0.5008322147651008 0.2994950495049507
0.4393087248322147 0.373752475247525
0.3610067114093961 0.45900990099009914
0.3237248322147652 0.514019801980198
0.25474496644295297 0.5470198019801983
0.6611543624161074 0.7862970297029702
0.5791275167785237 0.7587920792079206
0.48964429530201337 0.7642871287128711
0.4299865771812079 0.8412970297029704
0.35728187919463095 0.8770495049504949
0.3516845637583893 0.8027920792079207
0.3982953020134229 0.769792079207921
0.4318523489932886 0.6377821782178218
0.4765906040268456 0.5552673267326732
0.5213355704697985 0.5167623762376236
0.5828590604026846 0.5085148514851486
0.64251677852349 0.5497722772277226
0.6704765100671142 0.5882772277227722
0.6984429530201341 0.6350297029702968
0.7301342281879196 0.676277227722772
0.39269798657718125 0.5222673267326735
0.46540939597315434 0.40950495049504965
0.5474362416107381 0.313247524752475
0.6816644295302012 0.2857425742574259
0.8028456375838928 0.271990099009901
}
