version: 2
n_points: 55
{
0.8166994535519126 0.6027333333333335
0.8914754098360655 0.5091666666666665
0.9518743169398907 0.4272888888888888
0.9691311475409836 0.27524444444444435
0.9259890710382515 0.1290444444444445
0.8598415300546448 0.08226666666666663
0.767808743169399 0.058866666666666685
0.6844043715846994 0.0647222222222221
0.5952459016393443 0.1056555555555554
0.506087431693989 0.14074444444444445
0.44281420765027335 0.16413333333333324
0.3651639344262294 0.2109111111111111
0.2961366120218578 0.2694000000000001
0.22710928961748622 0.3278777777777776
0.14370491803278684 0.3922
0.08331147540983597 0.4565333333333333
0.03154098360655766 0.5559444444444444
0.02578688524590189 0.6963
0.034415300546448147 0.8424999999999999
0.07180327868852454 0.9477555555555556
0.6116612021857926 0.6899555555555555
0.6845245901639343 0.6344000000000001
0.7551038251366122 0.5649555555555555
0.8120273224043716 0.4723666666666667
0.8530109289617487 0.3705111111111111
0.8552896174863387 0.23162222222222226
0.8120273224043716 0.1529222222222223
0.750551912568306 0.14366666666666675
0.675415300546448 0.1529222222222223
0.6071092896174863 0.14828888888888894
0.5501857923497269 0.1714444444444445
0.5023715846994536 0.21773333333333336
0.4522841530054643 0.2594
0.41813114754098346 0.3103333333333334
0.3862513661202187 0.3705111111111111
0.5433551912568307 0.7964444444444445
0.5023715846994536 0.7455111111111111
0.4522841530054643 0.7038444444444445
0.39536065573770496 0.7270000000000001
0.3452677595628417 0.7455111111111111
0.3816994535519126 0.6482888888888889
0.41813114754098346 0.5788444444444445
0.43634426229508194 0.4399555555555556
0.4682185792349728 0.3520000000000001
0.5388032786885246 0.2871777777777778
0.593448087431694 0.2547777777777779
0.6389836065573772 0.3057000000000001
0.6526448087431695 0.3982888888888889
0.6617540983606558 0.5232888888888889
0.6708633879781419 0.5881111111111111
0.6549234972677596 0.15755555555555564
0.6959071038251365 0.1899555555555556
0.7346120218579236 0.2038444444444445
0.7778743169398907 0.22700000000000006
0.8234098360655739 0.24551111111111115
}
