version: 2
n_points: 55
{
0.8394368932038834 0.10414583333333383
0.8965533980582524 0.2757083333333329
0.9403300970873788 0.45135416666666706
0.942233009708738 0.5861666666666672
0.8965533980582524 0.741395833333333
0.8184951456310681 0.8476041666666667
0.7575825242718447 0.880291666666667
0.6890485436893204 0.880291666666667
0.6129029126213592 0.8762083333333331
0.5500776699029125 0.8925416666666663
0.4758349514563106 0.8639374999999999
0.4015922330097088 0.8639374999999999
0.3368737864077671 0.8435208333333328
0.2626213592233011 0.8026666666666671
0.19980582524271862 0.7659166666666669
0.13888349514563114 0.7168958333333333
0.09700970873786396 0.6311041666666668
0.06083495145631057 0.5167291666666667
0.045611650485436916 0.38600000000000045
0.10271844660194185 0.23077083333333326
0.5957669902912621 0.25120833333333314
0.6985631067961164 0.28387499999999954
0.7975533980582524 0.3124791666666672
0.8394368932038834 0.4268541666666662
0.860378640776699 0.5984166666666664
0.8032718446601941 0.7332291666666666
0.717601941747573 0.7659166666666669
0.6433592233009708 0.7781666666666661
0.561504854368932 0.7863333333333339
0.4720291262135923 0.7863333333333339
0.4263398058252428 0.7781666666666661
0.37684466019417473 0.7373125000000005
0.3482912621359223 0.6719583333333337
0.33115533980582534 0.643354166666666
0.31402912621359225 0.6311041666666668
0.5538834951456312 0.2389374999999999
0.494873786407767 0.33289583333333306
0.4187281553398058 0.36558333333333337
0.35399999999999987 0.2716250000000002
0.3083106796116505 0.27979166666666677
0.3368737864077671 0.394166666666667
0.3863689320388348 0.4472708333333332
0.4092038834951456 0.5208125000000006
0.45870873786407784 0.5616666666666663
0.5024854368932039 0.5616666666666663
0.5310485436893204 0.5453125000000003
0.5691165048543689 0.5003749999999993
0.5824466019417475 0.4309375000000001
0.5957669902912621 0.35333333333333294
0.6148058252427183 0.29612499999999997
0.40349514563106803 0.6637916666666672
0.5215242718446603 0.7046250000000001
0.5995728155339806 0.6678749999999998
0.6795339805825242 0.5820833333333333
0.7461553398058254 0.4922083333333328
}
