version: 2
n_points: 55
{
0.17880794701986755 0.9816849816849816
0.10430463576158941 0.8827838827838828
0.029801324503311258 0.6996336996336996
0.008278145695364239 0.4945054945054945
0.029801324503311258 0.3003663003663004
0.09437086092715231 0.1648351648351648
0.17052980132450332 0.09890109890109888
0.24834437086092714 0.04029304029304026
0.3394039735099338 0.01831501831501836
0.43211920529801323 0.02197802197802201
0.5165562913907285 0.03663003663003661
0.6076158940397351 0.04761904761904767
0.695364238410596 0.08424908424908428
0.7599337748344371 0.17216117216117222
0.8394039735099338 0.2417582417582418
0.9238410596026491 0.31135531135531136
0.9718543046357616 0.4358974358974359
0.9917218543046358 0.5934065934065934
0.9652317880794702 0.73992673992674
0.8956953642384106 0.8278388278388278
0.3990066225165563 0.7802197802197802
0.31456953642384106 0.8021978021978022
0.22682119205298013 0.7948717948717948
0.152317880794702 0.7289377289377289
0.08609271523178808 0.6336996336996337
0.057947019867549666 0.5091575091575091
0.07450331125827815 0.36630036630036633
0.11920529801324503 0.26007326007326004
0.20364238410596028 0.20512820512820507
0.29304635761589404 0.17216117216117222
0.3741721854304636 0.15384615384615385
0.4652317880794702 0.14652014652014655
0.5513245033112583 0.15384615384615385
0.6125827814569537 0.20146520146520142
0.6986754966887417 0.2564102564102564
0.4602649006622517 0.8681318681318682
0.5149006622516556 0.7765567765567766
0.5596026490066225 0.717948717948718
0.6175496688741722 0.7728937728937729
0.6870860927152318 0.8315018315018315
0.6655629139072847 0.717948717948718
0.6192052980132451 0.5970695970695971
0.6142384105960265 0.4358974358974359
0.5728476821192053 0.3296703296703296
0.49337748344370863 0.2930402930402931
0.4503311258278146 0.33333333333333326
0.41887417218543044 0.4432234432234432
0.38079470198675497 0.5567765567765568
0.36423841059602646 0.6666666666666666
0.3344370860927152 0.7619047619047619
0.47516556291390727 0.17216117216117222
0.3973509933774834 0.22344322344322343
0.31788079470198677 0.2857142857142857
0.25 0.315018315018315
0.18543046357615894 0.336996336996337
}
