version: 2
n_points: 55
{
0.8419691358024691 0.3087956989247308
0.9114135802469135 0.41968817204301023
0.9442098765432098 0.5742580645161285
0.967358024691358 0.6851397849462362
0.9326358024691357 0.8161935483870962
0.8631913580246913 0.9035591397849457
0.7667407407407407 0.9405161290322577
0.6837901234567901 0.9270752688172039
0.6201358024691357 0.9169999999999995
0.5506913580246913 0.8901182795698919
0.47738888888888886 0.8632365591397844
0.40215432098765436 0.82963440860215
0.32113580246913576 0.7792258064516124
0.24397530864197536 0.7086666666666661
0.1841790123456789 0.6380967741935479
0.11473456790123449 0.5204946236559134
0.06458024691358022 0.40288172043010706
0.02985802469135801 0.2516774193548381
0.045290123456790066 0.15422580645161243
0.07422222222222219 0.0534193548387093
0.6182037037037037 0.3692795698924727
0.7204444444444444 0.37936559139784887
0.8053209876543209 0.4600107526881715
0.8670493827160493 0.5406559139784941
0.8844074074074074 0.6582580645161287
0.8689753086419754 0.7691505376344081
0.8091790123456789 0.8329892473118276
0.7281604938271604 0.8531505376344082
0.6471419753086419 0.8262688172043007
0.5815555555555555 0.8027526881720425
0.5198271604938272 0.7825913978494619
0.4523086419753086 0.7657849462365587
0.3558580246913581 0.7019462365591392
0.32113580246913576 0.6213010752688166
0.2574814814814814 0.577612903225806
0.5641913580246913 0.2550322580645157
0.500537037037037 0.27183870967741885
0.44459259259259265 0.2315161290322575
0.40601234567901234 0.17438709677419317
0.3404259259259259 0.18110752688172005
0.3095617283950617 0.2550322580645157
0.33078395061728383 0.3390430107526876
0.3384999999999999 0.40960215053763394
0.40794444444444433 0.5070537634408596
0.43687654320987657 0.5742580645161285
0.500537037037037 0.6145806451612899
0.5738395061728394 0.6179354838709673
0.6317098765432099 0.577612903225806
0.654858024691358 0.486892473118279
0.6645 0.40288172043010706
0.36936419753086414 0.6851397849462362
0.48124691358024685 0.7389032258064512
0.6085617283950617 0.7523440860215049
0.7397345679012345 0.7624301075268811
0.8477592592592592 0.7321827956989243
}
