version: 2
n_points: 55
{
0.7456000000000002 0.16760000000000003
0.5700857142857144 0.11998888888888865
0.4128000000000002 0.06913333333333312
0.2781857142857145 0.05845555555555582
0.19577142857142868 0.08836666666666639
0.11610000000000013 0.13751111111111086
0.0721428571428573 0.21230000000000032
0.07488571428571456 0.3041777777777775
0.08587142857142892 0.3982000000000002
0.11334285714285751 0.5093111111111114
0.17928571428571444 0.6182777777777776
0.2507142857142859 0.710166666666667
0.3633428571428575 0.8234111111111114
0.46500000000000014 0.885377777777778
0.5611428571428567 0.9174333333333335
0.6628000000000002 0.9430666666666664
0.7562000000000003 0.951611111111111
0.8468571428571424 0.951611111111111
0.8880714285714288 0.9388000000000002
0.9402714285714288 0.919566666666667
0.6270857142857145 0.466577777777778
0.6325714285714282 0.40887777777777756
0.5831285714285717 0.3105888888888886
0.5529142857142858 0.24435555555555577
0.4704857142857147 0.1952111111111113
0.3551000000000004 0.18024444444444424
0.24247142857142875 0.18452222222222253
0.18477142857142895 0.19306666666666641
0.12158571428571463 0.24862222222222197
0.12982857142857174 0.3234111111111114
0.14631428571428598 0.39178888888888913
0.17928571428571444 0.5007666666666668
0.2314857142857144 0.5862333333333336
0.30565714285714307 0.6652888888888886
0.4457714285714287 0.7443555555555558
0.7424714285714288 0.4516111111111109
0.7397142857142853 0.524266666666667
0.7424714285714288 0.5862333333333336
0.8084000000000003 0.6268333333333336
0.857857142857143 0.6716999999999997
0.8468571428571424 0.6973444444444448
0.7150000000000002 0.6952111111111113
0.6270857142857145 0.6802444444444442
0.5446714285714287 0.6482000000000002
0.4924714285714288 0.5947777777777775
0.46500000000000014 0.5477666666666664
0.4512571428571432 0.49435555555555577
0.46500000000000014 0.425977777777778
0.5281857142857145 0.37896666666666695
0.5913714285714288 0.3490555555555558
0.2177428571428574 0.4644333333333331
0.21500000000000016 0.3982000000000002
0.2314857142857144 0.321277777777778
0.2534571428571431 0.26785555555555585
0.2864285714285716 0.2101666666666669
}
