version: 2
n_points: 55
{
0.2532209944751383 0.9488865979381443
0.16574585635359115 0.8114226804123711
0.08517679558011035 0.6396082474226804
0.029928176795579964 0.43771134020618563
0.034530386740331494 0.26589690721649484
0.09208287292817664 0.14561855670103097
0.18093922651933703 0.07559793814432991
0.27117679558011065 0.05154639175257736
0.35404972375690624 0.06873195876288662
0.464546961325967 0.12714432989690716
0.5400552486187845 0.17182474226804123
0.6468674033149173 0.23711340206185572
0.753685082872928 0.3264639175257732
0.8236629834254146 0.4226804123711341
0.8715469613259669 0.4914123711340206
0.9231104972375692 0.5945051546391753
0.9673093922651932 0.7353917525773196
0.9728342541436462 0.8419278350515464
0.9323204419889503 0.9278350515463918
0.8641823204419888 0.9553298969072165
0.46639226519337 0.7697628865979381
0.39456906077348053 0.725082474226804
0.28591160220994477 0.6701030927835051
0.21961325966850828 0.5979381443298969
0.1625248618784529 0.5051546391752577
0.11464088397790055 0.39175257731958757
0.09990607734806645 0.24398969072164944
0.16804972375690594 0.15463917525773196
0.23802762430939242 0.11683505154639173
0.30432596685082886 0.134020618556701
0.3816740331491714 0.1615154639175258
0.44429281767955786 0.19587628865979378
0.5032209944751382 0.25085567010309284
0.5787292817679558 0.28865979381443296
0.6708121546961324 0.3642577319587629
0.457182320441989 0.8728556701030928
0.5326906077348065 0.7869381443298968
0.6505524861878453 0.8316185567010309
0.7113259668508287 0.9072164948453608
0.7684143646408841 0.9244020618556701
0.7297403314917128 0.8247422680412371
0.6413425414364642 0.7594536082474227
0.6450276243093923 0.6460515463917526
0.611878453038674 0.5154639175257731
0.5326906077348065 0.4673505154639175
0.48296685082872914 0.4639175257731959
0.4350828729281768 0.5085876288659794
0.39456906077348053 0.5704432989690722
0.39272375690607747 0.6357422680412371
0.3835193370165744 0.6975979381443299
0.5713646408839778 0.3024020618556701
0.4940165745856352 0.3024020618556701
0.41114364640883966 0.31615463917525777
0.31353591160220995 0.3436391752577319
0.2085635359116022 0.4054948453608247
}
