version: 2
n_points: 55
{
0.7175573770491801 0.182648401826484
0.5775245901639346 0.091324200913242
0.45799180327868855 0.041858447488584354
0.32137704918032783 0.024735159817351474
0.1779344262295082 0.06278538812785388
0.08231147540983608 0.15030593607305923
0.04473770491803277 0.2226027397260274
0.05157377049180329 0.31012328767123276
0.1028032786885246 0.3919315068493152
0.15744262295081965 0.46042465753424644
0.18818032786885244 0.5498493150684933
0.23600000000000002 0.6221461187214612
0.25649180327868853 0.7039589041095892
0.3179672131147541 0.7914748858447487
0.42042622950819675 0.867579908675799
0.5570327868852462 0.930365296803653
0.7004754098360658 0.976027397260274
0.8063524590163934 0.9779315068493152
0.9224754098360654 0.9608082191780823
0.9634590163934424 0.9379771689497718
0.676573770491803 0.3843242009132419
0.635590163934426 0.2853881278538813
0.5502049180327869 0.22069863013698643
0.44091803278688524 0.15791324200913254
0.3384590163934426 0.12176712328767111
0.23940983606557376 0.13889041095890398
0.15061475409836064 0.17503652968036543
0.1471967213114754 0.2625570776255708
0.17452459016393443 0.3595890410958904
0.21891803278688524 0.44900913242009116
0.24282786885245902 0.5156027397260275
0.2667377049180328 0.5802876712328766
0.30088524590163934 0.6411735159817353
0.3555327868852459 0.6735159817351598
0.41018032786885245 0.7001506849315067
0.7892786885245899 0.4204703196347033
0.7243852459016393 0.48325570776255694
0.7175573770491801 0.5593607305936074
0.8097704918032784 0.6373652968036528
0.8336721311475412 0.7058584474885843
0.7619508196721314 0.7001506849315067
0.673155737704918 0.639269406392694
0.5741147540983604 0.6316575342465752
0.47165573770491803 0.610730593607306
0.40334426229508197 0.5422374429223744
0.3828524590163934 0.4908675799086758
0.39309836065573767 0.4337899543378995
0.45116393442622954 0.3767123287671233
0.5092213114754098 0.3519771689497718
0.6185081967213117 0.3386621004566209
0.24965573770491803 0.4337899543378995
0.2599016393442623 0.37290867579908665
0.2769836065573771 0.31773059360730604
0.2735655737704918 0.2378219178082193
0.27014754098360655 0.17884474885844737
}
