version: 2
n_points: 55
{
0.8883873873873873 0.4256800000000006
0.9302882882882882 0.5590133333333339
0.9533423423423423 0.6954400000000003
0.9114324324324325 0.8101733333333337
0.8339189189189189 0.9062933333333331
0.7459189189189188 0.9217999999999998
0.660018018018018 0.9124933333333335
0.5908828828828832 0.8597866666666664
0.5028918918918921 0.797773333333333
0.42746846846846853 0.751253333333334
0.34156756756756745 0.6923466666666673
0.2703333333333334 0.6210266666666666
0.19700000000000017 0.5403999999999997
0.14672072072072073 0.4690933333333336
0.09434234234234218 0.3760666666666672
0.05872072072072043 0.31094666666666704
0.037774774774774644 0.22413333333333263
0.052441441441441694 0.11559999999999948
0.11319819819819821 0.05358666666666678
0.16557657657657676 0.06289333333333313
0.5609099099099102 0.302786666666666
0.6657117117117117 0.32182666666666593
0.731900900900901 0.3925866666666661
0.8183063063063063 0.4714933333333329
0.8587567567567568 0.5531200000000005
0.8532432432432433 0.6674133333333339
0.7944054054054054 0.768093333333333
0.7355765765765766 0.8469999999999998
0.6565135135135134 0.83612
0.6013603603603601 0.7816933333333327
0.5517207207207206 0.768093333333333
0.49104504504504476 0.7381599999999995
0.4266936936936937 0.7163866666666672
0.3770540540540541 0.6782933333333327
0.31637837837837834 0.5776133333333338
0.537009009009009 0.23204000000000025
0.47817117117117114 0.2537999999999996
0.41014414414414424 0.2510800000000002
0.36418018018017995 0.18577333333333323
0.31637837837837834 0.180333333333333
0.33109009009008983 0.29462666666666637
0.3660180180180179 0.37353333333333316
0.3972792792792794 0.49870666666666696
0.4064684684684684 0.5531200000000005
0.45794594594594584 0.580333333333333
0.5167837837837838 0.5939466666666673
0.546198198198198 0.5612933333333331
0.5756216216216217 0.4769333333333331
0.603198198198198 0.4197866666666672
0.6418108108108109 0.35721333333333405
0.5572342342342342 0.7408800000000004
0.6252612612612612 0.7381599999999995
0.7061531531531533 0.702786666666666
0.7649909909909909 0.6946266666666664
0.8072792792792793 0.6946266666666664
}
