version: 2
n_points: 55
{
0.16643529411764696 0.7288311688311689
0.09157058823529415 0.6107662337662337
0.043441176470588184 0.5163246753246754
0.030070588235294255 0.3746493506493509
0.04878823529411754 0.24477922077922099
0.10761176470588225 0.1503246753246752
0.18247647058823538 0.09719480519480495
0.278735294117647 0.09128571428571419
0.35360000000000014 0.07948051948051948
0.439164705882353 0.07948051948051948
0.5193764705882352 0.06767532467532489
0.5835470588235293 0.07358441558441553
0.6557411764705883 0.09719480519480495
0.754670588235294 0.14441558441558444
0.8295352941176468 0.22706493506493475
0.9124235294117645 0.35693506493506466
0.9578823529411766 0.557649350649351
0.9712470588235292 0.7229350649350649
0.9712470588235292 0.8528051948051948
0.9605529411764705 0.941350649350649
0.43381764705882364 0.7465454545454543
0.34825294117647043 0.7229350649350649
0.28408235294117634 0.7229350649350649
0.23328235294117655 0.663896103896104
0.19317647058823514 0.5340259740259741
0.17178235294117633 0.39235064935064945
0.1584117647058824 0.22706493506493475
0.23060588235294102 0.17984415584415603
0.30547058823529416 0.17984415584415603
0.3696470588235293 0.1975454545454547
0.428470588235294 0.17984415584415603
0.5060058823529413 0.1503246753246752
0.5862235294117648 0.1385194805194805
0.6503941176470589 0.19164935064935074
0.706541176470588 0.28609090909090906
0.48996470588235286 0.7347402597402596
0.5380941176470588 0.6816103896103893
0.6236529411764703 0.7111298701298702
0.6744588235294119 0.7642597402597404
0.7199117647058823 0.7465454545454543
0.682476470588235 0.6579999999999999
0.6370235294117647 0.6107662337662337
0.6316764705882353 0.45138961038961045
0.5969176470588236 0.2979090909090911
0.5514647058823531 0.2801948051948051
0.5193764705882352 0.32151948051948054
0.4792705882352941 0.41596103896103886
0.4578823529411763 0.5045194805194807
0.428470588235294 0.6284805194805191
0.4204470588235294 0.7111298701298702
0.3589470588235295 0.25067532467532494
0.31617058823529426 0.26248051948051965
0.27338823529411765 0.3038051948051945
0.23060588235294102 0.3274155844155846
0.18782352941176475 0.33332467532467525
}
