version: 2
n_points: 55
{
0.7178921568627451 0.052390243902439626
0.8185098039215686 0.04917073170731756
0.8855882352941177 0.08126829268292668
0.9294509803921569 0.13582926829268338
0.9423529411764706 0.23852439024390204
0.9320294117647059 0.34121951219512214
0.9036470588235295 0.4439146341463409
0.8520490196078432 0.5434024390243899
0.7927058823529411 0.6139999999999994
0.7230490196078432 0.6942317073170734
0.648235294117647 0.7680487804878051
0.5630882352941177 0.8418536585365859
0.4856960784313725 0.8900000000000002
0.40313725490196084 0.9220853658536584
0.3076764705882352 0.9317195121951214
0.22769607843137252 0.9156707317073175
0.17609803921568634 0.8900000000000002
0.1012745098039215 0.8579024390243897
0.06773529411764712 0.7937195121951224
0.04451960784313724 0.7263292682926825
0.519235294117647 0.38614634146341453
0.5863137254901961 0.28345121951219576
0.6611274509803922 0.1903780487804877
0.743686274509804 0.12298780487804928
0.8314117647058823 0.11657317073170692
0.8701078431372549 0.2032195121951218
0.8830098039215686 0.2770365853658535
0.8649509803921569 0.3829390243902433
0.8288333333333333 0.4824268292682923
0.7720686274509804 0.556231707317073
0.712735294117647 0.6172073170731707
0.6637156862745097 0.6781829268292682
0.6121078431372549 0.7391585365853657
0.5372941176470589 0.7808780487804883
0.4702156862745098 0.7873048780487801
0.48052941176470587 0.3572682926829275
0.4418333333333333 0.4439146341463409
0.392813725490196 0.5048902439024385
0.30250980392156857 0.536975609756098
0.30509803921568635 0.5947439024390244
0.3412156862745098 0.6300487804878048
0.4057156862745097 0.6268414634146335
0.4573137254901961 0.6846097560975614
0.516656862745098 0.7070731707317075
0.5734117647058823 0.6685609756097561
0.6017941176470589 0.6107926829268298
0.6121078431372549 0.527353658536586
0.6121078431372549 0.45032926829268316
0.5992156862745097 0.38614634146341453
0.5863137254901961 0.34121951219512214
0.712735294117647 0.5498170731707321
0.7462745098039216 0.4727926829268293
0.7823921568627451 0.3668902439024395
0.8030294117647059 0.28024390243902464
0.7952941176470588 0.19680487804878088
}
