version: 2
n_points: 55
{
0.6357234042553189 0.11905917159763302
0.5247234042553193 0.08561538461538458
0.3720851063829787 0.04702366863905327
0.1916914893617022 0.03415976331360945
0.1130638297872339 0.1010473372781065
0.05756382978723406 0.1679408284023669
0.062180851063830075 0.25798224852071
0.06680851063829758 0.3403076923076923
0.12231914893617012 0.43292307692307685
0.18244680851063805 0.5075325443786983
0.22870212765957437 0.587284023668639
0.29345744680851044 0.6747573964497041
0.3674574468085106 0.7622248520710058
0.4044574468085107 0.813680473372781
0.4645851063829786 0.878
0.5570957446808512 0.9345976331360947
0.6866063829787233 0.9706153846153845
0.8207446808510636 0.973189349112426
0.8855000000000003 0.9474615384615384
0.9548723404255317 0.9243076923076925
0.640351063829787 0.41234319526627206
0.6496063829787233 0.3325917159763315
0.6172234042553192 0.25540828402366855
0.543223404255319 0.21424852071005934
0.41834042553191503 0.18080473372781056
0.3304574468085105 0.16279289940828404
0.18707446808510617 0.1602189349112426
0.14081914893617045 0.21682248520710043
0.13619148936170236 0.2785621301775148
0.15006382978723398 0.353171597633136
0.20557446808510652 0.4354970414201183
0.26107446808510637 0.5255384615384614
0.30270212765957455 0.6027218934911244
0.33970212765957464 0.6541775147928993
0.4044574468085107 0.7313550295857988
0.7328617021276597 0.44064497041420114
0.6079787234042551 0.49981656804733726
0.6912340425531914 0.6413136094674556
0.7652340425531917 0.6824733727810652
0.7837340425531915 0.7339289940828402
0.6912340425531914 0.7467928994082842
0.6126063829787232 0.6258757396449706
0.5015957446808508 0.6258757396449706
0.3952127659574466 0.5950059171597633
0.3628297872340425 0.5332603550295857
0.33970212765957464 0.4509349112426037
0.34432978723404273 0.3891893491124262
0.42758510638297853 0.3634615384615385
0.543223404255319 0.35059763313609454
0.6079787234042551 0.34288165680473376
0.2749468085106386 0.41234319526627206
0.2842021276595742 0.3557455621301774
0.29345744680851044 0.3094378698224853
0.2888297872340423 0.26055621301775145
0.2888297872340423 0.1988106508875739
}
