version: 2
n_points: 55
{
0.8896993865030673 0.22102958579881682
0.9261257668711655 0.31718343195266296
0.9625521472392637 0.43182840236686415
0.9836411042944785 0.5723609467455624
0.9644693251533741 0.7313846153846156
0.9031196319018404 0.8497278106508879
0.8283496932515338 0.9199940828402366
0.7478282208588958 0.9680710059171597
0.6404662576687117 0.9495798816568046
0.5580276073619632 0.9125976331360945
0.47558895705521487 0.8830118343195269
0.387398773006135 0.8571242603550299
0.30304294478527616 0.8164437869822487
0.2186871165644173 0.7313846153846156
0.14200000000000013 0.6500236686390535
0.0787331288343559 0.5427751479289944
0.03655521472392642 0.40963905325443817
0.01354907975460129 0.26171005917159784
0.023134969325153465 0.12857396449704162
0.03655521472392642 0.02872189349112453
0.5599447852760737 0.15446153846153876
0.619377300613497 0.18404733727810674
0.686478527607362 0.2284260355029588
0.7554969325153376 0.26910650887573995
0.8283496932515338 0.34676923076923105
0.8858650306748466 0.41703550295858016
0.9069539877300613 0.6019467455621303
0.887782208588957 0.7424792899408286
0.8302668711656442 0.8090473372781067
0.7516625766871167 0.8349349112426038
0.6558036809815952 0.8423313609467458
0.5887024539877301 0.8127455621301778
0.525435582822086 0.7942544378698227
0.4640858895705522 0.7794615384615386
0.37397852760736205 0.7387810650887576
0.5216012269938651 0.11378106508875763
0.47942331288343565 0.16185798816568076
0.3912331288343559 0.19514201183431978
0.3260490797546013 0.13227218934911267
0.2551134969325154 0.15446153846153876
0.2838711656441719 0.28389940828402394
0.3183803680981596 0.3726568047337281
0.3548067484662578 0.5020946745562133
0.4257423312883436 0.5908520710059174
0.5216012269938651 0.5945502958579885
0.5867852760736197 0.5686627218934914
0.6251288343558283 0.5131893491124263
0.6289631901840491 0.43922485207100614
0.6423834355828222 0.33197633136094695
0.6519693251533742 0.2284260355029588
0.48325766871165654 0.7276863905325446
0.5791165644171781 0.7202899408284027
0.6730582822085891 0.6611183431952665
0.757414110429448 0.6241360946745564
0.8647760736196318 0.6019467455621303
}
