version: 2
n_points: 55
{
0.9108333333333339 0.13579374999999985
0.7403750000000002 0.10170625000000015
0.513097222222222 0.042043749999999845
0.31108333333333366 0.03352499999999985
0.17849999999999966 0.10170625000000015
0.1280000000000001 0.18977499999999986
0.07118055555555555 0.2778437499999999
0.10905555555555521 0.34602499999999986
0.1444583333333327 0.4267875
0.1791805555555549 0.49598125000000015
0.15933333333333305 0.5696437499999998
0.1940555555555553 0.6477687499999998
0.27838888888888863 0.7169625
0.352791666666666 0.7883937499999998
0.4569583333333327 0.8620562499999999
0.5611249999999993 0.9245562499999999
0.6900972222222224 0.9714312499999999
0.8240277777777784 0.9736625
0.9033888888888887 0.9446437499999998
0.9381111111111109 0.8888375
0.8339444444444442 0.39776874999999984
0.739694444444445 0.31964374999999984
0.6454444444444442 0.23035625000000018
0.5859305555555557 0.165625
0.5115277777777784 0.12768124999999983
0.3974305555555557 0.11651874999999982
0.24862499999999935 0.12991250000000001
0.22381944444444457 0.196875
0.1940555555555553 0.275
0.18909722222222236 0.3486625
0.22381944444444457 0.41339374999999984
0.24366666666666642 0.4848187500000002
0.24862499999999935 0.5607125
0.30815277777777794 0.665625
0.46687500000000015 0.7549125
0.8240277777777784 0.4267875
0.7148888888888886 0.49598125000000015
0.7446527777777779 0.5763375
0.8289861111111113 0.6410687500000002
0.8438611111111116 0.7125
0.7644999999999997 0.7236625
0.7198611111111117 0.6566937500000002
0.5908888888888887 0.6477687499999998
0.4916805555555549 0.603125
0.47680555555555615 0.5428562500000002
0.5214444444444442 0.4825875
0.5512083333333335 0.43125
0.605763888888889 0.3955375
0.6553750000000002 0.3598187500000002
0.7248194444444446 0.3441937500000002
0.2684722222222228 0.39776874999999984
0.3230277777777783 0.3285687500000002
0.37759722222222236 0.2504437500000002
0.40238888888888863 0.19018124999999983
0.4123194444444446 0.1388375
}
