version: 2
n_points: 55
{
0.11161370716510896 0.6934395604395606
0.0676323987538942 0.551230769230769
0.038311526479750786 0.43810439560439574
0.016320872274143403 0.28296703296703296
0.043809968847351985 0.15045054945054914
0.09878504672897208 0.07288461538461533
0.17391900311526473 0.034098901098901235
0.25821495327102784 0.02763186813186813
0.33884423676012465 0.05348901098901104
0.4249719626168226 0.09874175824175824
0.494607476635514 0.163379120879121
0.580735202492212 0.286197802197802
0.6686947040498441 0.373467032967033
0.7291682242990657 0.4348736263736266
0.8189626168224298 0.5286043956043956
0.8812679127725855 0.5997087912087915
0.92891277258567 0.6902087912087915
0.9637289719626168 0.7742417582417584
0.9857196261682241 0.9002912087912085
0.9490685358255454 0.9778626373626373
0.4231401869158878 0.7968626373626373
0.3241838006230529 0.7128296703296704
0.24171962616822426 0.6126373626373627
0.19224299065420572 0.496285714285714
0.1390996884735201 0.3540714285714288
0.11710903426791272 0.25710989010989005
0.1390996884735201 0.14075824175824203
0.1959096573208721 0.10520329670329698
0.26554205607476644 0.10843406593406602
0.3576510903426793 0.17596703296703264
0.46750467289719616 0.2598296703296703
0.5298099688473519 0.33212637362637365
0.5757196261682245 0.404423076923077
0.6544205607476634 0.47960989010988997
0.6855732087227413 0.5548021978021981
0.4920996884735204 0.8873626373626373
0.5248909657320873 0.8324175824175825
0.5691619937694705 0.8324175824175825
0.6429439252336449 0.8931483516483516
0.687214953271028 0.890252747252747
0.6740965732087227 0.8410934065934064
0.6249096573208723 0.815065934065934
0.6167102803738319 0.7312032967032964
0.6085109034267913 0.638664835164835
0.6134299065420559 0.5605824175824173
0.5544049844236761 0.47382967032967016
0.47734267912772577 0.4506923076923075
0.4183177570093457 0.49696153846153845
0.3871651090342678 0.5779340659340657
0.35601246105918993 0.684934065934066
0.5248909657320873 0.3783956043956047
0.45602803738317754 0.3552637362637363
0.3625700934579439 0.3523736263736261
0.29698442367601247 0.384181318681319
0.24615887850467305 0.4420164835164835
}
