version: 2
n_points: 55
{
0.8441891891891892 0.2813669724770642
0.9230202702702704 0.40623853211009175
0.9812027027027028 0.5922706422018349
0.9624324324324324 0.773211009174312
0.8723445945945948 0.9159220183486239
0.7916385135135137 0.959243119266055
0.6940405405405407 0.9745366972477064
0.6152128378378376 0.9617935779816514
0.5251216216216217 0.9184678899082569
0.4275236486486488 0.8292752293577982
0.33931081081081094 0.7528211009174313
0.267989864864865 0.6865642201834863
0.2060506756756756 0.6101100917431193
0.14599324324324348 0.528559633027523
0.10282432432432442 0.44191743119266047
0.0671621621621622 0.3603669724770643
0.029625000000000012 0.2660733944954128
0.01648648648648643 0.1564908256880735
0.0502702702702702 0.062201834862385286
0.115962837837838 0.021426605504587082
0.5416385135135137 0.3229036697247707
0.6092060810810812 0.31066972477064225
0.7038006756756758 0.3565412844036697
0.7871317567567567 0.41464678899082574
0.8546993243243243 0.4849816513761468
0.8952398648648648 0.5981330275229357
0.888483108108108 0.7388073394495414
0.8389358108108109 0.8305504587155963
0.7578547297297299 0.8672477064220183
0.6722668918918918 0.8764220183486239
0.6024493243243245 0.8550137614678899
0.5101047297297296 0.8183165137614679
0.4177635135135136 0.7479816513761468
0.33668243243243245 0.6623532110091743
0.24208783783783794 0.5400275229357798
0.4673141891891893 0.19140366972477063
0.41551013513513513 0.1975229357798165
0.35695270270270274 0.13024311926605492
0.28488175675675687 0.11189449541284391
0.29839527027027046 0.20669724770642206
0.3411858108108108 0.2953807339449541
0.3862331081081083 0.3443119266055046
0.365962837837838 0.4452293577981652
0.392989864864865 0.5369724770642201
0.44028716216216235 0.5920183486238533
0.5078547297297299 0.6011926605504587
0.5551520270270272 0.5614357798165137
0.6069527027027027 0.5155642201834862
0.638483108108108 0.4391100917431192
0.6767736486486489 0.36571559633027517
0.3997466216216218 0.6990504587155963
0.5168614864864864 0.7632706422018348
0.6429898648648651 0.7479816513761468
0.7578547297297299 0.7082247706422018
0.8434391891891893 0.6073073394495413
}
