version: 2
n_points: 55
{
0.8377717391304347 0.7016129032258065
0.9138586956521738 0.5370967741935483
0.9725543478260869 0.32096774193548394
0.9529891304347827 0.16612903225806447
0.8703804347826085 0.07903225806451611
0.7595108695652174 0.04354838709677424
0.6573369565217391 0.04677419354838707
0.5638586956521738 0.10483870967741936
0.5029891304347827 0.15645161290322585
0.40951086956521754 0.22419354838709687
0.3377717391304347 0.2790322580645161
0.2682065217391305 0.3403225806451612
0.20516304347826086 0.40483870967741925
0.15298913043478246 0.48548387096774187
0.10951086956521727 0.5661290322580644
0.06385869565217395 0.6403225806451613
0.03777173913043508 0.720967741935484
0.022554347826086785 0.8370967741935484
0.03777173913043508 0.9306451612903226
0.105163043478261 0.9596774193548387
0.5073369565217393 0.7274193548387096
0.6029891304347825 0.6596774193548388
0.7160326086956521 0.5790322580645162
0.7769021739130434 0.5048387096774193
0.8334239130434784 0.40161290322580656
0.872554347826087 0.27258064516129044
0.872554347826087 0.17258064516129037
0.798641304347826 0.11774193548387092
0.7008152173913043 0.1016129032258064
0.6421195652173912 0.13709677419354838
0.5616847826086957 0.18548387096774194
0.48994565217391295 0.25
0.4008152173913043 0.3016129032258065
0.3116847826086958 0.36612903225806454
0.23125000000000007 0.4951612903225807
0.5377717391304347 0.7564516129032259
0.4703804347826087 0.753225806451613
0.4160326086956523 0.785483870967742
0.372554347826087 0.8435483870967742
0.33124999999999993 0.8241935483870967
0.31820652173913044 0.7629032258064515
0.3464673913043478 0.746774193548387
0.3529891304347825 0.6564516129032258
0.34429347826086965 0.5887096774193549
0.3899456521739131 0.4983870967741936
0.45081521739130426 0.46290322580645166
0.513858695652174 0.4370967741935483
0.5638586956521738 0.4596774193548387
0.589945652173913 0.5338709677419354
0.6116847826086957 0.6209677419354839
0.2855978260869566 0.4564516129032258
0.40951086956521754 0.3564516129032257
0.5269021739130434 0.31774193548387103
0.6855978260869564 0.32096774193548394
0.7834239130434781 0.3370967741935485
}
