version: 2
n_points: 55
{
0.6450147058823531 0.1894796238244513
0.5146372549019608 0.11568338557993736
0.35668627450980395 0.04950470219435746
0.2205196078431372 0.016413793103448246
0.1551617647058823 0.02860501567398119
0.08979901960784308 0.07562695924764891
0.04077941176470583 0.14877115987460807
0.027166666666666676 0.2515235109717868
0.03261274509803917 0.3333761755485893
0.06528921568627445 0.43090282131661434
0.09797058823529407 0.5197241379310346
0.1442696078431373 0.6102852664576803
0.2177990196078432 0.6991034482758621
0.3049411764705882 0.7705078369905957
0.4029803921568627 0.8401692789968652
0.49285294117647044 0.8837084639498434
0.5990588235294119 0.9202789968652036
0.7161617647058822 0.9585956112852666
0.8387107843137254 0.972526645768025
0.9784803921568628 0.986971786833856
0.609392156862745 0.42824137931034495
0.5690245098039216 0.3618557993730408
0.528656862745098 0.28440752351097176
0.4796372549019608 0.2180250783699058
0.4104313725490196 0.16454858934169275
0.33257843137254905 0.12951410658307227
0.22588725490196074 0.13873354231974913
0.1509166666666667 0.16270532915360508
0.13361274509803925 0.2143354231974923
0.12784803921568622 0.27150156739811926
0.13938235294117646 0.3397272727272729
0.15668137254901957 0.4227084639498434
0.1826323529411765 0.5038432601880878
0.2230049019607843 0.5831347962382445
0.29220588235294126 0.6624294670846397
0.6641813725490195 0.44852351097178667
0.6324607843137254 0.5204388714733542
0.6901323529411764 0.6439874608150471
0.7477990196078431 0.6716489028213165
0.7824019607843138 0.72512539184953
0.7045490196078432 0.7103730407523512
0.6670637254901962 0.6716489028213165
0.5747892156862745 0.6495203761755486
0.45079901960784324 0.6163291536050158
0.39889705882352944 0.5646959247648904
0.37582843137254907 0.5149090909090909
0.38448039215686275 0.4503667711598747
0.41331372549019596 0.3968934169278998
0.4854019607843137 0.3526363636363636
0.5344215686274509 0.3360407523510972
0.17686764705882346 0.37660815047021956
0.1884019607843137 0.3157554858934169
0.1970539215686275 0.24937304075235095
0.2028186274509804 0.1958965517241379
0.21723529411764708 0.16270532915360508
}
