version: 2
n_points: 55
{
0.8556220930232556 0.6569910714285717
0.9234476744186049 0.4858660714285712
0.9622093023255814 0.36309821428571404
0.9694767441860466 0.21800892857142834
0.9210290697674417 0.11011607142857167
0.8289709302325583 0.046875
0.7441860465116279 0.050598214285714045
0.6594011627906975 0.06547321428571452
0.5867267441860464 0.06919642857142858
0.499517441860465 0.06919642857142858
0.4098837209302325 0.09151785714285714
0.33720930232558144 0.125
0.26453488372093026 0.18824107142857166
0.18701744186046498 0.2924107142857143
0.14098837209302328 0.41517857142857145
0.10465116279069764 0.5230625000000002
0.07800581395348827 0.6346696428571431
0.05620348837209288 0.7351160714285717
0.046511627906976716 0.8504464285714286
0.02470930232558144 0.9620535714285714
0.5628488372093023 0.6535357142857146
0.6542093023255814 0.6631071428571426
0.7538779069767441 0.5738214285714284
0.8182441860465116 0.5100446428571429
0.8348546511627909 0.40481249999999996
0.8556220930232556 0.2900178571428574
0.849389534883721 0.18159821428571427
0.8037093023255814 0.11463392857142855
0.7248081395348835 0.10825892857142858
0.6375988372093022 0.11144642857142882
0.5649244186046509 0.11144642857142882
0.48809302325581394 0.12420535714285716
0.41334302325581407 0.14652678571428573
0.3427441860465116 0.18478571428571453
0.2949883720930232 0.2581339285714286
0.5233953488372093 0.7332589285714286
0.4444883720930233 0.7141250000000002
0.3801220930232556 0.7364464285714288
0.36143604651162775 0.7779017857142857
0.30952325581395346 0.7555803571428571
0.30744767441860443 0.6694821428571431
0.3448255813953488 0.5419285714285716
0.36143604651162775 0.43670535714285713
0.3697383720930234 0.33466071428571453
0.4050406976744184 0.2613214285714283
0.4984767441860465 0.2485625
0.567 0.2740714285714288
0.6022965116279071 0.3569821428571431
0.6417499999999998 0.4462678571428574
0.6479767441860464 0.5706339285714286
0.5856860465116279 0.14014285714285737
0.6417499999999998 0.14971428571428547
0.7061162790697675 0.19754464285714285
0.7580290697674417 0.23899999999999974
0.8037093023255814 0.28045535714285713
}
