version: 2
n_points: 55
{
0.861 0.5278947368421053
0.9165000000000001 0.42873684210526297
0.9396276595744679 0.3067017543859649
0.9303723404255321 0.1922807017543861
0.8679361702127661 0.13126315789473683
0.7893085106382978 0.0969298245614036
0.7037340425531916 0.10456140350877206
0.6181702127659575 0.12363157894736837
0.5441595744680852 0.154140350877193
0.47709574468085114 0.1922807017543861
0.40540425531914903 0.21898245614035086
0.3452659574468083 0.27619298245614027
0.2666382978723406 0.3639122807017543
0.20651063829787208 0.44780701754385976
0.16719148936170225 0.5202807017543861
0.12556382978723402 0.5927368421052632
0.08625531914893625 0.657578947368421
0.05618085106382986 0.7567368421052629
0.05387234042553213 0.8520877192982454
0.05156382978723384 0.9283508771929824
0.6759787234042554 0.6156140350877194
0.7777446808510639 0.5240877192982455
0.8424999999999999 0.4401754385964913
0.8795000000000001 0.33338596491228045
0.8725638297872339 0.2494912280701755
0.8401808510638298 0.1922807017543861
0.7476702127659576 0.17701754385964918
0.6597978723404254 0.17701754385964918
0.5857872340425532 0.1922807017543861
0.5302872340425533 0.2342280701754386
0.48403191489361697 0.26092982456140335
0.4308404255319148 0.2685614035087718
0.40540425531914903 0.291438596491228
0.3545212765957445 0.35628070175438586
0.28976595744680855 0.4211052631578945
0.5071595744680851 0.7605438596491227
0.4655319148936169 0.7414736842105265
0.39152127659574465 0.7491052631578949
0.3221382978723405 0.8291929824561405
0.33602127659574477 0.7452982456140351
0.40540425531914903 0.6957192982456142
0.40308510638297856 0.5774736842105263
0.45164893617021284 0.4745087719298245
0.504840425531915 0.42873684210526297
0.5695957446808511 0.42873684210526297
0.6066063829787233 0.42873684210526297
0.6459148936170214 0.46687719298245606
0.6667340425531916 0.4973859649122807
0.6898617021276596 0.5507894736842107
0.7014255319148937 0.5660350877192984
0.5325957446808509 0.3067017543859649
0.6297340425531914 0.29907017543859643
0.6782978723404254 0.29907017543859643
0.7314893617021276 0.29526315789473706
0.8101170212765958 0.29907017543859643
}
