version: 2
n_points: 55
{
0.7732558139534884 0.20689655172413793
0.6724806201550387 0.11379310344827587
0.5096899224806202 0.04655172413793104
0.37790697674418605 0.008620689655172414
0.2810077519379845 0.010344827586206896
0.1686046511627907 0.041379310344827586
0.07945736434108527 0.08793103448275862
0.02131782945736434 0.1706896551724138
0.025193798449612403 0.24655172413793103
0.07945736434108527 0.3086206896551724
0.16085271317829458 0.3931034482758621
0.18023255813953487 0.4896551724137931
0.18410852713178294 0.6017241379310345
0.20736434108527133 0.7103448275862069
0.24224806201550386 0.8051724137931034
0.3236434108527132 0.8913793103448275
0.4631782945736434 0.9551724137931035
0.6182170542635659 0.9913793103448276
0.8197674418604651 0.9844827586206897
0.9825581395348837 0.9275862068965517
0.7034883720930233 0.4224137931034483
0.6143410852713178 0.30517241379310345
0.5135658914728682 0.19482758620689655
0.3856589147286822 0.10172413793103448
0.25775193798449614 0.0706896551724138
0.1686046511627907 0.10172413793103448
0.11434108527131782 0.18620689655172415
0.11434108527131782 0.2620689655172414
0.20348837209302326 0.3258620689655172
0.2771317829457364 0.38620689655172413
0.2810077519379845 0.4362068965517241
0.2655038759689923 0.5051724137931034
0.2693798449612403 0.5741379310344827
0.3236434108527132 0.6206896551724138
0.38953488372093026 0.6551724137931034
0.8585271317829457 0.4810344827586207
0.7616279069767442 0.5431034482758621
0.6996124031007752 0.6206896551724138
0.7344961240310077 0.6775862068965517
0.75 0.7258620689655172
0.6996124031007752 0.6603448275862069
0.6453488372093024 0.6310344827586207
0.4903100775193798 0.6224137931034482
0.42054263565891475 0.5586206896551724
0.43992248062015504 0.5051724137931034
0.49806201550387597 0.44655172413793104
0.560077519379845 0.4086206896551724
0.5949612403100775 0.3879310344827586
0.6143410852713178 0.3810344827586207
0.6569767441860465 0.3775862068965517
0.31976744186046513 0.35172413793103446
0.34689922480620156 0.31896551724137934
0.2926356589147287 0.2517241379310345
0.29651162790697677 0.20517241379310344
0.3236434108527132 0.16379310344827586
}
