version: 2
n_points: 55
{
0.8705540983606558 0.761666666666667
0.9291049180327867 0.6135185185185189
0.9712590163934427 0.4283333333333337
0.982967213114754 0.24314814814814847
0.940855737704918 0.1259555555555557
0.864927868852459 0.05577777777777758
0.7959016393442623 0.044081481481481645
0.7199737704918032 0.0713703703703703
0.6405967213114752 0.11815555555555572
0.5543147540983608 0.15714074074074116
0.4594032786885247 0.19222962962962978
0.3834786885245902 0.23511851851851842
0.2782131147540984 0.2857999999999998
0.207462295081967 0.34037777777777795
0.13441311475409834 0.422511111111111
0.0775803278688526 0.4965851851851851
0.02730819672131135 0.6200444444444446
0.016380327868852795 0.7385629629629631
0.0338655737704916 0.8669555555555555
0.05353770491803267 0.9657185185185182
0.6218426229508198 0.7681925925925928
0.6874163934426231 0.7484370370370369
0.781406557377049 0.6990518518518515
0.8273081967213113 0.5854740740740739
0.860095081967213 0.42745185185185197
0.8841377049180329 0.2990518518518515
0.8775803278688525 0.17560000000000012
0.8251213114754099 0.1311555555555557
0.7639213114754098 0.13608888888888857
0.6939737704918034 0.17065925925925918
0.6109147540983605 0.19041481481481495
0.5365967213114755 0.20522962962962976
0.46009508196721294 0.24967407407407421
0.39015081967213106 0.3286814814814812
0.3333180327868853 0.3879407407407404
0.468839344262295 0.8126370370370372
0.41419344262295066 0.7632518518518517
0.35954754098360664 0.7336222222222222
0.31801967213114746 0.7780666666666666
0.2721180327868852 0.7978222222222223
0.307088524590164 0.7286814814814812
0.3704786885245901 0.6793037037037039
0.39015081967213106 0.5459703703703706
0.42293770491803273 0.4521407407407406
0.4841377049180329 0.39782222222222235
0.527855737704918 0.37806666666666655
0.5868721311475409 0.3830074074074075
0.6240295081967211 0.4570814814814816
0.6611868852459017 0.5360888888888886
0.7027180327868852 0.6595481481481481
0.6393311475409835 0.20522962962962976
0.7005311475409837 0.2002888888888888
0.7529901639344263 0.20522962962962976
0.8054491803278689 0.21016296296296264
0.8666524590163933 0.2151037037037036
}
