version: 2
n_points: 55
{
0.900709219858156 0.6153846153846154
0.9432624113475178 0.4835164835164835
0.9645390070921985 0.32967032967032966
0.9361702127659575 0.17582417582417584
0.8581560283687943 0.08791208791208792
0.7588652482269503 0.054945054945054944
0.6524822695035462 0.06593406593406594
0.5602836879432624 0.10989010989010989
0.4822695035460993 0.16483516483516483
0.4184397163120568 0.23076923076923078
0.35460992907801414 0.2967032967032967
0.2907801418439716 0.3516483516483517
0.22695035460992907 0.4065934065934066
0.17730496453900713 0.4945054945054945
0.12612765957446803 0.6204175824175824
0.07004964539007097 0.6843076923076922
0.03376595744680866 0.7635274725274724
0.04036170212765944 0.8683076923076922
0.0947943262411346 0.9500879120879121
0.22179432624113493 0.9347582417582416
0.5219716312056739 0.6817472527472526
0.6093900709219857 0.679197802197802
0.6753617021276596 0.6178571428571428
0.7528794326241135 0.5590879120879122
0.8155531914893617 0.47219780219780216
0.8501914893617022 0.3341868131868132
0.8337021276595746 0.21918681318681316
0.804014184397163 0.14763736263736266
0.7314397163120566 0.13485714285714276
0.6720638297872342 0.15274725274725282
0.6143333333333332 0.17063736263736254
0.5533120567375887 0.21152747252747248
0.47414184397163106 0.27030769230769247
0.37353191489361703 0.35207692307692295
0.2960141843971631 0.48752747252747264
0.528567375886525 0.7814175824175825
0.47414184397163106 0.7737472527472528
0.40817021276595755 0.8018681318681319
0.3603333333333334 0.8657582417582417
0.33064539007092186 0.8555274725274726
0.35209219858156016 0.8044175824175824
0.4131134751773051 0.7533076923076921
0.41641134751773046 0.6919780219780219
0.4015673758865247 0.5871978021978023
0.4329078014184399 0.4977472527472526
0.4906382978723405 0.45430769230769247
0.5500141843971633 0.4491978021978023
0.5797021276595744 0.48752747252747264
0.6143333333333332 0.5641978021978024
0.6539219858156027 0.6050879120879119
0.49228368794326227 0.28052747252747245
0.5829999999999997 0.2498571428571428
0.673709219858156 0.2472967032967032
0.7396879432624113 0.2524175824175824
0.8089574468085106 0.3137472527472526
}
