version: 2
n_points: 55
{
0.3095841584158416 0.27417543859649096
0.20820792079207917 0.36189473684210505
0.11156435643564357 0.4621403508771932
0.057336633663366304 0.6668245614035085
0.10684158415841581 0.8380877192982454
0.2105742574257426 0.8965614035087721
0.30486138613861385 0.8965614035087721
0.39680198019801977 0.8464385964912283
0.4580990099009901 0.7879649122807015
0.5453168316831682 0.7461929824561402
0.6372574257425743 0.70859649122807
0.7032574257425742 0.6542807017543861
0.773980198019802 0.5874561403508775
0.8447029702970297 0.4872105263157892
0.8847821782178218 0.4120175438596494
0.9201386138613864 0.33264912280701775
0.946069306930693 0.2532807017543862
0.9531485148514849 0.1822807017543857
0.9342871287128712 0.12796491228070195
0.9083564356435646 0.0862105263157893
0.4768514851485149 0.28761403508771943
0.4015148514851485 0.3143157894736841
0.31757425742574247 0.37150877192982434
0.24008910891089105 0.4439824561403507
0.17982178217821787 0.5545789473684208
0.16475247524752462 0.6880701754385965
0.18627722772277222 0.7986666666666666
0.24008910891089105 0.8139298245614036
0.3068118811881188 0.7986666666666666
0.35416831683168304 0.7872280701754388
0.3993663366336635 0.7490877192982457
0.466089108910891 0.7643508771929827
0.562950495049505 0.7338421052631581
0.6253663366336635 0.6537368421052632
0.6684158415841583 0.5736491228070177
0.5242079207920791 0.2571052631578947
0.5801683168316832 0.2571052631578947
0.6404356435643564 0.26854385964912264
0.6727227722772277 0.21514035087719308
0.7200693069306932 0.21133333333333315
0.6856336633663366 0.29905263157894724
0.6232178217821781 0.3410000000000002
0.6102970297029702 0.48212280701754373
0.5995346534653465 0.592719298245614
0.5586435643564357 0.6537368421052632
0.48330693069306924 0.6880701754385965
0.43380198019801974 0.6728070175438596
0.3993663366336635 0.6156140350877193
0.36707920792079196 0.5202631578947369
0.34124752475247533 0.4058421052631581
0.35892079207920796 0.7377894736842106
0.31056435643564345 0.7296315789473684
0.2553069306930693 0.7173859649122806
0.22076237623762374 0.7051403508771932
0.18392079207920786 0.6806666666666668
}
