version: 2
n_points: 55
{
0.6180714285714286 0.12225352112676066
0.4862619047619048 0.08955633802816891
0.3162023809523807 0.03926056338028161
0.23966666666666672 0.04177464788732406
0.18439285714285686 0.071950704225352
0.10786904761904736 0.12476760563380271
0.06959523809523814 0.1851338028169013
0.06534523809523815 0.2756760563380283
0.07810714285714294 0.3586760563380283
0.1036071428571429 0.44166901408450693
0.1333690476190473 0.524669014084507
0.13763095238095213 0.6101830985915494
0.1886428571428572 0.7057535211267605
0.2481666666666667 0.7686338028169015
0.3629642857142854 0.8541478873239435
0.4820119047619045 0.9145070422535212
0.6138214285714283 0.9472042253521126
0.7413690476190473 0.969838028169014
0.8731666666666668 0.9648098591549295
0.9497023809523807 0.8994154929577464
0.6393214285714283 0.41400704225352103
0.6095595238095235 0.32095070422535205
0.5372857142857144 0.2429788732394365
0.47776190476190483 0.19267605633802826
0.35446428571428545 0.15997887323943652
0.26517857142857115 0.154950704225352
0.17589285714285688 0.18010563380281683
0.1546309523809521 0.23040140845070411
0.18014285714285722 0.32597887323943653
0.19715476190476164 0.421549295774648
0.2269166666666664 0.5070633802816901
0.23541666666666639 0.617725352112676
0.2821785714285711 0.6856338028169014
0.34170238095238065 0.7460000000000001
0.43098809523809495 0.7887535211267604
0.715857142857143 0.411492957746479
0.6775952380952381 0.4743661971830987
0.7201071428571426 0.5548521126760563
0.7881309523809521 0.6227605633802819
0.8306547619047616 0.6856338028169014
0.7711309523809521 0.7158169014084508
0.6818452380952378 0.6881478873239436
0.5797976190476187 0.6856338028169014
0.4820119047619045 0.680605633802817
0.3757261904761902 0.6227605633802819
0.36721428571428577 0.5422746478873238
0.405488095238095 0.47688028169014074
0.4650119047619045 0.4341267605633804
0.5160238095238096 0.3863380281690142
0.6180714285714286 0.3662183098591548
0.2481666666666667 0.4693380281690142
0.27792857142857147 0.3913732394366196
0.2949404761904759 0.3184295774647886
0.3034404761904759 0.2630985915492959
0.34596428571428545 0.1951901408450703
}
