version: 2
n_points: 55
{
0.8720350877192985 0.19157746478873244
0.727561403508772 0.12322535211267599
0.5675964912280703 0.06523239436619702
0.4334385964912279 0.040380281690140706
0.2992807017543859 0.061091549295774726
0.18577192982456137 0.12115492957746485
0.13415789473684195 0.1853661971830986
0.10836842105263145 0.2640704225352112
0.10836842105263145 0.34278169014084514
0.11868421052631555 0.3945633802816903
0.11352631578947375 0.45255633802816886
0.10836842105263145 0.5064084507042256
0.10321052631578964 0.5644014084507041
0.08771929824561403 0.6306830985915494
0.11868421052631555 0.7073239436619718
0.2476842105263157 0.8088098591549295
0.4282807017543861 0.885450704225352
0.5624385964912281 0.9413732394366198
0.7481929824561402 0.9682957746478873
0.92878947368421 0.9289436619718312
0.7946315789473686 0.41320422535211276
0.7327192982456138 0.3344929577464788
0.7172456140350879 0.26821830985915485
0.6191929824561405 0.2040070422535211
0.474719298245614 0.1605140845070423
0.38184210526315765 0.14394366197183098
0.2579999999999998 0.16465492957746458
0.2322105263157893 0.2247183098591551
0.2322105263157893 0.29100000000000004
0.2322105263157893 0.35106338028169015
0.2579999999999998 0.40284507042253526
0.2373684210526316 0.46705633802816904
0.2115614035087719 0.5478380281690142
0.2322105263157893 0.6369014084507042
0.38699999999999996 0.7176760563380283
0.8204385964912279 0.44012676056338024
0.7585263157894735 0.5022676056338028
0.7636842105263159 0.5851197183098591
0.8359122807017543 0.6451830985915492
0.861719298245614 0.7176760563380283
0.7430350877192984 0.7031760563380282
0.650157894736842 0.6824647887323946
0.5521228070175439 0.680394366197183
0.4695614035087717 0.6472535211267607
0.4024736842105264 0.6037605633802815
0.39731578947368407 0.554049295774648
0.4231228070175438 0.4856971830985915
0.4901929824561404 0.446345070422535
0.6088771929824559 0.41734507042253505
0.7481929824561402 0.3904225352112676
0.30443859649122823 0.3800633802816901
0.37668421052631584 0.33242253521126763
0.417964912280702 0.26200000000000007
0.44375438596491246 0.21643661971830971
0.474719298245614 0.1895070422535213
}
