version: 2
n_points: 55
{
0.15182575757575756 0.5742651515151515
0.09673106060606063 0.5157272727272729
0.05024242424242423 0.42274999999999996
0.020973484848484873 0.27123484848484847
0.062295454545454536 0.1507121212121212
0.12944318181818182 0.08872727272727265
0.2017575757575758 0.040515151515151615
0.286125 0.040515151515151615
0.37565530303030303 0.043962121212121175
0.4686325757575757 0.05429545454545437
0.5495530303030303 0.07839393939393946
0.6167045454545454 0.10938636363636378
0.6855719696969697 0.16104545454545438
0.7682196969696969 0.23680303030303018
0.8319242424242423 0.30566666666666675
0.8870189393939394 0.3986439393939393
0.9403939393939394 0.5295000000000001
0.9799962121212121 0.677568181818182
0.9817159090909091 0.8256439393939395
0.9335075757575758 0.9633863636363634
0.4617424242424243 0.6293636363636366
0.3877083333333333 0.5880378787878786
0.30850757575757576 0.5157272727272729
0.2275833333333333 0.4502954545454547
0.16215909090909092 0.37453787878787903
0.1346098484848485 0.2677878787878789
0.14321969696969697 0.16448484848484846
0.21553030303030304 0.12316666666666654
0.2930113636363636 0.10938636363636378
0.3653257575757576 0.10938636363636378
0.4496931818181818 0.11283333333333334
0.5168409090909091 0.13005303030303006
0.5977651515151515 0.16448484848484846
0.6752424242424243 0.24712878787878778
0.7320606060606061 0.3022272727272728
0.5082310606060606 0.6362500000000001
0.5633295454545454 0.6018106060606062
0.6304772727272728 0.5949242424242422
0.6752424242424243 0.6603560606060604
0.7355037878787879 0.6982348484848483
0.7389469696969697 0.5432727272727272
0.6459734848484847 0.48817424242424257
0.6029280303030303 0.3607651515151513
0.5839886363636364 0.23680303030303018
0.5220075757575757 0.19547727272727267
0.4548560606060606 0.20581060606060586
0.4032045454545454 0.2677878787878789
0.36876893939393934 0.34699242424242427
0.3498295454545454 0.4365227272727271
0.34121969696969695 0.532939393939394
0.4187007575757576 0.1507121212121212
0.3601590909090909 0.17481818181818198
0.28956818181818184 0.20581060606060586
0.2310265151515152 0.23335606060606062
0.1690454545454545 0.2677878787878789
}
