version: 2
n_points: 55
{
0.7923831168831168 0.9594876033057848
0.8674642857142857 0.8303553719008261
0.9506623376623377 0.6702314049586773
0.9831298701298702 0.47395041322314013
0.9608084415584416 0.30349586776859466
0.8958733766233766 0.21568595041322278
0.8167337662337663 0.14853719008264427
0.7335357142857142 0.10721487603305749
0.6341038961038961 0.07105785123966907
0.5306136363636362 0.04523140495867733
0.4250941558441558 0.04523140495867733
0.3601590909090908 0.06589256198347071
0.2830487012987012 0.10721487603305749
0.2120259740259739 0.15886776859504095
0.15114935064935053 0.2053553719008261
0.08621428571428558 0.27766942148760293
0.03142532467532455 0.3913057851239666
0.015191558441558395 0.5307685950413219
0.01924999999999988 0.6908925619834707
0.04968831168831156 0.8200247933884294
0.5103214285714285 0.8561818181818178
0.6097532467532467 0.799363636363636
0.7051266233766234 0.7270495867768592
0.7761493506493505 0.6599008264462807
0.8613766233766234 0.5772561983471071
0.901961038961039 0.5101074380165286
0.9060194805194806 0.3861404958677682
0.873551948051948 0.31899173553718974
0.8004999999999999 0.25700826446280955
0.7375941558441558 0.22085123966942113
0.6868636363636362 0.18985950413223104
0.6138116883116882 0.15370247933884262
0.5224967532467532 0.13304132231404922
0.43321103896103885 0.16919834710743767
0.35204220779220774 0.27250413223140457
0.4798831168831168 0.8975041322314046
0.40683116883116877 0.8303553719008261
0.3459545454545454 0.7477107438016525
0.2911655844155844 0.799363636363636
0.24652272727272717 0.799363636363636
0.2789902597402597 0.6185785123966938
0.3378376623376622 0.6134132231404955
0.37436363636363623 0.546264462809917
0.40683116883116877 0.427462809917355
0.4494448051948051 0.35514876033057813
0.5224967532467532 0.3241570247933881
0.5772857142857142 0.3706446280991732
0.5833733766233765 0.5152727272727269
0.6016363636363635 0.6547355371900823
0.6259870129870129 0.7683719008264459
0.43726948051948045 0.22085123966942113
0.524525974025974 0.15886776859504095
0.6219285714285714 0.2053553719008261
0.7091850649350648 0.29833057851239636
0.8045584415584415 0.4584545454545451
}
