version: 2
n_points: 55
{
0.8642062500000002 0.9108333333333339
0.8982937499999999 0.7403750000000002
0.9579562500000002 0.513097222222222
0.9664750000000002 0.31108333333333366
0.8982937499999999 0.17849999999999966
0.8102250000000002 0.1280000000000001
0.72215625 0.07118055555555555
0.6539750000000002 0.10905555555555521
0.5732125 0.1444583333333327
0.5040187499999998 0.1791805555555549
0.4303562500000002 0.15933333333333305
0.3522312500000002 0.1940555555555553
0.28303750000000005 0.27838888888888863
0.21160625000000022 0.352791666666666
0.13794375000000014 0.4569583333333327
0.07544375000000014 0.5611249999999993
0.028568750000000143 0.6900972222222224
0.026337500000000014 0.8240277777777784
0.05535625000000022 0.9033888888888887
0.11116250000000005 0.9381111111111109
0.6022312500000002 0.8339444444444442
0.6803562500000002 0.739694444444445
0.7696437499999998 0.6454444444444442
0.834375 0.5859305555555557
0.8723187500000001 0.5115277777777784
0.8834812500000002 0.3974305555555557
0.8700875 0.24862499999999935
0.803125 0.22381944444444457
0.725 0.1940555555555553
0.6513375 0.18909722222222236
0.5866062500000002 0.22381944444444457
0.5151812499999998 0.24366666666666642
0.43928750000000005 0.24862499999999935
0.334375 0.30815277777777794
0.2450875 0.46687500000000015
0.5732125 0.8240277777777784
0.5040187499999998 0.7148888888888886
0.42366250000000005 0.7446527777777779
0.3589312499999998 0.8289861111111113
0.2875 0.8438611111111116
0.2763375 0.7644999999999997
0.3433062499999998 0.7198611111111117
0.3522312500000002 0.5908888888888887
0.396875 0.4916805555555549
0.45714374999999985 0.47680555555555615
0.5174125 0.5214444444444442
0.56875 0.5512083333333335
0.6044625 0.605763888888889
0.6401812499999998 0.6553750000000002
0.6558062499999998 0.7248194444444446
0.6022312500000002 0.2684722222222228
0.6714312499999998 0.3230277777777783
0.7495562499999998 0.37759722222222236
0.8098187500000001 0.40238888888888863
0.8611625 0.4123194444444446
}
