version: 2
n_points: 55
{
0.2079731543624161 0.3500869565217394
0.13246979865771813 0.43614130434782605
0.06535570469798657 0.549369565217391
0.03738926174496662 0.7078804347826086
0.08213422818791946 0.8301630434782609
0.16043624161073808 0.9026304347826087
0.24991946308724833 0.9433913043478261
0.35338926174496627 0.9343260869565218
0.4400738255033559 0.9116847826086957
0.5351543624161074 0.8799782608695652
0.6218456375838924 0.8301630434782609
0.7085302013422821 0.7712826086956521
0.7840335570469801 0.6761739130434785
0.8427583892617452 0.5765434782608693
0.8679261744966444 0.5086086956521736
0.9182617449664431 0.4451956521739133
0.9518187919463089 0.3591521739130432
0.9685973154362418 0.25045652173913013
0.9518187919463089 0.15081521739130432
0.9322483221476509 0.051173913043478514
0.45126174496644295 0.3500869565217394
0.3673691275167785 0.41802173913043505
0.25271812080536893 0.4814347826086953
0.1688255033557045 0.5810652173913047
0.11569127516778523 0.6761739130434785
0.1296711409395975 0.7894021739130435
0.2023825503355703 0.8301630434782609
0.29466442953020117 0.8573369565217391
0.38973825503355725 0.8346956521739131
0.46244966442953 0.8029891304347826
0.5295637583892615 0.7758152173913043
0.585489932885906 0.7622282608695652
0.6358255033557046 0.7350543478260869
0.6945503355704697 0.6761739130434785
0.7281073825503356 0.608239130434783
0.4932080536912752 0.29573913043478295
0.5491342281879197 0.3410326086956522
0.6190469798657718 0.33197826086956495
0.6693825503355705 0.2685652173913047
0.7225167785234897 0.27309782608695654
0.6749731543624163 0.3863260869565215
0.6554026845637582 0.4678478260869562
0.6665838926174499 0.549369565217391
0.6274362416107383 0.6490000000000002
0.5715100671140938 0.6942934782608696
0.5071879194630874 0.7033478260869568
0.46804026845637586 0.6354130434782612
0.4372818791946307 0.5674782608695654
0.4037248322147649 0.49954347826086987
0.39812751677852365 0.4270869565217389
0.47083892617449646 0.7712826086956521
0.4093154362416107 0.757695652173913
0.32822147651006695 0.7169347826086959
0.25551006711409413 0.7169347826086959
0.19678523489932903 0.7214673913043479
}
