version: 2
n_points: 55
{
0.08668531468531479 0.7142074468085104
0.023311188811188915 0.5513085106382977
0.018940559440559546 0.3751117021276593
0.05390559440559451 0.21221276595744687
0.13913286713286724 0.09253191489361712
0.2331013986013987 0.04598936170212775
0.34673776223776237 0.02936702127659585
0.4144825174825176 0.05596276595744687
0.49752447552447565 0.0991808510638299
0.5718251748251749 0.1490478723404256
0.6504965034965036 0.2055638297872341
0.7160559440559442 0.2886755319148937
0.7750594405594406 0.3817606382978721
0.8340629370629372 0.45822340425531893
0.8996223776223777 0.5147393617021274
0.9542552447552448 0.6044999999999998
0.9826643356643358 0.7308297872340423
0.9848496503496504 0.8704574468085104
0.9608111888111889 0.9336223404255317
0.9149195804195805 0.9768404255319146
0.3685909090909092 0.684287234042553
0.2636958041958043 0.6643404255319146
0.18283916083916094 0.6377446808510636
0.13476223776223786 0.5380106382978721
0.12383566433566444 0.43495212765957425
0.15005944055944068 0.2886755319148937
0.2178041958041959 0.17231914893617029
0.28991958041958055 0.14572340425531927
0.35547902097902107 0.17231914893617029
0.43415034965034976 0.1989148936170213
0.5040804195804197 0.22883510638297877
0.5521573426573427 0.26207978723404257
0.5936783216783218 0.3086223404255317
0.6395699300699301 0.36181382978723375
0.6898321678321679 0.424978723404255
0.4057412587412588 0.8072925531914892
0.4844125874125875 0.79731914893617
0.549972027972028 0.7640744680851062
0.6351993006993008 0.7773723404255317
0.6767202797202798 0.8305638297872339
0.6548671328671329 0.7308297872340423
0.5980489510489512 0.6610159574468083
0.5805664335664337 0.5679308510638296
0.578381118881119 0.4781702127659573
0.5477867132867134 0.38508510638297855
0.49970979020979034 0.3485159574468083
0.44070629370629383 0.371787234042553
0.4122972027972029 0.44160106382978703
0.37951748251748263 0.5313617021276593
0.3379965034965036 0.6277712765957445
0.3860734265734267 0.20888829787234053
0.3205139860139861 0.2221861702127661
0.2483986013986015 0.26872872340425547
0.19595104895104906 0.33521808510638273
0.16317132867132877 0.40170744680851045
}
