version: 2
n_points: 55
{
0.9638972972972968 0.19564390243902452
0.8210432432432434 0.09634146341463415
0.6357135135135134 0.044075609756097624
0.44652432432432415 0.012717073170731842
0.2882216216216211 0.04930243902439038
0.16467027027026995 0.13989512195121945
0.0604270270270275 0.2287463414634145
0.03725945945945962 0.3088853658536586
0.02953513513513482 0.4047048780487804
0.056562162162161846 0.5057487804878048
0.10289729729729762 0.5876317073170731
0.15695135135135166 0.6695121951219513
0.22258918918918966 0.7426829268292683
0.3036702702702707 0.8071439024390246
0.43108108108108106 0.8716024390243902
0.5160216216216214 0.9221243902439022
0.5971027027027024 0.9621951219512195
0.7399621621621624 0.9883268292682925
0.8557891891891887 0.976131707317073
0.9754810810810808 0.9360634146341464
0.7129351351351353 0.4935536585365853
0.8017351351351346 0.41689999999999994
0.8596540540540544 0.3001731707317074
0.7940162162162163 0.17822195121951226
0.6704648648648652 0.11027804878048794
0.49671891891891906 0.11376341463414641
0.3345567567567569 0.17822195121951226
0.24961621621621669 0.28449512195121957
0.20714054054054007 0.3803146341463414
0.22258918918918966 0.47961707317073177
0.23030810810810795 0.5405926829268294
0.2611945945945941 0.6015682926829269
0.32297297297297295 0.6695121951219513
0.35772432432432477 0.7148073170731705
0.44652432432432415 0.7705585365853661
0.8673729729729727 0.4761317073170733
0.8249027027027025 0.5388512195121951
0.8326270270270273 0.6033097560975609
0.9330108108108106 0.6538317073170732
0.9561783783783785 0.723519512195122
0.8171837837837842 0.7060975609756097
0.7206540540540536 0.6311853658536584
0.5623567567567571 0.6242170731707316
0.44652432432432415 0.5580146341463413
0.4349405405405402 0.49529512195121955
0.48899459459459427 0.4203829268292682
0.5662162162162162 0.38553902439024396
0.6627405405405404 0.35940731707317064
0.7283783783783784 0.3559243902439024
0.8210432432432434 0.3454707317073171
0.4194972972972971 0.6851926829268294
0.2959459459459459 0.5493024390243904
0.2689189189189189 0.4064463414634147
0.377027027027027 0.26358780487804884
0.53532972972973 0.15383170731707324
}
