version: 2
n_points: 55
{
0.8182207792207791 0.37305084745762696
0.882155844155844 0.47213559322033893
0.932103896103896 0.6051186440677966
0.9101168831168832 0.7407118644067796
0.8262077922077922 0.8606610169491524
0.7282987012987014 0.9049999999999997
0.6284025974025974 0.9049999999999997
0.5344935064935066 0.8815254237288134
0.43259740259740265 0.8528474576271183
0.3426883116883117 0.8033050847457623
0.26276623376623387 0.7355084745762709
0.2008311688311688 0.657271186440678
0.15488311688311673 0.5842542372881356
0.11692207792207776 0.48516949152542377
0.07696103896103879 0.4121694915254235
0.0589740259740259 0.32350847457627097
0.0729610389610389 0.21659322033898298
0.14688311688311695 0.14357627118644078
0.18484415584415592 0.08361016949152533
0.23080519480519468 0.06796610169491513
0.6004285714285715 0.46432203389830473
0.6543766233766234 0.4199830508474576
0.7282987012987014 0.43042372881355906
0.7822467532467533 0.47996610169491494
0.8142207792207792 0.5529661016949152
0.7942337662337663 0.6546610169491525
0.7482857142857142 0.7485423728813557
0.6823506493506493 0.7537457627118644
0.6164155844155844 0.743322033898305
0.5105194805194806 0.7407118644067796
0.42061038961038966 0.7172542372881353
0.3586753246753246 0.6833559322033895
0.31271428571428583 0.6285932203389828
0.30072727272727284 0.5686101694915254
0.29274025974025975 0.4747457627118643
0.5384935064935065 0.2869999999999999
0.4665714285714284 0.27657627118644035
0.44258441558441564 0.2400677966101693
0.3906363636363638 0.1983389830508474
0.3626753246753245 0.20616949152542352
0.3426883116883117 0.3052542372881354
0.40063636363636346 0.4121694915254235
0.3726623376623376 0.5034237288135592
0.3826493506493507 0.5816610169491523
0.43859740259740243 0.6129491525423727
0.5145194805194804 0.607728813559322
0.5804545454545453 0.5790508474576269
0.6024285714285714 0.5347118644067796
0.6324025974025973 0.4903898305084744
0.6743636363636363 0.4486610169491526
0.5245064935064936 0.7172542372881353
0.5924415584415583 0.7094237288135592
0.6643636363636365 0.7146440677966099
0.7103246753246752 0.7276779661016948
0.7502857142857142 0.7094237288135592
}
