version: 2
n_points: 55
{
0.9594705882352941 0.20827981651376148
0.8418235294117647 0.06883027522935778
0.583 0.024793577981651382
0.34378431372549023 0.03396788990825689
0.1673137254901961 0.08534403669724773
0.06143137254901959 0.15690366972477063
0.04966666666666666 0.24314220183486238
0.0810392156862745 0.3312155963302753
0.06927450980392155 0.4211238532110092
0.06927450980392155 0.5202064220183487
0.08496078431372546 0.5936009174311927
0.11241176470588236 0.6669954128440367
0.15162745098039218 0.744059633027523
0.17515686274509804 0.7936009174311927
0.20260784313725488 0.8559862385321102
0.25750980392156864 0.909197247706422
0.3477058823529412 0.9550688073394494
0.4849607843137254 0.980756880733945
0.5869215686274509 0.9679128440366972
0.6771176470588236 0.9348853211009175
0.8182941176470587 0.46149082568807337
0.8653529411764707 0.3605733944954128
0.8653529411764707 0.25048165137614675
0.7555490196078432 0.14405963302752295
0.579078431372549 0.09818807339449542
0.4065294117647058 0.0835091743119266
0.23790196078431372 0.10736238532110093
0.15162745098039218 0.15873853211009176
0.0888823529411765 0.23947247706422023
0.11241176470588236 0.32020642201834865
0.12417647058823526 0.38809633027522933
0.1084901960784314 0.4394724770642202
0.12417647058823526 0.490848623853211
0.15554901960784315 0.5569036697247707
0.15947058823529411 0.6247935779816515
0.8692745098039215 0.5238761467889909
0.759470588235294 0.5587385321100917
0.6614313725490195 0.6413073394495413
0.7084901960784314 0.727545871559633
0.7084901960784314 0.7936009174311927
0.6496666666666667 0.6614908256880735
0.5947647058823529 0.6339678899082569
0.4418235294117647 0.6321330275229358
0.2888823529411765 0.6688302752293578
0.2300588235294118 0.5880963302752295
0.25358823529411767 0.5036926605504587
0.4535882352941177 0.4596559633027523
0.583 0.41745412844036694
0.7437843137254901 0.3752522935779817
0.8418235294117647 0.3440596330275229
0.179078431372549 0.4578211009174312
0.2418235294117647 0.3715825688073394
0.29280392156862745 0.2890137614678899
0.35554901960784313 0.20461009174311923
0.44574509803921564 0.14405963302752295
}
