version: 2
n_points: 55
{
0.4038817204301076 0.08751327433628328
0.5071075268817204 0.041495575221238874
0.5974301075268817 0.023796460176991087
0.7006559139784947 0.029106194690265375
0.7823763440860214 0.06273451327433627
0.8511935483870968 0.09813274336283184
0.8942043010752688 0.1565398230088495
0.9243118279569894 0.2167168141592921
0.9458172043010754 0.31229203539823
0.9243118279569894 0.37954867256637176
0.9071075268817204 0.4591946902654868
0.8899032258064515 0.5423805309734512
0.8597956989247313 0.609637168141593
0.8382903225806453 0.689283185840708
0.76947311827957 0.777778761061947
0.6748494623655914 0.857424778761062
0.537215053763441 0.9246814159292033
0.39527956989247304 0.9530000000000002
0.2533440860215055 0.970699115044248
0.05119354838709678 0.9813185840707965
0.30495698924731174 0.27158407079646035
0.45549462365591387 0.20963716814159286
0.5673225806451612 0.1636194690265487
0.6877526881720432 0.12645132743362822
0.8167849462365593 0.12468141592920352
0.8382903225806453 0.1848584070796461
0.8597956989247313 0.24857522123893805
0.8683978494623655 0.32468141592920374
0.8511935483870968 0.40078761061946894
0.8382903225806453 0.4698141592920354
0.8296881720430107 0.5476902654867257
0.7823763440860214 0.6043274336283184
0.7178602150537634 0.6503451327433626
0.6318387096774193 0.6857433628318582
0.5716236559139785 0.7105221238938052
0.12001075268817207 0.5264513274336281
0.1759247311827956 0.5494601769911505
0.19743010752688162 0.6202566371681416
0.2232365591397849 0.6574247787610619
0.309258064516129 0.673353982300885
0.2705483870967742 0.7618495575221239
0.3565698924731183 0.6910530973451328
0.47699999999999987 0.6503451327433626
0.58452688172043 0.5866283185840707
0.5759247311827957 0.5246814159292035
0.558720430107527 0.48751327433628316
0.5458172043010752 0.43441592920353983
0.47699999999999987 0.40078761061946894
0.35226881720430103 0.39193805309734503
0.2490430107526882 0.3848584070796458
0.8081827956989247 0.45388495575221227
0.7823763440860214 0.3848584070796458
0.7221612903225807 0.3211415929203539
0.6490430107526881 0.2556548672566373
0.606032258064516 0.1990176991150443
}
