version: 2
n_points: 55
{
0.04174489795918379 0.2240382775119618
0.19258163265306172 0.109622009569378
0.3256836734693881 0.047210526315789564
0.5297653061224492 0.024330143540669757
0.7338469387755104 0.061775119617224886
0.8314489795918365 0.14498564593301447
0.9024387755102037 0.2406794258373207
0.9467959183673463 0.34885645933014353
0.9379285714285718 0.4154258373205742
0.889122448979592 0.49655502392344486
0.8580714285714286 0.5714449760765551
0.8669387755102045 0.6525789473684211
0.8137040816326536 0.7149856459330144
0.7205408163265312 0.7961196172248804
0.6318061224489799 0.8522870813397129
0.5455306122448979 0.914622009569378
0.42162244897959145 0.9658851674641149
0.2867857142857144 0.9761387559808611
0.1920306122448976 0.9675980861244019
0.10821428571428593 0.9505071770334929
0.2539795918367346 0.4515311004784689
0.27584693877551036 0.3575502392344498
0.3268673469387756 0.21913397129186593
0.3232244897959188 0.12856459330143544
0.38882653061224504 0.09610047846889942
0.47628571428571476 0.10635406698564598
0.6621428571428569 0.1388181818181817
0.7496122448979591 0.2003349282296651
0.8152040816326529 0.2652727272727273
0.844367346938776 0.3284976076555024
0.8480102040816329 0.4036842105263158
0.8370714285714287 0.4652057416267943
0.8297857142857139 0.5403923444976076
0.8006326530612244 0.6002009569377991
0.7751224489795917 0.6805167464114833
0.09363265306122492 0.4378612440191386
0.19567346938775554 0.5147607655502391
0.25033673469387774 0.630956937799043
0.18838775510204075 0.6805167464114833
0.1701632653061229 0.714688995215311
0.26491836734693863 0.7164019138755982
0.315938775510204 0.6463397129186602
0.4179795918367346 0.6258325358851674
0.5564591836734696 0.6070334928229665
0.6293469387755106 0.5489377990430623
0.6840102040816328 0.49083732057416257
0.7061836734693879 0.4110909090909091
0.5786326530612247 0.40710526315789464
0.46383673469387776 0.3971339712918659
0.3192755102040815 0.36523923444976064
0.7572040816326533 0.3034354066985646
0.7316938775510207 0.24562200956937788
0.6976836734693883 0.2037559808612439
0.6424081632653063 0.16587559808612443
0.6041428571428573 0.14195215311004789
}
