version: 2
n_points: 55
{
0.9267127659574467 0.11936015325670506
0.7192659574468085 0.05422605363984682
0.5065000000000001 0.010164750957854483
0.35224468085106386 0.013996168582375556
0.2033085106382979 0.04847892720306521
0.155436170212766 0.10403448275862076
0.12884042553191494 0.1576743295019158
0.0703297872340426 0.2266398467432951
0.02777659574468082 0.3070996168582376
0.07564893617021282 0.37223371647509584
0.1501170212765958 0.4526934865900384
0.18203191489361706 0.5350689655172415
0.2405425531914894 0.640432950191571
0.30969148936170215 0.7362183908045978
0.41607446808510645 0.8128467432950193
0.5065000000000001 0.8913908045977013
0.6075638297872341 0.9507777777777778
0.6873510638297873 0.9737662835249042
0.8203297872340425 0.9910076628352491
0.9745851063829786 0.9507777777777778
0.9213936170212765 0.37798084291187745
0.8309680851063829 0.27070114942528745
0.7777765957446807 0.21897701149425294
0.6182021276595745 0.169168582375479
0.4586276595744681 0.11936015325670506
0.2777765957446809 0.10978160919540238
0.21394680851063835 0.16725287356321847
0.16607446808510642 0.2381340996168583
0.1501170212765958 0.32050957854406137
0.2033085106382979 0.3894750957854407
0.26713829787234045 0.4469463601532568
0.2724574468085107 0.5235747126436783
0.30969148936170215 0.6040344827586208
0.4107553191489362 0.6672528735632185
0.5065000000000001 0.7400498084291188
0.8894787234042553 0.4852605363984675
0.8043723404255319 0.5599731800766284
0.7724574468085106 0.6346858237547893
0.8735212765957445 0.697904214559387
0.8788404255319148 0.7285555555555556
0.7884148936170212 0.7055670498084292
0.7511808510638297 0.644264367816092
0.6501170212765958 0.6231915708812261
0.5969255319148936 0.5906245210727971
0.6235212765957447 0.5254904214559388
0.6660744680851064 0.47185057471264374
0.6873510638297873 0.4220421455938698
0.7458617021276595 0.3913908045977012
0.8203297872340425 0.3856436781609196
0.9001170212765957 0.38181226053639855
0.29905319148936177 0.44886206896551734
0.3150106382978724 0.37606513409961695
0.3682021276595745 0.2956053639846744
0.40011702127659576 0.2266398467432951
0.4373510638297873 0.16533716475095794
}
