version: 2
n_points: 55
{
0.057097222222222084 0.6352868217054264
0.046074074074074066 0.4728682170542635
0.02402777777777803 0.33259689922480606
0.03064351851851865 0.21447286821705402
0.08134722222222235 0.10741860465116304
0.16953240740740755 0.052046511627906966
0.2466944444444442 0.040976744186046465
0.33487499999999987 0.0741937984496126
0.4076296296296296 0.11849612403100773
0.4847870370370373 0.16648062015503873
0.5531296296296296 0.2218527131782948
0.6170648148148146 0.27353488372093027
0.7118611111111108 0.34736434108527137
0.7978379629629628 0.43226356589147286
0.9014537037037039 0.5208527131782945
0.9521620370370372 0.6131395348837212
0.972 0.7128062015503875
0.9786157407407406 0.8198604651162786
0.9653888888888889 0.9121472868217056
0.934523148148148 0.9638217054263564
0.352513888888889 0.6869689922480622
0.2665324074074075 0.6795891472868215
0.1981944444444442 0.6168294573643412
0.15630555555555528 0.5208527131782945
0.13866666666666666 0.4027286821705427
0.12543981481481495 0.2809147286821705
0.1541018518518516 0.1591007751937985
0.21582870370370383 0.14064341085271292
0.27755555555555556 0.1332558139534883
0.3436944444444447 0.1591007751937985
0.42306018518518507 0.18862790697674436
0.486990740740741 0.23662015503875966
0.5553333333333333 0.29568217054263546
0.6148611111111109 0.36951162790697656
0.6809953703703705 0.4765581395348837
0.46935648148148135 0.8309302325581399
0.539902777777778 0.7977131782945734
0.6104490740740739 0.7755658914728683
0.6655648148148146 0.8198604651162786
0.7250879629629631 0.8309302325581399
0.6876111111111111 0.7275736434108525
0.6258796296296298 0.6648217054263565
0.6104490740740739 0.5171627906976745
0.5487222222222222 0.4285736434108527
0.486990740740741 0.38427131782945756
0.41203703703703703 0.39534883720930236
0.36794444444444446 0.42118604651162816
0.33487499999999987 0.4654883720930233
0.2973981481481484 0.5577674418604651
0.2466944444444442 0.6352868217054264
0.46186111111111083 0.28119379844961245
0.38315740740740717 0.2656899224806202
0.297509259259259 0.2618139534883721
0.2026018518518516 0.2773178294573644
0.14936111111111086 0.29669767441860473
}
