version: 2
n_points: 55
{
0.6666666666666666 0.1188118811881188
0.5277777777777778 0.06930693069306931
0.4305555555555556 0.04950495049504951
0.2777777777777778 0.06930693069306931
0.18055555555555555 0.12871287128712872
0.1111111111111111 0.19801980198019803
0.06944444444444445 0.3069306930693069
0.08333333333333333 0.40594059405940597
0.09722222222222222 0.48514851485148514
0.1388888888888889 0.5445544554455446
0.18055555555555555 0.6237623762376238
0.25 0.7029702970297029
0.3194444444444444 0.7722772277227723
0.4027777777777778 0.8217821782178217
0.5 0.8712871287128713
0.5694444444444444 0.9108910891089109
0.6666666666666666 0.9306930693069307
0.7638888888888888 0.9504950495049505
0.8472222222222222 0.9405940594059405
0.9305555555555556 0.8811881188118812
0.6111111111111112 0.39603960396039606
0.625 0.31683168316831684
0.6388888888888888 0.2079207920792079
0.5694444444444444 0.15841584158415842
0.4861111111111111 0.12871287128712872
0.375 0.13861386138613863
0.2777777777777778 0.1485148514851485
0.18055555555555555 0.21782178217821782
0.1388888888888889 0.31683168316831684
0.1388888888888889 0.40594059405940597
0.16666666666666666 0.46534653465346537
0.19444444444444445 0.5346534653465347
0.2361111111111111 0.594059405940594
0.2916666666666667 0.6534653465346535
0.375 0.693069306930693
0.6944444444444444 0.45544554455445546
0.7083333333333334 0.5148514851485149
0.7083333333333334 0.5841584158415841
0.7638888888888888 0.6138613861386139
0.8055555555555556 0.6732673267326733
0.6805555555555556 0.6732673267326733
0.625 0.6336633663366337
0.5277777777777778 0.6336633663366337
0.4305555555555556 0.6336633663366337
0.3333333333333333 0.5742574257425742
0.3194444444444444 0.5148514851485149
0.3333333333333333 0.46534653465346537
0.3888888888888889 0.42574257425742573
0.4583333333333333 0.39603960396039606
0.5694444444444444 0.33663366336633666
0.2222222222222222 0.5346534653465347
0.20833333333333334 0.45544554455445546
0.20833333333333334 0.37623762376237624
0.25 0.27722772277227725
0.3333333333333333 0.2079207920792079
}
