version: 2
n_points: 55
{
0.8120945273631841 0.5239823529411765
0.8848059701492538 0.36561176470588236
0.9700696517412934 0.22912941176470586
0.9743980099502487 0.1166
0.9159900497512437 0.04498823529411765
0.8294676616915424 0.0322
0.7213134328358208 0.05777647058823529
0.6369502487562189 0.08590588235294117
0.5569203980099502 0.11404117647058824
0.4768855721393034 0.16263529411764707
0.38819402985074625 0.21634117647058823
0.29734825870646764 0.2828352941176471
0.20649751243781078 0.35956470588235295
0.10699502487562174 0.4567529411764706
0.050751243781094635 0.5488235294117647
0.029124378109452675 0.6741411764705882
0.020467661691542127 0.7917882352941177
0.06589552238805974 0.901764705882353
0.17491542288557227 0.9708176470588235
0.3009502487562188 0.9747411764705882
0.5283880597014926 0.5954647058823529
0.5994577114427859 0.5254411764705883
0.6752686567164179 0.46941764705882355
0.7605572139303484 0.433
0.8055721393034827 0.3209588235294118
0.8340000000000001 0.22291764705882353
0.8553233830845772 0.10807058823529411
0.7866169154228857 0.10247058823529413
0.7084378109452737 0.1304823529411765
0.634995024875622 0.15568823529411763
0.5568159203980101 0.17250000000000001
0.48100497512437823 0.1865058823529412
0.402820895522388 0.21451176470588235
0.3056915422885573 0.2873411764705882
0.2772587064676616 0.3825823529411765
0.49285074626865666 0.6458882352941177
0.3980845771144278 0.6486882352941177
0.3293830845771145 0.6626941176470589
0.28910447761194036 0.6991058823529412
0.21566169154228865 0.7299235294117646
0.2535671641791044 0.6598941176470589
0.3388557213930349 0.592664705882353
0.3459651741293531 0.4918235294117647
0.34122388059701503 0.37978235294117646
0.3815024875621892 0.33496470588235294
0.4786368159203981 0.33496470588235294
0.5331243781094528 0.3517705882352941
0.5805074626865672 0.3769823529411765
0.6089353233830846 0.4274
0.6397313432835822 0.47501764705882354
0.5686616915422885 0.18930588235294118
0.6278905472636817 0.18930588235294118
0.6847462686567165 0.19490588235294118
0.7392338308457712 0.20331176470588236
0.8008308457711442 0.20051176470588236
}
