version: 2
n_points: 55
{
0.86586 0.07718987341772166
0.923005 0.20829113924050613
0.9658599999999999 0.3439113924050631
0.9658599999999999 0.4750126582278482
0.97122 0.6829746835443036
0.91229 0.7055822784810124
0.84622 0.7281772151898736
0.7676499999999999 0.7643417721518985
0.698005 0.8050379746835444
0.635505 0.8547594936708862
0.560505 0.8909240506329111
0.49265000000000003 0.9271012658227846
0.41764999999999997 0.9271012658227846
0.348005 0.8909240506329111
0.26765000000000005 0.8140759493670888
0.19979000000000002 0.7507848101265824
0.12478999999999996 0.723658227848101
0.06586000000000003 0.610645569620253
0.02479000000000009 0.4750126582278482
0.028360000000000163 0.3439113924050631
0.5855049999999999 0.1721265822784812
0.65872 0.11335443037974668
0.7301500000000001 0.10431645569620229
0.798005 0.17664556962025302
0.8640749999999999 0.2534936708860761
0.923005 0.4162405063291137
0.94265 0.5835189873417723
0.894435 0.6468101265822787
0.81586 0.6739367088607593
0.7355050000000001 0.7417468354430381
0.66586 0.7733924050632913
0.60336 0.8095569620253162
0.53729 0.8412025316455694
0.46585999999999994 0.8547594936708862
0.36943499999999996 0.8231139240506331
0.526575 0.05910126582278463
0.47479000000000005 0.20377215189873432
0.41229000000000005 0.30774683544303816
0.34085999999999994 0.2625443037974682
0.28371999999999997 0.24897468354430363
0.33729 0.33939240506329127
0.42122000000000004 0.3665189873417719
0.46050499999999994 0.4931012658227846
0.526575 0.5970759493670884
0.5712200000000001 0.7010506329113921
0.6337200000000001 0.669405063291139
0.669435 0.5699493670886078
0.68015 0.4343291139240508
0.681935 0.27158227848101246
0.67836 0.1721265822784812
0.67836 0.7146202531645567
0.7301500000000001 0.6468101265822787
0.7783599999999999 0.5835189873417723
0.814075 0.47049367088607574
0.844435 0.33939240506329127
}
