version: 2
n_points: 55
{
0.85282 0.0479662921348315
0.9196533333333334 0.20249438202247183
0.9626666666666667 0.3039887640449439
0.94546 0.4598426966292134
0.8938466666666667 0.5830674157303368
0.8250266666666666 0.6736853932584272
0.7519133333333332 0.7353033707865169
0.6551333333333332 0.7896629213483143
0.5777200000000001 0.8367865168539325
0.49384666666666666 0.8875280898876405
0.3927733333333333 0.9346516853932587
0.30889999999999984 0.938269662921348
0.23363333333333347 0.92014606741573
0.17986666666666684 0.8947752808988763
0.13040666666666656 0.8621573033707868
0.09169333333333352 0.8259101123595503
0.046533333333333426 0.7534269662921349
0.03147999999999984 0.6410674157303371
0.03793333333333326 0.5359550561797752
0.07233999999999996 0.470707865168539
0.5088999999999999 0.318483146067416
0.6142733333333334 0.285865168539326
0.7175 0.27498876404494366
0.8056733333333334 0.2532359550561799
0.8744933333333333 0.3039887640449439
0.8873933333333334 0.38010112359550574
0.83578 0.5287078651685394
0.7648133333333332 0.6156966292134834
0.6529866666666666 0.6736853932584272
0.6013733333333334 0.7244269662921348
0.5304066666666665 0.7824157303370786
0.43578000000000017 0.8440337078651688
0.3583600000000001 0.8512808988764046
0.3003000000000001 0.8295393258426967
0.2486866666666666 0.8295393258426967
0.4744933333333332 0.27135955056179784
0.4142733333333335 0.3511011235955055
0.3691133333333334 0.4054719101123594
0.2959999999999998 0.38734831460674146
0.23793333333333333 0.4634606741573033
0.2529866666666666 0.5214494382022471
0.3282533333333333 0.5649438202247188
0.3390066666666667 0.6664382022471909
0.38202 0.6410674157303371
0.41857999999999984 0.612067415730337
0.47663999999999984 0.5794494382022475
0.5261066666666667 0.5105842696629215
0.5626666666666665 0.44533707865168526
0.5927733333333334 0.38010112359550574
0.6164266666666667 0.3112359550561796
0.6766399999999999 0.630191011235955
0.7261066666666667 0.5866966292134832
0.7777200000000001 0.5323258426966293
0.8164266666666666 0.4670898876404498
0.8572866666666665 0.39097752808988795
}
