version: 2
n_points: 55
{
0.21739130434782608 0.6387434554973822
0.10276679841897234 0.48167539267015713
0.02766798418972332 0.3507853403141361
0.019762845849802372 0.15706806282722519
0.08300395256916997 0.06282722513089001
0.17786561264822134 0.02617801047120416
0.2648221343873518 0.041884816753926746
0.3715415019762846 0.09947643979057585
0.45454545454545453 0.16230366492146597
0.5652173913043478 0.2198952879581152
0.6482213438735178 0.2984293193717278
0.7233201581027668 0.39790575916230364
0.766798418972332 0.47643979057591623
0.8221343873517787 0.5392670157068062
0.8893280632411067 0.6020942408376964
0.9446640316205533 0.6701570680628273
0.9802371541501976 0.7696335078534031
0.9486166007905138 0.8900523560209425
0.8853754940711462 0.9424083769633508
0.8142292490118577 0.9738219895287958
0.3438735177865613 0.612565445026178
0.2766798418972332 0.5445026178010471
0.20948616600790515 0.46073298429319376
0.15019762845849802 0.34031413612565453
0.11857707509881422 0.22513089005235598
0.1383399209486166 0.1413612565445026
0.2015810276679842 0.10994764397905765
0.2727272727272727 0.12041884816753923
0.33201581027667987 0.16230366492146597
0.40711462450592883 0.23560209424083767
0.4782608695652174 0.25654450261780104
0.525691699604743 0.2879581151832461
0.5691699604743083 0.31937172774869116
0.5968379446640316 0.3560209424083769
0.6205533596837944 0.3717277486910995
0.38735177865612647 0.6387434554973822
0.45849802371541504 0.6282722513089005
0.5138339920948617 0.643979057591623
0.5375494071146245 0.7172774869109948
0.5968379446640316 0.7696335078534031
0.5889328063241107 0.7172774869109948
0.5573122529644269 0.6701570680628273
0.5691699604743083 0.612565445026178
0.5533596837944664 0.5130890052356021
0.5217391304347826 0.4450261780104712
0.4743083003952569 0.40314136125654443
0.42292490118577075 0.3717277486910995
0.37549407114624506 0.40314136125654443
0.33992094861660077 0.48167539267015713
0.30039525691699603 0.5497382198952879
0.383399209486166 0.24607329842931935
0.3241106719367589 0.24607329842931935
0.2608695652173913 0.23036649214659688
0.2015810276679842 0.2198952879581152
0.1422924901185771 0.2146596858638743
}
