version: 2
n_points: 55
{
0.27116883116883106 0.16643529411764696
0.38923376623376627 0.09157058823529415
0.4836753246753246 0.043441176470588184
0.6253506493506491 0.030070588235294255
0.755220779220779 0.04878823529411754
0.8496753246753248 0.10761176470588225
0.902805194805195 0.18247647058823538
0.9087142857142858 0.278735294117647
0.9205194805194805 0.35360000000000014
0.9205194805194805 0.439164705882353
0.9323246753246751 0.5193764705882352
0.9264155844155845 0.5835470588235293
0.902805194805195 0.6557411764705883
0.8555844155844156 0.754670588235294
0.7729350649350653 0.8295352941176468
0.6430649350649353 0.9124235294117645
0.44235064935064905 0.9578823529411766
0.2770649350649351 0.9712470588235292
0.1471948051948052 0.9712470588235292
0.05864935064935095 0.9605529411764705
0.2534545454545457 0.43381764705882364
0.2770649350649351 0.34825294117647043
0.2770649350649351 0.28408235294117634
0.336103896103896 0.23328235294117655
0.46597402597402593 0.19317647058823514
0.6076493506493506 0.17178235294117633
0.7729350649350653 0.1584117647058824
0.820155844155844 0.23060588235294102
0.820155844155844 0.30547058823529416
0.8024545454545453 0.3696470588235293
0.820155844155844 0.428470588235294
0.8496753246753248 0.5060058823529413
0.8614805194805195 0.5862235294117648
0.8083506493506493 0.6503941176470589
0.7139090909090909 0.706541176470588
0.2652597402597404 0.48996470588235286
0.31838961038961067 0.5380941176470588
0.28887012987012983 0.6236529411764703
0.23574025974025958 0.6744588235294119
0.2534545454545457 0.7199117647058823
0.3420000000000001 0.682476470588235
0.38923376623376627 0.6370235294117647
0.5486103896103895 0.6316764705882353
0.7020909090909089 0.5969176470588236
0.7198051948051949 0.5514647058823531
0.6784805194805195 0.5193764705882352
0.5840389610389611 0.4792705882352941
0.4954805194805193 0.4578823529411763
0.3715194805194809 0.428470588235294
0.28887012987012983 0.4204470588235294
0.7493246753246751 0.3589470588235295
0.7375194805194804 0.31617058823529426
0.6961948051948055 0.27338823529411765
0.6725844155844154 0.23060588235294102
0.6666753246753248 0.18782352941176475
}
