version: 2
n_points: 55
{
0.8530833333333333 0.5425686274509802
0.9176805555555556 0.44225490196078443
0.8724583333333334 0.30545098039215635
0.8143194444444445 0.15952941176470636
0.7303333333333334 0.10937254901960734
0.649597222222222 0.10482352941176477
0.5785277777777778 0.12760784313725454
0.501013888888889 0.17321568627450987
0.4364166666666667 0.20968627450980426
0.3685833333333335 0.24617647058823544
0.3072083333333333 0.2689803921568631
0.23938888888888876 0.32368627450980353
0.15863888888888888 0.37841176470588195
0.10372222222222205 0.4513725490196075
0.06819444444444478 0.5243333333333331
0.06497222222222221 0.6839215686274509
0.09404166666666647 0.7842549019607846
0.14248611111111087 0.8663333333333332
0.20386111111111105 0.9119215686274507
0.26845833333333347 0.9119215686274507
0.6592777777777776 0.6109803921568633
0.7044999999999999 0.5471372549019607
0.7464861111111113 0.47872549019607885
0.7723333333333334 0.4103333333333337
0.782013888888889 0.30545098039215635
0.7303333333333334 0.22337254901960776
0.6721944444444443 0.1823333333333329
0.5979166666666669 0.19145098039215705
0.5236249999999999 0.2324901960784319
0.4299583333333332 0.2644117647058826
0.37181944444444426 0.3100196078431368
0.2975277777777777 0.35560784313725535
0.22645833333333343 0.4012156862745096
0.2103194444444445 0.46505882352941214
0.20386111111111105 0.51521568627451
0.6286527777777778 0.6699607843137256
0.5569583333333333 0.6699607843137256
0.489763888888889 0.6952549019607849
0.4673611111111112 0.7585098039215691
0.3911944444444444 0.739529411764706
0.3329444444444446 0.6699607843137256
0.36879166666666663 0.6256862745098044
0.3329444444444446 0.5371372549019608
0.33743055555555534 0.4612352941176475
0.3822361111111109 0.4612352941176475
0.43151388888888875 0.4612352941176475
0.4852777777777777 0.48652941176470565
0.525597222222222 0.5055098039215687
0.5614444444444445 0.54978431372549
0.6196944444444443 0.5687450980392151
0.4062916666666665 0.3357647058823534
0.48177777777777764 0.2888627450980398
0.5632916666666665 0.2931372549019606
0.6417916666666668 0.3016470588235297
0.7082222222222221 0.3357647058823534
}
