version: 2
n_points: 55
{
0.13282165605095547 0.8177528089887638
0.058515923566879055 0.6773033707865166
0.03197452229299352 0.4853483146067419
0.058515923566879055 0.3168089887640453
0.10363057324840753 0.19040449438202278
0.17528662420382154 0.12017977528089918
0.2575605095541402 0.05932584269662888
0.3477898089171975 0.06400000000000028
0.4486433121019109 0.11082022471910113
0.5601082802547771 0.1716853932584267
0.6556496815286625 0.23722471910112364
0.7538407643312103 0.3214943820224718
0.8520382165605095 0.3870337078651689
0.8971528662420383 0.44789887640449444
0.950235668789809 0.5649438202247188
0.9714649681528661 0.6866629213483146
0.9688089171974523 0.803707865168539
0.9449235668789809 0.8598876404494379
0.915732484076433 0.9160674157303368
0.8759235668789808 0.9535168539325842
0.40883439490445866 0.681977528089888
0.3477898089171975 0.7194382022471907
0.24694267515923554 0.7475280898876402
0.15936305732484066 0.714752808988764
0.09036305732484085 0.616438202247191
0.0664777070063695 0.4713033707865171
0.12221019108280262 0.24658426966292168
0.2018280254777071 0.1716853932584267
0.2734840764331211 0.13422471910112388
0.3769872611464969 0.14359550561797718
0.45925477707006374 0.19040449438202278
0.5441847133757962 0.24658426966292168
0.5972611464968152 0.30744943820224724
0.6556496815286625 0.36362921348314603
0.7060700636942676 0.41980898876404493
0.43271974522293 0.780292134831461
0.4911019108280255 0.7896629213483143
0.5468343949044586 0.8177528089887638
0.6158407643312103 0.9020224719101121
0.7087261146496814 0.9441573033707862
0.6662611464968153 0.7990224719101123
0.613184713375796 0.705393258426966
0.5892993630573248 0.607078651685393
0.5654140127388534 0.4993932584269666
0.5256050955414011 0.4432134831460677
0.4512929936305733 0.41980898876404493
0.40883439490445866 0.4151235955056183
0.3822929936305731 0.47598876404494384
0.3584076433121018 0.5555730337078655
0.3292165605095542 0.6913483146067413
0.40617834394904445 0.2746741573033711
0.2602101910828026 0.29340449438202243
0.19121019108280243 0.3168089887640453
0.13547770700636932 0.3870337078651689
0.10893630573248413 0.452584269662921
}
