version: 2
n_points: 55
{
0.4105894736842103 0.11382580645161272
0.5421684210526313 0.07619354838709679
0.6869052631578945 0.038554838709677415
0.8053263157894734 0.06006451612903227
0.884273684210526 0.13264516129032258
0.9193578947368422 0.21329032258064518
0.9369052631578947 0.31274838709677416
0.8974315789473681 0.40414838709677403
0.8623473684210526 0.4686645161290321
0.8184842105263155 0.5331806451612902
0.7790105263157892 0.6030709677419355
0.7439263157894738 0.6756516129032258
0.7044526315789474 0.7347935483870965
0.651821052631579 0.8100645161290323
0.5728736842105263 0.871890322580645
0.4807684210526316 0.9256516129032258
0.384273684210526 0.9579096774193548
0.2834 0.9740387096774193
0.16058947368421028 0.9659741935483871
0.04655789473684213 0.9095225806451613
0.27024210526315795 0.4283419354838708
0.3404105263157895 0.3476967741935482
0.42813684210526315 0.25898709677419335
0.5246210526315789 0.18640645161290303
0.6474315789473681 0.14339354838709678
0.7790105263157892 0.15145806451612903
0.8316421052631576 0.2321032258064516
0.8491894736842105 0.3261935483870968
0.8053263157894734 0.40414838709677403
0.7439263157894738 0.48748387096774193
0.7000631578947365 0.554683870967742
0.6562 0.6299548387096773
0.5904105263157895 0.6890967741935484
0.5465578947368421 0.7294193548387097
0.48514736842105266 0.7589870967741934
0.205663157894737 0.45134193548387114
0.2524526315789474 0.5134645161290322
0.24465263157894757 0.5660322580645162
0.18617894736842122 0.5899290322580647
0.18227368421052603 0.671174193548387
0.31092631578947383 0.6950645161290323
0.42788421052631576 0.6926774193548387
0.47856842105263153 0.6233806451612904
0.5448526315789477 0.5755935483870966
0.5175578947368422 0.5134645161290322
0.48636842105263145 0.470458064516129
0.4317894736842104 0.42505806451612915
0.4122947368421054 0.3868258064516131
0.3927999999999997 0.36770967741935484
0.3499157894736844 0.36770967741935484
0.7085894736842102 0.4919612903225808
0.7007894736842104 0.4059419354838709
0.7085894736842102 0.3318645161290324
0.7085894736842102 0.23867741935483874
0.6696000000000002 0.17416129032258068
}
