version: 2
n_points: 55
{
0.7625777777777778 0.7041071428571429
0.8543666666666667 0.5798750000000003
0.9292444444444445 0.4284821428571429
0.9437333333333334 0.2964999999999997
0.9147555555555555 0.18780357142857135
0.8471222222222223 0.11792857142857167
0.7553333333333332 0.09851785714285707
0.6273111111111112 0.11403571428571421
0.5210333333333333 0.14898214285714267
0.4195777777777778 0.18780357142857135
0.3398777777777777 0.2227321428571431
0.2649888888888887 0.26544642857142875
0.1973555555555555 0.35860714285714274
0.15146666666666675 0.4129642857142853
0.10074444444444453 0.4750714285714283
0.06209999999999993 0.5721249999999998
0.045188888888888945 0.6575178571428576
0.045188888888888945 0.7856250000000001
0.0886666666666669 0.8632678571428575
0.12973333333333315 0.9176071428571433
0.5812777777777778 0.748035714285714
0.6688111111111112 0.6831071428571432
0.7462555555555557 0.558642857142857
0.8102333333333332 0.4828928571428567
0.8438999999999999 0.3746607142857142
0.8573666666666668 0.2718571428571427
0.7967555555555556 0.2231428571428573
0.7058555555555555 0.18526785714285715
0.618311111111111 0.17444642857142867
0.5509666666666666 0.1960892857142856
0.4768999999999999 0.2339642857142858
0.38935555555555523 0.2664464285714284
0.31191111111111114 0.3205535714285718
0.2580444444444443 0.3908928571428569
0.20079999999999998 0.445017857142857
0.5375 0.7318035714285713
0.48363333333333314 0.748035714285714
0.41628888888888893 0.775107142857143
0.34894444444444417 0.8508571428571433
0.28834444444444474 0.7859285714285714
0.2984444444444446 0.656053571428571
0.36915555555555546 0.6235892857142856
0.4028222222222224 0.5424107142857143
0.4129222222222223 0.41253571428571384
0.47353333333333325 0.3530178571428572
0.5678000000000001 0.31514285714285756
0.618311111111111 0.3530178571428572
0.6385111111111113 0.42337500000000006
0.6418777777777778 0.4991250000000004
0.6452444444444445 0.6127678571428571
0.5981111111111113 0.2339642857142858
0.6721777777777779 0.24480357142857148
0.7294222222222222 0.2718571428571427
0.7799222222222224 0.29891071428571386
0.8102333333333332 0.3421964285714288
}
