version: 2
n_points: 55
{
0.9554661016949153 0.44158620689655165
0.9447542372881356 0.30142241379310325
0.8933898305084748 0.1864827586206897
0.8060762711864409 0.10811206896551721
0.6982203389830508 0.06631896551724124
0.5672457627118644 0.05063793103448296
0.43113559322033923 0.06893103448275846
0.3181440677966102 0.12639655172413775
0.23596610169491516 0.21782758620689632
0.16405932203389817 0.3066465517241382
0.09986440677966091 0.40592241379310334
0.07931355932203377 0.515637931034483
0.06904237288135584 0.5992327586206898
0.06647457627118636 0.6645431034482757
0.043364406779661135 0.7272327586206895
0.03822881355932228 0.8056034482758619
0.061338983050847506 0.8761379310344828
0.10243220338983039 0.920551724137931
0.14094915254237295 0.9518965517241381
0.22312711864406787 0.962344827586207
0.5389999999999998 0.5652672413793106
0.6442881355932204 0.5339224137931035
0.7393050847457627 0.4895172413793103
0.8112118644067798 0.4242068965517244
0.834322033898305 0.3066465517241382
0.7778305084745762 0.2047672413793102
0.6905169491525422 0.14730172413793094
0.6288813559322036 0.11594827586206886
0.5261610169491524 0.1211724137931033
0.4131610169491524 0.16297413793103424
0.369508474576271 0.202155172413793
0.31044067796610175 0.26485344827586216
0.2821949152542371 0.317103448275862
0.26678813559322034 0.36934482758620685
0.2693559322033897 0.4242068965517244
0.6109067796610168 0.6645431034482757
0.5389999999999998 0.654086206896552
0.4850677966101695 0.6958879310344829
0.44911864406779645 0.7847068965517242
0.39518644067796616 0.823887931034483
0.36180508474576256 0.8056034482758619
0.36437288135593204 0.685439655172414
0.3566694915254236 0.5783362068965516
0.3155762711864407 0.49474137931034473
0.33868644067796594 0.413758620689655
0.4003220338983051 0.3353879310344825
0.4979067796610168 0.34583620689655187
0.5903559322033897 0.3745689655172413
0.6288813559322036 0.46599999999999986
0.6853728813559323 0.4895172413793103
0.36437288135593204 0.24918103448275838
0.4439830508474575 0.21782758620689632
0.5441355932203392 0.220439655172414
0.6494237288135594 0.22305172413793123
0.7470084745762711 0.23873275862068952
}
