version: 2
n_points: 55
{
0.833564705882353 0.27116883116883106
0.9084294117647058 0.38923376623376627
0.9565588235294118 0.4836753246753246
0.9699294117647057 0.6253506493506491
0.9512117647058824 0.755220779220779
0.8923882352941177 0.8496753246753248
0.8175235294117646 0.902805194805195
0.7212647058823529 0.9087142857142858
0.6463999999999999 0.9205194805194805
0.560835294117647 0.9205194805194805
0.4806235294117648 0.9323246753246751
0.4164529411764707 0.9264155844155845
0.34425882352941173 0.902805194805195
0.24532941176470602 0.8555844155844156
0.17046470588235318 0.7729350649350653
0.08757647058823548 0.6430649350649353
0.04211764705882337 0.44235064935064905
0.02875294117647076 0.2770649350649351
0.02875294117647076 0.1471948051948052
0.0394470588235295 0.05864935064935095
0.5661823529411764 0.2534545454545457
0.6517470588235296 0.2770649350649351
0.7159176470588237 0.2770649350649351
0.7667176470588235 0.336103896103896
0.8068235294117648 0.46597402597402593
0.8282176470588236 0.6076493506493506
0.8415882352941176 0.7729350649350653
0.769394117647059 0.820155844155844
0.6945294117647058 0.820155844155844
0.6303529411764708 0.8024545454545453
0.5715294117647061 0.820155844155844
0.4939941176470587 0.8496753246753248
0.4137764705882352 0.8614805194805195
0.3496058823529411 0.8083506493506493
0.293458823529412 0.7139090909090909
0.5100352941176471 0.2652597402597404
0.46190588235294117 0.31838961038961067
0.3763470588235297 0.28887012987012983
0.3255411764705881 0.23574025974025958
0.28008823529411775 0.2534545454545457
0.317523529411765 0.3420000000000001
0.36297647058823534 0.38923376623376627
0.3683235294117647 0.5486103896103895
0.40308235294117645 0.7020909090909089
0.4485352941176469 0.7198051948051949
0.4806235294117648 0.6784805194805195
0.5207294117647059 0.5840389610389611
0.5421176470588237 0.4954805194805193
0.5715294117647061 0.3715194805194809
0.5795529411764706 0.28887012987012983
0.6410529411764705 0.7493246753246751
0.6838294117647057 0.7375194805194804
0.7266117647058823 0.6961948051948055
0.769394117647059 0.6725844155844154
0.8121764705882353 0.6666753246753248
}
