version: 2
n_points: 55
{
0.1067193675889328 0.6720183486238532
0.05731225296442688 0.5619266055045872
0.023715415019762844 0.3967889908256881
0.021739130434782608 0.3004587155963303
0.06719367588932806 0.18119266055045868
0.11067193675889328 0.1169724770642202
0.18181818181818182 0.07110091743119262
0.274703557312253 0.05275229357798161
0.3339920948616601 0.10321100917431192
0.4051383399209486 0.14449541284403666
0.5118577075098815 0.17660550458715596
0.6086956521739131 0.22247706422018343
0.6936758893280632 0.27293577981651373
0.766798418972332 0.36009174311926606
0.8300395256916996 0.39220183486238525
0.8893280632411067 0.4977064220183487
0.9426877470355731 0.6353211009174312
0.9802371541501976 0.7775229357798165
0.9802371541501976 0.8922018348623854
0.9802371541501976 0.9610091743119266
0.42132411067193687 0.7896422018348623
0.35168379446640313 0.7503302752293578
0.2594584980237153 0.6847981651376147
0.22557707509881433 0.6629541284403669
0.17852569169960464 0.5187889908256881
0.1295889328063241 0.40082568807339447
0.12017786561264811 0.2566605504587156
0.16346640316205543 0.17366055045871565
0.21805138339920938 0.16491743119266056
0.3008656126482215 0.1998715596330275
0.38179841897233213 0.24792660550458723
0.4514387351778656 0.24792660550458723
0.5267272727272727 0.2654036697247706
0.5963675889328062 0.3134587155963303
0.6415415019762846 0.3833577981651377
0.4514387351778656 0.8202293577981652
0.46461660079051387 0.7852752293577981
0.53801976284585 0.7503302752293578
0.6095415019762845 0.7852752293577981
0.6754189723320156 0.7983853211009174
0.6321304347826086 0.7372201834862385
0.5888379446640316 0.6978990825688073
0.5756640316205532 0.5930550458715597
0.5323715415019763 0.48820183486238533
0.46649802371541504 0.453256880733945
0.4062687747035573 0.48383486238532103
0.3761541501976284 0.5187889908256881
0.35168379446640313 0.5799449541284404
0.3403913043478262 0.6323761467889908
0.329098814229249 0.6935321100917431
0.35921343873517775 0.2697706422018349
0.30839525691699604 0.29598165137614685
0.2594584980237153 0.3265596330275229
0.2105217391304348 0.3746146788990825
0.16723320158102767 0.40082568807339447
}
