version: 2
n_points: 55
{
0.13895689655172414 0.4197272727272727
0.07737931034482758 0.5820757575757571
0.04967241379310345 0.674060606060606
0.04967241379310345 0.7822878787878784
0.08969827586206898 0.8472272727272723
0.14818965517241378 0.9067424242424247
0.23131896551724138 0.9229848484848481
0.31137068965517267 0.9067424242424247
0.3914224137931032 0.8742727272727273
0.48378448275862096 0.8418181818181818
0.569991379310345 0.8201666666666663
0.6808275862068965 0.7606363636363636
0.7701120689655174 0.6903030303030304
0.8347672413793106 0.6145454545454545
0.8717155172413795 0.5225454545454545
0.9271379310344827 0.3926818181818178
0.9486896551724138 0.29527272727272724
0.9605948275862066 0.19278787878787862
0.9512241379310343 0.11374242424242431
0.9193706896551723 0.0676363636363636
0.43341379310344835 0.3177272727272732
0.37183620689655156 0.3857575757575754
0.3120172413793105 0.4321363636363639
0.25219827586206894 0.47233333333333305
0.19942241379310352 0.6114848484848485
0.17831034482758618 0.7073333333333337
0.19062068965517237 0.8062878787878784
0.2662758620689656 0.8186515151515152
0.3559999999999999 0.8031969696969701
0.4351724137931036 0.7598939393939397
0.4914655172413792 0.7382575757575761
0.556560344827586 0.7289848484848485
0.6216551724137933 0.6949696969696969
0.6779568965517239 0.6331212121212122
0.7078620689655174 0.5094393939393937
0.41230172413793104 0.2682575757575755
0.46859482758620713 0.30225757575757595
0.5583189655172413 0.3053484848484852
0.6146206896551724 0.24042424242424232
0.6867500000000001 0.22804545454545433
0.7008275862068964 0.24660606060606072
0.656844827586207 0.30225757575757595
0.6674051724137929 0.3919393939393938
0.6410086206896554 0.4754242424242422
0.6023103448275862 0.5712878787878786
0.546008620689655 0.5867424242424246
0.5055431034482756 0.5712878787878786
0.46507758620689665 0.5434545454545454
0.4246120689655172 0.5001666666666671
0.382387931034483 0.4321363636363639
0.46507758620689665 0.7258939393939392
0.4017413793103446 0.7228030303030301
0.3278534482758621 0.7166060606060605
0.26100000000000007 0.7104242424242421
0.22229310344827588 0.6918787878787878
}
