version: 2
n_points: 55
{
0.8341088435374148 0.3397073170731707
0.8996122448979591 0.45263414634146326
0.9500068027210885 0.6242682926829268
0.9651224489795918 0.746219512195122
0.9323673469387754 0.8455853658536588
0.8693809523809523 0.8952682926829265
0.7736394557823131 0.9223658536585367
0.6778979591836736 0.9314024390243902
0.6199455782312926 0.8997804878048778
0.5494013605442176 0.8320365853658533
0.45617687074829927 0.7959024390243904
0.3629523809523808 0.7597682926829267
0.2823333333333332 0.6739512195121953
0.2193401360544217 0.5926463414634144
0.151312925170068 0.5158658536585364
0.0832857142857143 0.44359756097560976
0.04045578231292524 0.3397073170731707
0.03289795918367355 0.20873170731707302
0.05053741496598618 0.13193902439024408
0.055571428571428494 0.059682926829268346
0.6098707482993198 0.2538902439024392
0.6753741496598638 0.32615853658536587
0.7534829931972788 0.3848780487804878
0.8013537414965985 0.5158658536585364
0.8416666666666668 0.628780487804878
0.8618231292517006 0.8004146341463416
0.8215102040816327 0.8500975609756101
0.7383673469387757 0.8636463414634148
0.65521768707483 0.8726829268292683
0.5947551020408162 0.8229999999999998
0.5267278911564623 0.7823536585365856
0.4763333333333334 0.7688048780487802
0.4057891156462585 0.7236341463414637
0.34783673469387755 0.6558780487804876
0.3050068027210885 0.5384512195121953
0.5720748299319729 0.15904878048780458
0.5216870748299318 0.22228048780487775
0.4486190476190476 0.24034146341463447
0.37051700680272115 0.1861463414634148
0.3150816326530613 0.1951829268292682
0.31256462585034017 0.3035853658536586
0.3629523809523808 0.3848780487804878
0.37555102040816335 0.5023170731707316
0.4032653061224488 0.6016829268292685
0.45870068027210864 0.6784634146341465
0.5267278911564623 0.6875
0.5846734693877551 0.6513658536585363
0.6149115646258503 0.5565121951219514
0.6426258503401361 0.4616585365853658
0.6678163265306121 0.3622926829268296
0.5771156462585034 0.7642804878048779
0.6325442176870747 0.7552560975609754
0.6753741496598638 0.746219512195122
0.7534829931972788 0.7642804878048779
0.8114285714285713 0.746219512195122
}
