version: 2
n_points: 55
{
0.1070511363636364 0.7315913043478259
0.07039204545454551 0.5773130434782611
0.041068181818181865 0.4398608695652174
0.03190340909090914 0.29400000000000004
0.07222727272727267 0.18179999999999985
0.1547045454545455 0.09484347826086936
0.2225170454545455 0.05557391304347847
0.2958295454545453 0.044356521739130406
0.3636477272727273 0.05557391304347847
0.44062500000000004 0.10045217391304362
0.5139431818181819 0.14533043478260887
0.6074147727272726 0.21265217391304336
0.6678977272727273 0.23509565217391304
0.7522102272727273 0.3136347826086955
0.8273579545454546 0.4258434782608693
0.8823409090909089 0.5436521739130433
0.9483238636363635 0.6530521739130435
0.975818181818182 0.7708608695652174
0.9629886363636363 0.8858695652173914
0.9135000000000001 0.9644086956521738
0.4534545454545454 0.7007304347826088
0.37831250000000016 0.7091478260869567
0.2426818181818181 0.6278
0.18219318181818184 0.5071826086956523
0.14370454545454547 0.36132173913043497
0.13087499999999996 0.21265217391304336
0.1895284090909091 0.1285043478260871
0.27383522727272724 0.08923478260869566
0.3416534090909089 0.11447826086956536
0.42779545454545437 0.15094782608695634
0.4901136363636363 0.1874086956521741
0.5505965909090907 0.2210695652173913
0.6092500000000001 0.2631478260869565
0.6733977272727271 0.31083478260869546
0.7283806818181818 0.3725478260869567
0.3801420454545453 0.8409826086956523
0.4442897727272727 0.8045217391304347
0.5469318181818181 0.7961043478260872
0.6202443181818182 0.8409826086956523
0.6788977272727272 0.8353739130434781
0.6605681818181818 0.7315913043478259
0.6074147727272726 0.6474347826086955
0.6110795454545456 0.5324347826086958
0.5854204545454545 0.4146173913043476
0.5597613636363635 0.33888695652173895
0.47544886363636346 0.3220521739130435
0.4168011363636365 0.38937391304347846
0.3856420454545454 0.4791391304347826
0.37281250000000005 0.568895652173913
0.3398181818181818 0.6642695652173914
0.6477386363636364 0.33607826086956516
0.5707613636363637 0.26594782608695655
0.42046590909090914 0.2799739130434783
0.3031647727272729 0.31083478260869546
0.19502272727272735 0.3220521739130435
}
