version: 2
n_points: 55
{
0.9557522123893806 0.44318181818181823
0.9778761061946902 0.5795454545454546
0.9889380530973452 0.7121212121212122
0.9712389380530974 0.8371212121212122
0.9292035398230089 0.9318181818181819
0.8716814159292036 0.9696969696969697
0.7876106194690266 0.9810606060606061
0.7079646017699115 0.9696969696969697
0.6172566371681416 0.9431818181818182
0.5530973451327434 0.9015151515151515
0.49557522123893805 0.8446969696969697
0.42035398230088494 0.7878787878787878
0.3429203539823009 0.7348484848484849
0.2743362831858407 0.6856060606060606
0.1924778761061947 0.6287878787878788
0.12610619469026552 0.5340909090909092
0.0663716814159292 0.44318181818181823
0.028761061946902644 0.30681818181818177
0.011061946902654829 0.14015151515151514
0.06194690265486724 0.018939393939393923
0.6725663716814159 0.2803030303030303
0.7256637168141593 0.38636363636363635
0.7964601769911505 0.46590909090909094
0.834070796460177 0.5303030303030303
0.8805309734513275 0.6553030303030303
0.9048672566371682 0.8106060606060606
0.8672566371681416 0.8939393939393939
0.7964601769911505 0.9507575757575758
0.7190265486725664 0.9507575757575758
0.6570796460176991 0.9053030303030303
0.581858407079646 0.8333333333333334
0.4579646017699115 0.7348484848484849
0.34734513274336287 0.6477272727272727
0.2920353982300885 0.571969696969697
0.23893805309734517 0.48484848484848486
0.6858407079646018 0.2234848484848485
0.6349557522123894 0.28787878787878785
0.49557522123893805 0.28787878787878785
0.42035398230088494 0.15530303030303028
0.37168141592920356 0.14393939393939392
0.33628318584070793 0.2689393939393939
0.3738938053097345 0.33333333333333337
0.3738938053097345 0.4015151515151515
0.4070796460176991 0.4734848484848485
0.4601769911504425 0.5189393939393939
0.5110619469026549 0.553030303030303
0.5685840707964602 0.5454545454545454
0.5951327433628318 0.4772727272727273
0.6128318584070797 0.41287878787878785
0.6150442477876106 0.3257575757575758
0.5132743362831859 0.7234848484848485
0.5752212389380531 0.7159090909090908
0.6393805309734513 0.6893939393939394
0.7101769911504425 0.6628787878787878
0.7964601769911505 0.6060606060606061
}
