version: 2
n_points: 55
{
0.22011827956989252 0.7570161290322581
0.12860215053763419 0.6849516129032256
0.08055913978494644 0.5476774193548389
0.05996774193548385 0.3657903225806447
0.08284946236559122 0.2148064516129029
0.16749462365591397 0.1118548387096775
0.28875268817204286 0.08782258064516113
0.4008602150537631 0.09812903225806457
0.4969462365591399 0.12214516129032227
0.5976021505376344 0.16332258064516092
0.6662365591397847 0.2148064516129029
0.7508924731182799 0.29372580645161306
0.7989354838709676 0.3486451612903223
0.8469784946236559 0.4378709677419359
0.892731182795699 0.5442419354838709
0.9270537634408603 0.6231774193548387
0.9476451612903223 0.7158387096774195
0.9476451612903223 0.8084838709677415
0.9247634408602149 0.8736935483870965
0.892731182795699 0.9251612903225809
0.3779784946236558 0.6609193548387092
0.31620430107526865 0.705532258064516
0.24527956989247288 0.6918064516129031
0.19037634408602133 0.6231774193548387
0.16063440860215078 0.513354838709677
0.14919354838709678 0.38982258064516095
0.16521505376344095 0.26627419354838733
0.20181720430107533 0.17704838709677384
0.2590107526881723 0.16675806451612907
0.3390860215053766 0.17704838709677384
0.4191612903225809 0.18048387096774188
0.4969462365591399 0.19764516129032295
0.572440860215054 0.22509677419354868
0.6410752688172043 0.27658064516129066
0.7051290322580644 0.3623709677419352
0.4420322580645159 0.7432903225806452
0.5060967741935485 0.7467258064516133
0.572440860215054 0.7570161290322581
0.6227741935483871 0.8222096774193545
0.7051290322580644 0.8530967741935483
0.6982688172043013 0.7638709677419357
0.6387849462365589 0.6609193548387092
0.6433655913978498 0.5270806451612899
0.6250645161290319 0.4172741935483868
0.5472795698924731 0.3623709677419352
0.45347311827956993 0.4001129032258067
0.396279569892473 0.44472580645161264
0.361967741935484 0.4893387096774193
0.329935483870968 0.5614032258064519
0.30476344086021523 0.6471935483870964
0.4649139784946239 0.21137096774193576
0.396279569892473 0.2148064516129029
0.3276451612903226 0.2525483870967744
0.27274193548387105 0.29372580645161306
0.19723655913978513 0.31088709677419324
}
