version: 2
n_points: 55
{
0.28376068376068375 0.04854368932038833
0.305982905982906 0.22330097087378642
0.32307692307692304 0.4271844660194175
0.33333333333333337 0.6213592233009708
0.3145299145299145 0.8252427184466019
0.29059829059829057 0.970873786407767
0.27179487179487183 1.0
0.23076923076923073 1.0097087378640777
0.17948717948717952 1.0097087378640777
0.15384615384615385 0.9805825242718447
0.12307692307692308 0.9223300970873787
0.09059829059829061 0.8252427184466019
0.05641025641025643 0.7087378640776699
0.04102564102564099 0.6213592233009708
0.02564102564102566 0.5339805825242718
0.018803418803418848 0.41747572815533984
0.008547008547008517 0.33009708737864074
0.01025641025641022 0.23300970873786409
0.01538461538461533 0.15533980582524276
0.023931623931623958 0.10679611650485432
0.19829059829059825 0.15533980582524276
0.23418803418803413 0.2038834951456311
0.2683760683760684 0.30097087378640774
0.28888888888888886 0.44660194174757284
0.2974358974358975 0.5728155339805825
0.2957264957264957 0.7961165048543689
0.27350427350427353 0.912621359223301
0.24273504273504276 0.9611650485436893
0.20854700854700858 0.9611650485436893
0.1760683760683761 0.9320388349514563
0.14871794871794874 0.8737864077669903
0.1282051282051282 0.8252427184466019
0.10769230769230764 0.7475728155339806
0.09230769230769231 0.6796116504854368
0.08034188034188039 0.6213592233009708
0.16923076923076918 0.04854368932038833
0.14700854700854704 0.10679611650485432
0.1264957264957265 0.18446601941747576
0.10427350427350424 0.1456310679611651
0.08205128205128209 0.08737864077669899
0.07863247863247869 0.27184466019417475
0.09572649572649572 0.35922330097087374
0.11111111111111116 0.4077669902912622
0.11794871794871797 0.5145631067961165
0.135042735042735 0.6019417475728155
0.15726495726495726 0.7087378640776699
0.1808547008547009 0.6864077669902913
0.19999999999999996 0.562135922330097
0.20957264957264965 0.41844660194174754
0.2205128205128205 0.24368932038834945
0.1562393162393162 0.8495145631067962
0.18837606837606835 0.8417475728155339
0.22666666666666668 0.7834951456310679
0.2553846153846153 0.6864077669902913
0.277948717948718 0.5776699029126213
}
