version: 2
n_points: 55
{
0.7323529411764707 0.12357560975609738
0.8284323529411766 0.22113658536585357
0.9147058823529411 0.34471707317073186
0.9754911764705884 0.5235756097560974
0.9833323529411764 0.660160975609756
0.95 0.8097560975609757
0.853920588235294 0.9300829268292684
0.7558823529411764 0.9723560975609755
0.6401970588235295 0.9723560975609755
0.5284323529411765 0.939839024390244
0.44999999999999996 0.891058536585366
0.3558823529411764 0.8195121951219513
0.27744999999999986 0.7284536585365853
0.23039117647058815 0.6536585365853659
0.15980294117647054 0.5528439024390243
0.08333235294117636 0.4715463414634148
0.02843235294117652 0.3674780487804876
0.01274411764705874 0.23414634146341462
0.038235294117647034 0.12357560975609738
0.09902058823529425 0.022765853658536783
0.5990205882352941 0.3414634146341463
0.6852941176470588 0.35121951219512193
0.7852941176470588 0.38374146341463433
0.8558823529411765 0.4747951219512193
0.8911764705882352 0.5658536585365854
0.8794117647058823 0.6796731707317072
0.8382352941176471 0.7902439024390244
0.7480382352941175 0.848780487804878
0.6578441176470589 0.842278048780488
0.5735294117647058 0.8455268292682925
0.5009794117647057 0.8325219512195123
0.446079411764706 0.7934975609756099
0.3970588235294118 0.7447170731707319
0.3696088235294118 0.715448780487805
0.3382352941176471 0.624390243902439
0.5421558823529411 0.1821121951219511
0.4421558823529411 0.18536585365853664
0.37941176470588234 0.17886341463414646
0.34019705882352946 0.11057073170731724
0.2970588235294118 0.10731707317073169
0.30294117647058827 0.1918682926829267
0.3970588235294118 0.3382097560975609
0.4107852941176472 0.41951219512195126
0.41470588235294115 0.5365853658536586
0.43823529411764706 0.617887804878049
0.4931382352941177 0.6699170731707316
0.5519617647058824 0.660160975609756
0.6049029411764707 0.5886195121951221
0.6480382352941176 0.5138195121951218
0.6872558823529413 0.37723414634146324
0.4931382352941177 0.8065024390243901
0.5696088235294119 0.8130097560975611
0.6774499999999999 0.7902439024390244
0.746079411764706 0.751219512195122
0.8205882352941176 0.7121951219512195
}
