version: 2
n_points: 55
{
0.5150754189944136 0.15338483965014607
0.6225111731843577 0.07040816326530638
0.7320949720670392 0.016583090379009045
0.8825027932960895 0.045737609329446365
0.9577067039106146 0.1444139941690965
0.983491620111732 0.272244897959184
0.9620027932960895 0.38886297376093326
0.9211787709497208 0.48305539358600613
0.8610167597765364 0.5615481049562685
0.7879608938547487 0.6512536443148691
0.7363910614525141 0.7476880466472307
0.6547402234636872 0.832909620991254
0.5687932960893856 0.8957026239067059
0.4871424581005588 0.9360728862973764
0.38185754189944143 0.9652274052478137
0.30020670391061466 0.9831661807580179
0.24004469273743023 0.98765306122449
0.15409776536312858 0.9854110787172015
0.08748882681564252 0.9786822157434405
0.012282122905028059 0.98765306122449
0.43557541899441354 0.42250437317784284
0.48499441340782135 0.30364431486880494
0.5537541899441342 0.2004810495626825
0.6719301675977655 0.15114285714285744
0.8051508379888269 0.16235568513119564
0.8953938547486034 0.21618075801749298
0.9168826815642459 0.32606997084548134
0.8825027932960895 0.43371720116618107
0.7944050279329611 0.5301516034985425
0.7664720670391063 0.6534985422740528
0.7127569832402236 0.7185335276967934
0.6418491620111733 0.7746005830903793
0.590282122905028 0.8239387755102043
0.5365642458100559 0.8508513119533531
0.4828463687150839 0.8867346938775513
0.3216955307262571 0.4135335276967933
0.31310055865921793 0.4785714285714288
0.30880167597765373 0.5548192419825076
0.25078770949720686 0.6310699708454813
0.23144972067039116 0.6848950437317787
0.31310055865921793 0.6961078717201169
0.43127653631284935 0.6490116618075805
0.5236703910614526 0.6714373177842569
0.6117681564245812 0.6781661807580178
0.6955670391061454 0.6579825072886301
0.7320949720670392 0.5862186588921285
0.7106061452513968 0.465113702623907
0.648296089385475 0.440446064139942
0.5687932960893856 0.39334985422740554
0.5064832402234638 0.34401166180758047
0.7944050279329611 0.5077259475218662
0.8008519553072627 0.43371720116618107
0.813745810055866 0.36195335276967955
0.8352318435754191 0.3081282798833822
0.8567178770949722 0.24757725947521894
}
