version: 2
n_points: 55
{
0.9173826086956524 0.6155384615384616
0.9476260869565215 0.4956987179487176
0.9684217391304346 0.34798076923076904
0.9740913043478263 0.2532179487179484
0.9079304347826085 0.17239743589743592
0.8247521739130435 0.10829487179487184
0.7245652173913042 0.04140384615384581
0.6243739130434782 0.03304487179487162
0.5298565217391302 0.06369871794871802
0.45046086956521736 0.11108333333333302
0.35405217391304356 0.17518589743589713
0.2859999999999999 0.21977564102564082
0.21416521739130456 0.28945512820512803
0.1517869565217389 0.37585256410256435
0.09507391304347812 0.4956987179487176
0.05159565217391293 0.6350512820512819
0.030804347826087097 0.7576794871794871
0.01946086956521742 0.877525641025641
0.044034782608695866 0.9471987179487181
0.08940434782608686 0.9694999999999998
0.6149217391304349 0.6322628205128208
0.681086956521739 0.5960320512820513
0.7585913043478261 0.5625833333333335
0.8077391304347825 0.47618589743589723
0.8455478260869566 0.39814743589743584
0.8644521739130433 0.32289743589743564
0.8474391304347824 0.23650000000000004
0.7982869565217391 0.20862820512820543
0.7245652173913042 0.18354487179487203
0.6602913043478259 0.15846153846153863
0.5695565217391306 0.1500961538461536
0.49393913043478255 0.169608974358974
0.39753043478260874 0.21141666666666664
0.32191739130434804 0.28108974358974376
0.25008260869565224 0.37027564102564126
0.5090652173913045 0.7576794871794871
0.4277782608695653 0.7688269230769231
0.3427130434782607 0.7939102564102566
0.3049043478260871 0.8580128205128207
0.25008260869565224 0.8691602564102567
0.23496086956521767 0.7298076923076925
0.2992347826086954 0.6517692307692311
0.30112173913043494 0.5012692307692307
0.33893043478260854 0.40372435897435893
0.3861913043478259 0.33125641025641056
0.4599130434782608 0.33962179487179484
0.5449782608695654 0.35912820512820515
0.6054695652173915 0.3925769230769228
0.6451695652173913 0.45110256410256383
0.6697434782608698 0.5625833333333335
0.4523521739130437 0.23092307692307693
0.5449782608695654 0.2337115384615381
0.6262652173913046 0.22535256410256393
0.7264565217391306 0.21698717948717963
0.7982869565217391 0.28945512820512803
}
