version: 2
n_points: 55
{
0.8120945273631841 0.47601764705882355
0.8848059701492538 0.6343882352941177
0.9700696517412934 0.7708705882352942
0.9743980099502487 0.8834
0.9159900497512437 0.9550117647058823
0.8294676616915424 0.9678
0.7213134328358208 0.9422235294117647
0.6369502487562189 0.9140941176470588
0.5569203980099502 0.8859588235294118
0.4768855721393034 0.8373647058823529
0.38819402985074625 0.7836588235294117
0.29734825870646764 0.7171647058823529
0.20649751243781078 0.640435294117647
0.10699502487562174 0.5432470588235294
0.050751243781094635 0.4511764705882353
0.029124378109452675 0.32585882352941176
0.020467661691542127 0.20821176470588232
0.06589552238805974 0.09823529411764698
0.17491542288557227 0.029182352941176548
0.3009502487562188 0.025258823529411778
0.5283880597014926 0.4045352941176471
0.5994577114427859 0.4745588235294117
0.6752686567164179 0.5305823529411764
0.7605572139303484 0.567
0.8055721393034827 0.6790411764705881
0.8340000000000001 0.7770823529411764
0.8553233830845772 0.8919294117647059
0.7866169154228857 0.8975294117647059
0.7084378109452737 0.8695176470588235
0.634995024875622 0.8443117647058824
0.5568159203980101 0.8275
0.48100497512437823 0.8134941176470588
0.402820895522388 0.7854882352941177
0.3056915422885573 0.7126588235294118
0.2772587064676616 0.6174176470588235
0.49285074626865666 0.35411176470588235
0.3980845771144278 0.3513117647058823
0.3293830845771145 0.3373058823529411
0.28910447761194036 0.30089411764705876
0.21566169154228865 0.27007647058823536
0.2535671641791044 0.34010588235294115
0.3388557213930349 0.407335294117647
0.3459651741293531 0.5081764705882352
0.34122388059701503 0.6202176470588235
0.3815024875621892 0.6650352941176471
0.4786368159203981 0.6650352941176471
0.5331243781094528 0.6482294117647058
0.5805074626865672 0.6230176470588236
0.6089353233830846 0.5726
0.6397313432835822 0.5249823529411765
0.5686616915422885 0.8106941176470588
0.6278905472636817 0.8106941176470588
0.6847462686567165 0.8050941176470588
0.7392338308457712 0.7966882352941176
0.8008308457711442 0.7994882352941176
}
