version: 2
n_points: 55
{
0.16718279569892475 0.5660714285714283
0.10266666666666668 0.5053571428571431
0.051053763440860114 0.38749999999999973
0.031698924731182875 0.24821428571428583
0.06825806451612917 0.13035714285714284
0.14782795698924722 0.07321428571428557
0.23815053763440855 0.048214285714285765
0.32202150537634416 0.0625
0.4101935483870967 0.11249999999999993
0.4768602150537636 0.17678571428571432
0.5585806451612904 0.20892857142857124
0.6381505376344088 0.25178571428571417
0.7091182795698926 0.30892857142857166
0.7714838709677418 0.37321428571428583
0.8424516129032259 0.46607142857142847
0.8983655913978494 0.5589285714285717
0.9478279569892476 0.6589285714285715
0.9779354838709675 0.7874999999999999
0.954279569892473 0.8946428571428571
0.900516129032258 0.9625000000000001
0.4381505376344085 0.6910714285714283
0.3757849462365592 0.6410714285714286
0.2833118279569894 0.5732142857142856
0.21234408602150529 0.4803571428571429
0.149978494623656 0.3660714285714286
0.149978494623656 0.23035714285714293
0.1865376344086023 0.1339285714285714
0.2833118279569894 0.13750000000000007
0.38008602150537646 0.1696428571428572
0.436 0.17678571428571432
0.505231182795699 0.1941964285714286
0.5709462365591399 0.2363571428571427
0.6067849462365593 0.2760446428571426
0.6276935483870967 0.31572321428571426
0.6739892473118281 0.3802053571428574
0.4604301075268816 0.7621517857142857
0.5365967741935485 0.7571964285714284
0.6023064516129032 0.739830357142857
0.6545752688172042 0.8067946428571428
0.7173010752688173 0.8241607142857141
0.6919139784946238 0.7299107142857143
0.6112688172043013 0.643107142857143
0.615747311827957 0.5290178571428571
0.6067849462365593 0.42237499999999983
0.5575053763440861 0.33308928571428553
0.4843279569892472 0.3058035714285714
0.4230967741935485 0.3058035714285714
0.37381182795698925 0.3653303571428569
0.3469301075268817 0.4595714285714284
0.3200483870967742 0.5538214285714288
0.41114516129032264 0.18675892857142862
0.35439784946236563 0.20659821428571434
0.2871935483870968 0.22395535714285741
0.22596236559139782 0.24627678571428602
0.17518817204301065 0.2586785714285713
}
