version: 2
n_points: 55
{
0.8215726141078838 0.82595
0.8811078838174273 0.73465
0.9388381742738588 0.59551
0.9767261410788383 0.4085599999999999
0.9640954356846472 0.26943
0.9262116182572614 0.19551000000000002
0.8630663900414939 0.11290999999999997
0.7764730290456432 0.06507999999999996
0.6880746887966807 0.052039999999999934
0.5870456431535267 0.08682000000000002
0.48962240663900425 0.1303
0.38859751037344414 0.17811999999999997
0.2983900414937761 0.2303
0.20638589211618275 0.3042100000000001
0.1540663900414938 0.38247
0.09633609958506217 0.49986
0.058448132780083095 0.55204
0.024174273858921236 0.6737799999999998
0.020564315352697204 0.8172499999999999
0.027510373443983438 0.9591
0.6104979253112033 0.8175999999999999
0.691825726141079 0.7216
0.7532365145228215 0.7056
0.8030290456431535 0.6416
0.8412033195020747 0.5695999999999999
0.8793775933609959 0.45760000000000006
0.8876763485477179 0.37760000000000005
0.8777178423236514 0.24959999999999993
0.8196265560165974 0.1936
0.7183817427385892 0.1736
0.6320746887966806 0.17760000000000006
0.5607053941908713 0.22159999999999996
0.4926556016597511 0.2336
0.42626556016597517 0.2336
0.3217012448132779 0.38159999999999994
0.583941908713693 0.8496000000000001
0.530829875518672 0.7056
0.44618257261410776 0.6456000000000001
0.3681742738589212 0.7256
0.32834024896265557 0.7415999999999999
0.37979253112033184 0.6856
0.39804979253112016 0.6095999999999999
0.4063485477178421 0.48560000000000003
0.4594605809128631 0.38959999999999995
0.5042738589211617 0.3736
0.5723236514522819 0.40159999999999996
0.6304149377593359 0.42560000000000003
0.6569709543568467 0.5015999999999999
0.6602904564315353 0.6296
0.6735684647302906 0.7216
0.5490871369294608 0.24959999999999993
0.6187966804979252 0.26159999999999994
0.6885062240663898 0.31760000000000005
0.7565560165975103 0.3736
0.8378838174273859 0.4536
}
