version: 2
n_points: 55
{
0.9067164179104478 0.5012626262626263
0.9402985074626866 0.6123737373737373
0.9626865671641791 0.6982323232323233
0.9552238805970149 0.8244949494949495
0.8955223880597015 0.9103535353535354
0.8059701492537313 0.9457070707070707
0.6791044776119404 0.9154040404040404
0.5932835820895522 0.8699494949494949
0.5223880597014925 0.7891414141414141
0.4402985074626866 0.7487373737373737
0.3656716417910447 0.7133838383838385
0.2798507462686567 0.6527777777777778
0.20895522388059706 0.6123737373737373
0.14179104477611937 0.5416666666666667
0.10074626865671643 0.46590909090909094
0.06716417910447758 0.3699494949494949
0.03731343283582089 0.24368686868686873
0.04850746268656714 0.15782828282828287
0.10074626865671643 0.08712121212121215
0.15298507462686572 0.04671717171717171
0.6194029850746269 0.3295454545454546
0.6791044776119404 0.4204545454545454
0.7723880597014925 0.5164141414141414
0.8246268656716418 0.6477272727272727
0.8544776119402985 0.7436868686868687
0.8208955223880597 0.8598484848484849
0.7238805970149254 0.8598484848484849
0.6417910447761195 0.8143939393939394
0.5671641791044777 0.7689393939393939
0.5074626865671642 0.7032828282828283
0.4402985074626866 0.672979797979798
0.3955223880597015 0.6224747474747474
0.35074626865671643 0.5568181818181819
0.3022388059701493 0.4962121212121212
0.2723880597014925 0.4558080808080808
0.5783582089552239 0.30934343434343436
0.5074626865671642 0.28914141414141414
0.45149253731343286 0.2992424242424242
0.4104477611940298 0.2234848484848485
0.3544776119402985 0.21338383838383834
0.35074626865671643 0.30934343434343436
0.3731343283582089 0.3952020202020202
0.3694029850746269 0.476010101010101
0.4068955223880597 0.5173131313131313
0.4488731343283582 0.5551919191919192
0.49551492537313435 0.5835959595959597
0.5328283582089552 0.5930707070707071
0.5818059701492537 0.574131313131313
0.6237835820895521 0.5394040404040406
0.6540970149253731 0.4604949494949495
0.5118432835820894 0.6814545454545454
0.5981268656716419 0.6972323232323233
0.6890820895522387 0.6972323232323233
0.7427164179104477 0.7193333333333334
0.8080149253731344 0.7445858585858586
}
