version: 2
n_points: 55
{
0.9672619047619048 0.7168466257668712
0.9807113095238096 0.5783680981595092
0.9825714285714285 0.448
0.9788511904761905 0.33296932515337424
0.9323482142857143 0.21026993865030674
0.8709642857142857 0.1412515337423313
0.7965595238095238 0.08757055214723927
0.7165744047619047 0.04155828220858896
0.64775 0.033889570552147245
0.5752053571428571 0.09140490797546012
0.5026607142857142 0.17576073619631902
0.43011607142857144 0.23711042944785277
0.35757142857142854 0.2984601226993865
0.2757261904761905 0.3904846625766871
0.18086011904761912 0.47100613496932514
0.09901488095238098 0.5323558282208589
0.024610119047619117 0.6473865030674847
0.013449404761904815 0.7854233128834356
0.04693154761904761 0.9157914110429448
0.10087500000000005 0.9733067484662576
0.6272886904761905 0.8429386503067485
0.7072738095238096 0.7815889570552147
0.7723779761904762 0.7279079754601228
0.8486428571428571 0.6550552147239264
0.8895654761904762 0.5400245398773006
0.8951458333333333 0.37898159509202456
0.8281815476190476 0.2639509202453988
0.7556369047619048 0.17959509202453988
0.6793720238095238 0.14892024539877302
0.5882261904761905 0.1872638036809816
0.5063809523809524 0.3022944785276074
0.4226755952380953 0.367478527607362
0.35199107142857144 0.421159509202454
0.28502678571428575 0.5170184049079755
0.2589851190476191 0.5898711656441717
0.5845059523809524 0.8429386503067485
0.5454434523809524 0.8237668711656442
0.49708035714285714 0.8237668711656442
0.4673184523809524 0.8889509202453988
0.4152351190476191 0.9234601226993865
0.3668720238095238 0.9157914110429448
0.35757142857142854 0.8276012269938651
0.3761726190476191 0.747079754601227
0.3650119047619048 0.6243803680981596
0.3929136904761905 0.5515276073619632
0.4542976190476191 0.49784662576687116
0.5175416666666667 0.47484049079754603
0.5789255952380953 0.5131840490797546
0.6235684523809524 0.5975398773006135
0.6551904761904762 0.7240736196319019
0.5547440476190476 0.3061288343558282
0.6384494047619047 0.3214662576687117
0.7054136904761905 0.3444723926380368
0.7835386904761905 0.3828159509202454
0.8505029761904762 0.45566871165644174
}
