version: 2
n_points: 55
{
0.8466491228070174 0.8486575342465753
0.9207251461988304 0.7253698630136987
0.9636081871345028 0.5883835616438355
0.9655555555555556 0.3829041095890411
0.9285204678362572 0.23221917808219175
0.8719883040935673 0.12263013698630135
0.7920701754385966 0.0998082191780822
0.7023976608187135 0.08153424657534245
0.6107836257309942 0.07697260273972602
0.5172163742690059 0.0724109589041096
0.452888888888889 0.0724109589041096
0.38466081871345026 0.09523287671232875
0.32033333333333325 0.11806849315068493
0.25210526315789483 0.19112328767123285
0.18973099415204686 0.287013698630137
0.13319883040935665 0.3783424657534247
0.06692397660818727 0.4742328767123288
0.024035087719298298 0.5975205479452055
0.037684210526315876 0.7573424657534247
0.0571754385964911 0.8532328767123288
0.5834912280701754 0.9217260273972603
0.6731578947368422 0.8806301369863014
0.7628304093567253 0.7756027397260274
0.8349532163742689 0.6842739726027397
0.8895321637426902 0.5701232876712329
0.9207251461988304 0.4057397260273973
0.9051286549707601 0.2596164383561644
0.8485964912280702 0.17742465753424655
0.770625730994152 0.16372602739726025
0.6965497076023393 0.15916438356164384
0.6010350877192981 0.16372602739726025
0.5347602339181288 0.13632876712328765
0.43534502923976615 0.14546575342465753
0.3612690058479532 0.22309589041095892
0.300842105263158 0.37378082191780826
0.49382456140350883 0.9354246575342466
0.42169590643274857 0.8395342465753425
0.34762573099415217 0.7664657534246575
0.2969415204678362 0.7801643835616439
0.250157894736842 0.7436438356164383
0.2949941520467837 0.6386164383561643
0.3749122807017544 0.5335890410958903
0.37101754385964925 0.3829041095890411
0.41584795321637436 0.28245205479452057
0.49382456140350883 0.2504931506849315
0.5561988304093568 0.287013698630137
0.5990877192982458 0.36008219178082196
0.6107836257309942 0.4468356164383562
0.6224795321637429 0.5838219178082191
0.6244269005847952 0.7756027397260274
0.6302748538011695 0.20482191780821915
0.6809590643274854 0.2596164383561644
0.7316374269005849 0.34638356164383566
0.756982456140351 0.4468356164383562
0.8057134502923976 0.48336986301369866
}
