version: 2
n_points: 55
{
0.925927203065134 0.45236756756756746
0.9690306513409961 0.5503405405405405
0.9786091954022987 0.6516918918918918
0.9666360153256703 0.7665567567567567
0.9091647509578543 0.8645297297297296
0.8277471264367815 0.938854054054054
0.7271724137931033 0.9692594594594593
0.6170191570881225 0.9625027027027027
0.5212337164750958 0.9152054054054053
0.4446053639846742 0.840881081081081
0.3775555555555554 0.7665567567567567
0.2889540229885057 0.6820972972972972
0.21472030651341012 0.6010162162162161
0.15006513409961697 0.48952972972972963
0.1021724137931036 0.4219621621621621
0.0470957854406131 0.34425945945945935
0.018360153256705147 0.23615135135135124
0.0159655172413794 0.14493513513513512
0.051885057471264484 0.07061081081081078
0.10696168582375487 0.023313513513513406
0.5787049808429118 0.3949351351351351
0.6960421455938697 0.4084486486486486
0.7774597701149424 0.4422324324324324
0.8516934865900382 0.5030432432432432
0.9043754789272029 0.6111513513513513
0.8708505747126436 0.7530432432432432
0.7750651340996167 0.867908108108108
0.6720957854406129 0.8881783783783783
0.5882835249042144 0.8712864864864864
0.526022988505747 0.813854054054054
0.4637624521072796 0.7564216216216215
0.4086858237547891 0.7023675675675676
0.36079310344827575 0.6449351351351351
0.31050574712643664 0.5841243243243243
0.2626130268199235 0.5097999999999999
0.5739157088122604 0.23277297297297295
0.504471264367816 0.23277297297297295
0.4326321839080459 0.22601621621621615
0.3823448275862068 0.1516918918918918
0.31768965517241365 0.13817837837837832
0.32247892720306504 0.21250270270270266
0.37276628352490415 0.32736756756756746
0.36558237547892714 0.45912432432432426
0.37995019157088117 0.5503405405405405
0.43981609195402294 0.6280432432432432
0.504471264367816 0.6685837837837838
0.5739157088122604 0.6483135135135134
0.6218084291187738 0.5706108108108108
0.6457547892720306 0.5097999999999999
0.6888582375478927 0.45236756756756746
0.5140498084291187 0.7766918918918918
0.5930727969348658 0.813854054054054
0.6649118773946359 0.8070972972972972
0.7487241379310343 0.7902054054054053
0.8349310344827585 0.7327729729729728
}
