version: 2
n_points: 55
{
0.813309941520468 0.40184615384615396
0.8818713450292398 0.4902649572649572
0.9423684210526315 0.5845726495726494
0.9665672514619884 0.7260427350427351
0.9423684210526315 0.8468803418803417
0.8697719298245614 0.9235042735042736
0.7810467836257311 0.9559230769230771
0.6923157894736843 0.9529829059829061
0.5955263157894736 0.950034188034188
0.5067953216374268 0.9382393162393162
0.4261345029239768 0.902871794871795
0.3434561403508771 0.8616153846153849
0.2587660818713452 0.7879316239316239
0.19826900584795315 0.7201452991452992
0.129707602339181 0.6052051282051285
0.08332748538011714 0.48436752136752126
0.04904093567251444 0.3929999999999999
0.024847953216374452 0.28100854700854694
0.024847953216374452 0.14838461538461534
0.045011695906432725 0.042282051282051314
0.5350292397660819 0.4077350427350426
0.6237543859649122 0.4519487179487178
0.7225672514619885 0.4902649572649572
0.8092748538011697 0.5580512820512818
0.8617076023391812 0.6317264957264955
0.8596900584795322 0.7348803418803418
0.8213742690058479 0.8115128205128206
0.752812865497076 0.8409829059829058
0.6822339181286549 0.843931623931624
0.6136725146198829 0.8498290598290599
0.5309941520467837 0.8527692307692307
0.4463040935672513 0.8321452991452991
0.36563742690058476 0.7908803418803421
0.3071578947368421 0.7230940170940169
0.28094736842105283 0.6494102564102564
0.5209122807017545 0.348794871794872
0.42815204678362606 0.3252136752136753
0.3757251461988306 0.2957435897435895
0.3535380116959067 0.23090598290598308
0.28497660818713444 0.22205982905982902
0.295058479532164 0.3193247863247862
0.3353918128654969 0.37531623931623914
0.33135672514619907 0.48731623931623946
0.32934502923976594 0.5816239316239318
0.3696725146198834 0.6788888888888889
0.45033333333333303 0.7348803418803418
0.5592280701754385 0.717196581196581
0.5832222222222222 0.6319743589743587
0.6066140350877193 0.5408034188034188
0.6319590643274854 0.4838290598290599
0.5631520467836256 0.8273589743589742
0.6342748538011697 0.8042649572649572
0.7022397660818716 0.7857863247863248
0.7701988304093568 0.7580598290598289
0.8207777777777778 0.7349658119658118
}
