version: 2
n_points: 55
{
0.7469230769230771 0.11959663865546241
0.5980307692307695 0.09520168067226897
0.4590769230769227 0.0545378151260505
0.2754461538461538 0.043697478991596546
0.14146153846153836 0.10875630252100846
0.0868615384615387 0.1954957983193278
0.0819076923076925 0.28224369747899153
0.09679999999999958 0.35000840336134464
0.12656923076923038 0.43133613445378155
0.17123076923076916 0.4855462184873947
0.2059692307692304 0.5397647058823531
0.2754461538461538 0.5994033613445379
0.33004615384615343 0.6617478991596638
0.3796769230769227 0.7403613445378152
0.4392307692307694 0.8108403361344538
0.4938153846153848 0.8704789915966386
0.5881076923076919 0.9355378151260505
0.7171384615384612 0.9653529411764706
0.8461692307692305 0.9382436974789917
0.9355076923076922 0.8731848739495798
0.6625538461538457 0.35542857142857137
0.6079538461538461 0.27410924369747924
0.5632923076923073 0.19007563025210109
0.4640307692307689 0.14128571428571418
0.3449384615384614 0.12231092436974796
0.21093846153846174 0.16838655462184884
0.17123076923076916 0.24429411764705905
0.2010153846153842 0.32019327731092445
0.24070769230769254 0.3744117647058824
0.2555999999999996 0.4503109243697478
0.28041538461538423 0.5289243697478992
0.2953076923076922 0.5858487394957984
0.33996923076923097 0.6481932773109242
0.4640307692307689 0.7159663865546217
0.543446153846154 0.7945798319327732
0.6873692307692304 0.4259159663865548
0.6774307692307695 0.48826050420168077
0.7270615384615386 0.5506050420168066
0.8213538461538458 0.6292184873949581
0.8625692307692309 0.6721260504201682
0.7387384615384611 0.6290840336134453
0.667446153846154 0.6106386554621849
0.5248615384615383 0.602436974789916
0.4460615384615389 0.5696470588235295
0.41604615384615395 0.5327478991596638
0.40853846153846163 0.5040588235294118
0.4348 0.46511764705882347
0.4835846153846153 0.4302689075630252
0.5661384615384613 0.4097731092436973
0.6299230769230768 0.40567226890756286
0.29596923076923076 0.4774117647058825
0.28846153846153844 0.4077226890756303
0.28846153846153844 0.3134453781512606
0.27719999999999956 0.24375630252100844
0.28846153846153844 0.16587394957983173
}
