version: 2
n_points: 55
{
0.8315365168539327 0.6153662790697676
0.9026966292134831 0.49133720930232555
0.96636797752809 0.32854651162790693
0.9832219101123597 0.20451162790697666
0.958876404494382 0.10373837209302336
0.913932584269663 0.05722674418604661
0.8259185393258428 0.03009302325581388
0.745393258426966 0.03784883720930227
0.6517612359550563 0.0688546511627908
0.5749803370786517 0.1502500000000001
0.5131825842696629 0.1773837209302325
0.4476404494382019 0.19676162790697685
0.355879213483146 0.23552325581395345
0.2528848314606743 0.2897848837209303
0.1480140449438202 0.4060639534883722
0.0918342696629213 0.5107151162790698
0.04876404494381992 0.6076162790697673
0.0188005617977528 0.727767441860465
0.0131825842696629 0.8673023255813953
0.0188005617977528 0.9719534883720929
0.5693623595505617 0.7006395348837209
0.6835955056179772 0.580482558139535
0.7678651685393256 0.47195348837209294
0.8240449438202244 0.3556744186046511
0.8746067415730338 0.22389534883720924
0.8540084269662922 0.13087209302325575
0.7828455056179775 0.11924418604651157
0.7079410112359552 0.13474418604651156
0.6480140449438202 0.16962790697674412
0.5824719101123592 0.20838953488372103
0.5319101123595502 0.20838953488372103
0.4776039325842698 0.21226744186046506
0.4176769662921348 0.2587790697674418
0.355879213483146 0.3052906976744186
0.3034466292134833 0.4060639534883722
0.5140646067415733 0.6846802325581395
0.48432303370786545 0.6402209302325581
0.4033567415730338 0.6573197674418606
0.34222191011235925 0.7291395348837209
0.25960393258426995 0.7941162790697676
0.2794325842696631 0.7462383720930233
0.33726404494382034 0.7086162790697674
0.3504831460674156 0.5889186046511626
0.39840168539325815 0.45895930232558124
0.4661460674157306 0.36320348837209304
0.5157162921348315 0.3392616279069768
0.5669410112359548 0.37004069767441855
0.5950308988764041 0.4418604651162791
0.6165112359550564 0.5307790697674417
0.6363370786516855 0.5991802325581397
0.6032921348314605 0.21956395348837202
0.6611235955056177 0.2469244186046512
0.7189550561797755 0.26060465116279075
0.7685252808988765 0.27770348837209297
0.8214016853932586 0.29480232558139546
}
