version: 2
n_points: 55
{
0.8 0.11392405063291144
0.8787878787878788 0.26582278481012656
0.9393939393939394 0.430379746835443
0.9696969696969697 0.6075949367088608
0.9151515151515152 0.7848101265822784
0.8484848484848485 0.8607594936708861
0.793939393939394 0.9113924050632911
0.7151515151515151 0.9367088607594937
0.6303030303030304 0.9240506329113924
0.5515151515151515 0.8860759493670887
0.4606060606060606 0.8481012658227848
0.38181818181818183 0.8227848101265822
0.3151515151515152 0.7721518987341772
0.24848484848484853 0.7088607594936709
0.16969696969696968 0.6582278481012658
0.10303030303030303 0.5569620253164558
0.048484848484848464 0.44303797468354433
0.030303030303030276 0.25316455696202533
0.07272727272727275 0.12658227848101267
0.12121212121212122 0.06329113924050633
0.5454545454545454 0.20253164556962022
0.6424242424242423 0.25316455696202533
0.7393939393939394 0.31645569620253167
0.8121212121212121 0.430379746835443
0.8545454545454545 0.5822784810126582
0.8666666666666667 0.7341772151898734
0.793939393939394 0.8227848101265822
0.7151515151515151 0.8607594936708861
0.6242424242424243 0.8481012658227848
0.5575757575757576 0.810126582278481
0.49090909090909096 0.7721518987341772
0.4181818181818182 0.759493670886076
0.38181818181818183 0.7088607594936709
0.33939393939393936 0.6455696202531646
0.2909090909090909 0.5949367088607596
0.5393939393939393 0.08860759493670889
0.49696969696969695 0.1392405063291139
0.4363636363636364 0.17721518987341767
0.37575757575757573 0.21518987341772156
0.32121212121212117 0.1392405063291139
0.2848484848484848 0.15189873417721522
0.33333333333333337 0.25316455696202533
0.35757575757575755 0.379746835443038
0.38181818181818183 0.5316455696202531
0.4484848484848485 0.5949367088607596
0.5212121212121212 0.5949367088607596
0.5818181818181818 0.5443037974683544
0.6181818181818182 0.45569620253164556
0.6303030303030304 0.3417721518987342
0.6303030303030304 0.2784810126582279
0.509090909090909 0.7341772151898734
0.6121212121212121 0.7468354430379747
0.6909090909090909 0.7215189873417722
0.7575757575757576 0.6329113924050633
0.8121212121212121 0.5949367088607596
}
