version: 2
n_points: 55
{
0.15799999999999986 0.19364324324324333
0.08805487804878033 0.39077837837837825
0.036048780487804744 0.5783783783783784
0.018112804878048876 0.7596162162162162
0.07908841463414644 0.9122432432432431
0.16875914634146327 0.9726540540540539
0.2673963414634147 0.9599351351351353
0.35168597560975595 0.9599351351351353
0.4521158536585365 0.9599351351351353
0.5615121951219514 0.9090594594594594
0.6583567073170733 0.8232108108108107
0.7175396341463414 0.7564378378378377
0.7821006097560975 0.676945945945946
0.8484573170731706 0.6165351351351352
0.8968780487804879 0.5529405405405404
0.9453018292682925 0.476627027027027
0.9865487804878048 0.37170270270270267
0.9847560975609756 0.23179459459459462
0.9578536585365856 0.12050810810810797
0.8771524390243903 0.02511891891891882
0.4341829268292684 0.266772972972973
0.36961890243902445 0.2858486486486487
0.28353658536585363 0.3526216216216217
0.21897560975609742 0.4384756756756757
0.15979268292682938 0.5434
0.12751219512195108 0.6324324324324324
0.11495731707317078 0.7627999999999999
0.1382713414634145 0.8772648648648648
0.22614634146341478 0.883627027027027
0.2978841463414635 0.8613675675675676
0.40907317073170746 0.8550054054054054
0.49515853658536596 0.8263891891891892
0.5722743902439025 0.7818756756756756
0.6440091463414634 0.7214648648648649
0.7049847560975611 0.5879189189189189
0.414454268292683 0.17138378378378383
0.4718445121951219 0.2508756756756756
0.5740670731707317 0.2763135135135135
0.6458048780487804 0.187281081081081
0.7085731707317074 0.1682054054054054
0.7031920731707318 0.2858486486486487
0.6601493902439024 0.3526216216216217
0.6350426829268292 0.47027027027027024
0.6314573170731709 0.5688378378378379
0.5866219512195123 0.6515081081081081
0.5184725609756097 0.6451513513513514
0.4592896341463416 0.5720216216216216
0.40728048780487797 0.49888648648648637
0.3606524390243902 0.4607297297297298
0.32837195121951224 0.33990270270270273
0.3595579268292681 0.8452054054054055
0.29858231707317057 0.8151729729729731
0.2426859756097561 0.8091675675675677
0.20711890243902423 0.8061675675675677
0.16477439024390259 0.8091675675675677
}
