version: 2
n_points: 55
{
0.12136860068259378 0.7394046242774568
0.0616416382252559 0.5611734104046241
0.018979522184300268 0.4214855491329481
0.02111262798634805 0.323335260115607
0.0381774744027303 0.225791907514451
0.08937201365187707 0.13547398843930636
0.15976450511945386 0.059606936416185086
0.26855290102389073 0.030705202312138802
0.3624095563139933 0.03431791907514459
0.4541331058020479 0.0776705202312139
0.5202593856655291 0.1282485549132949
0.609849829351536 0.15715028901734107
0.6930409556313994 0.18966473988439314
0.7804982935153585 0.2438554913294798
0.8743549488054608 0.3450115606936417
0.9362150170648466 0.47506936416184975
0.970344709897611 0.6376416184971099
0.9831433447098977 0.7857630057803469
0.9447474402730377 0.9085953757225435
0.8594232081911264 0.9736242774566475
0.4349351535836179 0.767699421965318
0.3474778156996588 0.6990578034682081
0.22589078498293508 0.6159653179190752
0.17469624573378834 0.5437109826589596
0.12136860068259378 0.42810404624277465
0.11070307167235488 0.3124971098265896
0.13203412969283268 0.21134104046242785
0.19176109215017056 0.14631213872832372
0.2706860068259385 0.09573410404624283
0.37734129692832774 0.11741040462427754
0.46266552901023905 0.17882658959537578
0.5565221843003414 0.22940462427745678
0.6397133105802049 0.27998265895953767
0.7037064846416383 0.3666878612716764
0.7783651877133106 0.42810404624277465
0.4349351535836179 0.8291156069364163
0.511726962457338 0.8074393063583816
0.5629215017064848 0.80021387283237
0.609849829351536 0.8760809248554914
0.6653105802047783 0.8724682080924856
0.6951740614334472 0.7604739884393065
0.6546450511945394 0.619578034682081
0.6546450511945394 0.5003583815028902
0.590651877133106 0.4642312138728324
0.5394573378839592 0.4425549132947977
0.5138600682593858 0.5111965317919076
0.46479863481228684 0.5617745664739885
0.4072047781569967 0.5906763005780348
0.3645426621160411 0.6159653179190752
0.35387713310580216 0.6737687861271677
0.4754641638225257 0.225791907514451
0.40507167235494895 0.2474682080924856
0.33041296928327657 0.2727572254335261
0.26428668941979516 0.30527167630057805
0.18109556313993166 0.30888439306358384
}
