version: 2
n_points: 55
{
0.6569910714285717 0.14437790697674435
0.4858660714285712 0.07655232558139519
0.36309821428571404 0.0377906976744186
0.21800892857142834 0.030523255813953487
0.11011607142857167 0.0789709302325583
0.046875 0.1710290697674417
0.050598214285714045 0.2558139534883721
0.06547321428571452 0.3405988372093025
0.06919642857142858 0.41327325581395363
0.06919642857142858 0.500482558139535
0.09151785714285714 0.5901162790697675
0.125 0.6627906976744186
0.18824107142857166 0.7354651162790697
0.2924107142857143 0.812982558139535
0.41517857142857145 0.8590116279069767
0.5230625000000002 0.8953488372093024
0.6346696428571431 0.9219941860465117
0.7351160714285717 0.9437965116279071
0.8504464285714286 0.9534883720930233
0.9620535714285714 0.9752906976744186
0.6535357142857146 0.43715116279069766
0.6631071428571426 0.3457906976744186
0.5738214285714284 0.24612209302325597
0.5100446428571429 0.1817558139534884
0.40481249999999996 0.16514534883720913
0.2900178571428574 0.14437790697674435
0.18159821428571427 0.1506104651162789
0.11463392857142855 0.19629069767441862
0.10825892857142858 0.27519186046511646
0.11144642857142882 0.36240116279069784
0.11144642857142882 0.435075581395349
0.12420535714285716 0.5119069767441861
0.14652678571428573 0.5866569767441859
0.18478571428571453 0.6572558139534884
0.2581339285714286 0.7050116279069768
0.7332589285714286 0.4766046511627907
0.7141250000000002 0.5555116279069767
0.7364464285714288 0.6198779069767444
0.7779017857142857 0.6385639534883722
0.7555803571428571 0.6904767441860465
0.6694821428571431 0.6925523255813956
0.5419285714285716 0.6551744186046512
0.43670535714285713 0.6385639534883722
0.33466071428571453 0.6302616279069766
0.2613214285714283 0.5949593023255816
0.2485625 0.5015232558139535
0.2740714285714288 0.433
0.3569821428571431 0.39770348837209285
0.4462678571428574 0.3582500000000002
0.5706339285714286 0.3520232558139535
0.14014285714285737 0.4143139534883721
0.14971428571428547 0.3582500000000002
0.19754464285714285 0.2938837209302326
0.23899999999999974 0.2419709302325583
0.28045535714285713 0.19629069767441862
}
