version: 2
n_points: 55
{
0.34172727272727277 0.8651714285714287
0.23770909090909087 0.8444285714285716
0.1597818181818181 0.8158571428571431
0.10783636363636359 0.7505714285714289
0.10003636363636369 0.607714285714286
0.1597818181818181 0.4811714285714288
0.2403090909090909 0.4117714285714287
0.3156363636363636 0.3464857142857145
0.3727636363636364 0.30565714285714307
0.43250909090909084 0.24442857142857166
0.4896545454545454 0.21994285714285733
0.5389999999999999 0.1872857142857145
0.6039454545454546 0.16688571428571453
0.6792727272727273 0.16280000000000028
0.7415999999999999 0.17097142857142877
0.7987454545454545 0.1872857142857145
0.8325090909090909 0.2240285714285717
0.8688727272727272 0.2689142857142859
0.9026363636363636 0.31791428571428604
0.9182181818181817 0.38728571428571446
0.4896545454545454 0.6770857142857145
0.4273090909090908 0.7301428571428573
0.36498181818181813 0.7668857142857145
0.30003636363636366 0.7628000000000003
0.2429090909090909 0.7424000000000003
0.19094545454545458 0.6648571428571431
0.16758181818181817 0.5913714285714288
0.20912727272727277 0.5138285714285716
0.2662727272727273 0.46077142857142883
0.33640000000000003 0.40771428571428603
0.3805636363636363 0.3546285714285716
0.453290909090909 0.31791428571428604
0.5078363636363636 0.2566857142857145
0.5727636363636363 0.2566857142857145
0.6429090909090909 0.25260000000000016
0.5494 0.7260571428571431
0.6013454545454545 0.6566857142857145
0.6299090909090909 0.6322000000000003
0.6662727272727272 0.6607714285714289
0.7078363636363636 0.6036285714285717
0.6662727272727272 0.5546285714285716
0.5961454545454545 0.5342285714285716
0.5597818181818182 0.46891428571428584
0.5182181818181817 0.42402857142857164
0.45589090909090907 0.4117714285714287
0.4195272727272727 0.42402857142857164
0.3987454545454545 0.4811714285714288
0.39614545454545447 0.538314285714286
0.4039454545454545 0.607714285714286
0.4169272727272727 0.6730000000000002
0.3286181818181818 0.44851428571428587
0.3052363636363636 0.5015714285714288
0.27667272727272724 0.5709714285714288
0.250690909090909 0.6362857142857146
0.23770909090909087 0.6893428571428574
}
