version: 2
n_points: 55
{
0.17959715639810417 0.8445503875968993
0.08231279620853078 0.7384728682170545
0.0249431279620852 0.5752790697674419
0.042402843601895744 0.3753565891472872
0.08481042654028427 0.2325581395348837
0.1646303317535546 0.13872093023255805
0.2519336492890996 0.06935658914728682
0.3467203791469195 0.044875968992247994
0.42903317535545027 0.05303875968992233
0.5088530805687204 0.06527906976744224
0.5986540284360188 0.11424031007751911
0.6635071090047393 0.1754418604651159
0.7458199052132701 0.25296124031007716
0.8031943127962085 0.322317829457364
0.8480900473933649 0.39983720930232525
0.8855071090047393 0.5181550387596898
0.9378909952606634 0.5915968992248064
0.9802938388625592 0.6854341085271322
0.9802938388625592 0.9179922480620158
0.927909952606635 0.9669534883720927
0.4415071090047394 0.6201550387596899
0.34921327014218023 0.7180775193798445
0.2644028436018957 0.6976744186046512
0.17709952606635068 0.7099147286821702
0.12970616113744074 0.5915968992248064
0.13469668246445493 0.4202403100775195
0.17959715639810417 0.31415503875968964
0.2544265402843603 0.22439534883720935
0.34422748815165877 0.18359689922480593
0.4415071090047394 0.19175968992248038
0.5313033175355452 0.22439534883720935
0.6161137440758294 0.2652015503875971
0.7034170616113744 0.3590387596899227
0.753303317535545 0.48143410852713187
0.8056872037914692 0.5956744186046511
0.5013696682464455 0.8445503875968993
0.578696682464455 0.8445503875968993
0.626090047393365 0.860875968992248
0.6485402843601895 0.9220697674418605
0.7034170616113744 0.9261550387596903
0.7233744075829384 0.8771937984496125
0.6934407582938388 0.8159922480620158
0.6310805687203792 0.7058372093023255
0.626090047393365 0.5711937984496122
0.6235971563981043 0.4487984496124029
0.5712132701421802 0.41207751937984516
0.4889004739336494 0.4079999999999996
0.4340236966824645 0.444713178294574
0.3716635071090047 0.5344728682170543
0.33674407582938387 0.6691162790697677
0.5936635071090046 0.29783720930232604
0.49139336492891006 0.2774341085271317
0.37415639810426543 0.29375968992248047
0.29184360189573466 0.3182403100775193
0.19705687203791472 0.3794341085271318
}
