version: 2
n_points: 55
{
0.052975903614458364 0.19075159235668776
0.19171084337349442 0.1154777070063694
0.34504819277108445 0.055643312101910765
0.5349036144578319 0.032484076433121165
0.6845903614457834 0.0595031847133757
0.8123734939759039 0.1328535031847134
0.8890481927710849 0.2177770700636941
0.9292048192771087 0.28726114649681544
0.9073012048192776 0.39535031847133756
0.8817469879518066 0.4686942675159234
0.8525421686746983 0.5381783439490447
0.8525421686746983 0.6018726114649683
0.8598433734939754 0.6713566878980893
0.8598433734939754 0.7466305732484076
0.8598433734939754 0.8064649681528663
0.8160240963855424 0.891388535031847
0.7211084337349394 0.9531528662420381
0.6006265060240961 0.9724585987261146
0.4436265060240967 0.9705286624203822
0.3340963855421689 0.9357834394904458
0.2537831325301201 0.4242993630573249
0.25013253012048153 0.34323566878980877
0.2647349397590356 0.24672611464968147
0.2866385542168681 0.18689171974522284
0.34504819277108445 0.14250318471337572
0.4691807228915663 0.11740764331210186
0.549506024096386 0.1270573248407642
0.6991927710843375 0.14829299363057313
0.7685662650602416 0.23128662420382173
0.8233253012048194 0.3027006369426752
0.8379277108433735 0.3992101910828025
0.8196746987951808 0.4474649681528663
0.7977710843373498 0.49378343949044584
0.7758674698795187 0.5246687898089172
0.7357108433734936 0.5574777070063694
0.33774698795180746 0.4416687898089171
0.4217228915662655 0.4976433121019108
0.4217228915662655 0.5960828025477706
0.3413975903614459 0.6559171974522292
0.3158433734939763 0.7003057324840763
0.41077108433735 0.6617070063694266
0.43997590361445815 0.5941528662420381
0.48014457831325275 0.5690573248407642
0.5458554216867475 0.5285286624203821
0.5823614457831328 0.4648343949044585
0.5896626506024097 0.4300891719745223
0.5604578313253016 0.379904458598726
0.516650602409638 0.3548152866242039
0.39251807228915603 0.3470955414012741
0.2829879518072296 0.379904458598726
0.7430120481927707 0.38377070063694274
0.6918915662650604 0.3065605095541401
0.6444337349397598 0.244796178343949
0.6371325301204813 0.20812738853503177
0.6042771084337346 0.1830318471337579
}
