version: 2
n_points: 55
{
0.871672 0.11508849557522116
0.9134119999999998 0.3036194690265487
0.9621080000000002 0.496
0.9777600000000002 0.6653008849557522
0.9290639999999999 0.8345929203539822
0.85602 0.9269380530973451
0.7655839999999998 0.9538672566371682
0.6664560000000002 0.9230884955752212
0.5864560000000001 0.8884601769911503
0.5047159999999999 0.846141592920354
0.44210800000000017 0.8153539823008848
0.36906399999999984 0.8307433628318583
0.2768879999999999 0.7768761061946903
0.21428000000000025 0.7037787610619468
0.15514800000000017 0.6576017699115044
0.09602 0.5498672566371681
0.05601999999999996 0.4382920353982299
0.03688799999999992 0.295929203539823
0.01776000000000022 0.15740707964601774
0.01776000000000022 0.03813274336283179
0.5968879999999999 0.19203539823008842
0.6751480000000001 0.2805309734513274
0.7621080000000002 0.3459469026548674
0.8055839999999999 0.4921592920353983
0.8351480000000001 0.6768407079646018
0.8299319999999998 0.8153539823008848
0.7568879999999999 0.846141592920354
0.671672 0.8307433628318583
0.600368 0.7730353982300886
0.523844 0.7576460176991151
0.45253999999999994 0.7499469026548673
0.39514800000000017 0.7576460176991151
0.323844 0.7422477876106195
0.2577600000000002 0.6806902654867257
0.21602 0.6152831858407078
0.5447159999999999 0.17664601769911514
0.47862800000000016 0.22282300884955752
0.37949600000000006 0.2459026548672567
0.3447159999999999 0.11893805309734506
0.25254 0.11508849557522116
0.2629760000000001 0.2920796460176991
0.33602 0.42674336283185843
0.34297600000000006 0.5883451327433629
0.41254 0.6152831858407078
0.4490639999999998 0.40750442477876103
0.511672 0.3420973451327435
0.5777600000000003 0.35748672566371664
0.6264560000000001 0.36518584070796456
0.6664560000000002 0.38442477876106196
0.6925399999999999 0.3382477876106196
0.49949600000000005 0.723008849557522
0.5794960000000001 0.723008849557522
0.647324 0.6883805309734514
0.7134119999999998 0.6383628318584069
0.7951480000000002 0.6306725663716813
}
