version: 2
n_points: 55
{
0.9068733624454147 0.744621359223301
0.9334541484716158 0.5757669902912621
0.9619344978165939 0.39426213592233006
0.9752227074235809 0.25918446601941747
0.9391484716157206 0.15787378640776695
0.8802925764192139 0.09033009708737866
0.8005502183406115 0.05656310679611644
0.7303013100436679 0.06078640776699025
0.667646288209607 0.09033009708737866
0.5822096069868996 0.15365048543689314
0.4967729257641923 0.22963106796116506
0.41703056768558955 0.2929514563106797
0.3202008733624455 0.37315533980582527
0.24805240174672483 0.43225242718446605
0.19109606986899552 0.5166699029126214
0.11894759825327528 0.5757669902912621
0.05439737991266369 0.6813009708737865
0.020218340611353747 0.8079320388349516
0.020218340611353747 0.8839126213592233
0.03541048034934513 0.943009708737864
0.5594279475982532 0.8374854368932039
0.6277772925764193 0.744621359223301
0.7189082969432314 0.6601941747572816
0.7758689956331877 0.6095436893203883
0.8119432314410481 0.4744660194174758
0.8556113537117904 0.39426213592233006
0.8688995633187773 0.28029126213592237
0.8518122270742358 0.1832038834951457
0.7815633187772926 0.14521359223300964
0.6942270742358079 0.17898058252427188
0.6258777292576421 0.24651456310679618
0.5271484716157204 0.3309417475728156
0.43411790393013105 0.38159223300970874
0.36956331877729254 0.44068932038834957
0.2860262008733624 0.5673300970873787
0.5613231441048034 0.9556796116504854
0.5404410480349346 0.9050194174757282
0.4720917030567685 0.8459223300970873
0.4265240174672488 0.8754757281553399
0.36386899563318786 0.8585922330097088
0.3714628820960698 0.8248252427184466
0.38665065502183404 0.7783883495145631
0.3828558951965064 0.68973786407767
0.4208296943231441 0.5842135922330097
0.4834803493449781 0.5166699029126214
0.5404410480349346 0.5293398058252428
0.5917030567685589 0.5546601941747572
0.6068908296943232 0.5968737864077671
0.6220829694323144 0.6728543689320389
0.6220829694323144 0.7277378640776698
0.5480349344978166 0.36893203883495146
0.6258777292576421 0.36893203883495146
0.7056200873362445 0.38581553398058255
0.7682751091703057 0.39003883495145636
0.8157379912663754 0.40692233009708734
}
