version: 2
n_points: 55
{
0.16222826086956535 0.2983870967741935
0.08614130434782621 0.4629032258064517
0.027445652173913104 0.6790322580645161
0.047010869565217266 0.8338709677419356
0.12961956521739143 0.9209677419354839
0.24048913043478262 0.9564516129032258
0.34266304347826093 0.9532258064516129
0.4361413043478261 0.8951612903225806
0.49701086956521734 0.8435483870967742
0.5904891304347825 0.7758064516129031
0.6622282608695653 0.7209677419354839
0.7317934782608695 0.6596774193548388
0.7948369565217391 0.5951612903225807
0.8470108695652175 0.5145161290322582
0.8904891304347827 0.43387096774193556
0.936141304347826 0.35967741935483866
0.9622282608695649 0.27903225806451604
0.9774456521739132 0.16290322580645156
0.9622282608695649 0.0693548387096774
0.894836956521739 0.040322580645161255
0.49266304347826073 0.27258064516129044
0.3970108695652175 0.3403225806451612
0.28396739130434784 0.4209677419354838
0.22309782608695658 0.4951612903225807
0.16657608695652162 0.5983870967741934
0.127445652173913 0.7274193548387096
0.127445652173913 0.8274193548387097
0.20135869565217399 0.8822580645161291
0.2991847826086957 0.8983870967741936
0.35788043478260884 0.8629032258064516
0.43831521739130425 0.814516129032258
0.510054347826087 0.75
0.5991847826086957 0.6983870967741935
0.6883152173913042 0.6338709677419354
0.7687499999999999 0.5048387096774193
0.46222826086956526 0.24354838709677407
0.5296195652173913 0.24677419354838703
0.5839673913043477 0.21451612903225803
0.627445652173913 0.15645161290322585
0.6687500000000001 0.17580645161290331
0.6817934782608696 0.23709677419354847
0.6535326086956522 0.25322580645161297
0.6470108695652175 0.34354838709677415
0.6557065217391304 0.41129032258064513
0.6100543478260869 0.5016129032258063
0.5491847826086957 0.5370967741935484
0.48614130434782604 0.5629032258064517
0.4361413043478261 0.5403225806451613
0.4100543478260869 0.46612903225806457
0.3883152173913043 0.3790322580645161
0.7144021739130434 0.5435483870967742
0.5904891304347825 0.6435483870967743
0.4730978260869566 0.6822580645161289
0.3144021739130436 0.6790322580645161
0.21657608695652186 0.6629032258064516
}
