version: 2
n_points: 55
{
0.9596774193548387 0.29842931937172773
0.8790322580645161 0.18324607329842932
0.8064516129032258 0.09424083769633508
0.6532258064516129 0.02617801047120419
0.46774193548387094 0.03664921465968586
0.3387096774193548 0.08900523560209424
0.25806451612903225 0.17277486910994763
0.16129032258064516 0.2670157068062827
0.11290322580645161 0.3507853403141361
0.08064516129032258 0.4293193717277487
0.056451612903225805 0.5078534031413613
0.04032258064516129 0.5916230366492147
0.04838709677419355 0.6649214659685864
0.08064516129032258 0.7382198952879581
0.12903225806451613 0.8115183246073299
0.18548387096774194 0.8795811518324608
0.25806451612903225 0.93717277486911
0.3870967741935484 0.9738219895287958
0.46774193548387094 0.9633507853403142
0.5403225806451613 0.9267015706806283
0.7096774193548387 0.418848167539267
0.7983870967741935 0.387434554973822
0.8225806451612904 0.3089005235602094
0.7741935483870968 0.23036649214659685
0.7096774193548387 0.17277486910994763
0.6048387096774194 0.13089005235602094
0.47580645161290325 0.10471204188481675
0.3709677419354839 0.13089005235602094
0.3064516129032258 0.20418848167539266
0.25 0.28272251308900526
0.18548387096774194 0.3507853403141361
0.1532258064516129 0.42408376963350786
0.12903225806451613 0.5078534031413613
0.12903225806451613 0.5916230366492147
0.16129032258064516 0.6910994764397905
0.7016129032258065 0.5497382198952879
0.6290322580645161 0.6020942408376964
0.6129032258064516 0.6544502617801047
0.6290322580645161 0.7068062827225131
0.6048387096774194 0.7486910994764397
0.5 0.7068062827225131
0.46774193548387094 0.6282722513089005
0.3548387096774194 0.6178010471204188
0.29838709677419356 0.5654450261780105
0.3064516129032258 0.4869109947643979
0.3709677419354839 0.4293193717277487
0.4435483870967742 0.4083769633507853
0.5403225806451613 0.38219895287958117
0.6290322580645161 0.36649214659685864
0.7580645161290323 0.3717277486910995
0.25 0.3298429319371728
0.33064516129032256 0.2774869109947644
0.4112903225806452 0.21465968586387435
0.4596774193548387 0.16753926701570682
0.49193548387096775 0.13089005235602094
}
