version: 2
n_points: 55
{
0.9033218954248365 0.33163265306122447
0.9421290849673202 0.48469387755102045
0.9788937908496732 0.653061224489796
0.9911486928104575 0.826530612244898
0.9543839869281046 0.9438775510204082
0.8685996732026143 0.9795918367346939
0.7705604575163401 0.9591836734693877
0.6786486928104576 0.9693877551020408
0.5826519607843139 0.903061224489796
0.5029950980392158 0.8724489795918368
0.43763562091503283 0.8418367346938775
0.3702336601307191 0.7959183673469388
0.2864918300653596 0.7346938775510203
0.20887745098039234 0.6581632653061225
0.14556045751634006 0.5306122448979591
0.09654084967320276 0.4285714285714286
0.05773366013071912 0.27040816326530615
0.006671568627451108 0.1071428571428571
0.049563725490196164 0.030612244897959218
0.11492320261437927 0.020408163265306145
0.5846944444444446 0.27040816326530615
0.6480114379084969 0.34183673469387754
0.733795751633987 0.4387755102040817
0.8093676470588237 0.5204081632653061
0.8767696078431372 0.6122448979591837
0.9278316993464052 0.7551020408163265
0.9155767973856208 0.8979591836734694
0.8502173202614378 0.9081632653061225
0.7623905228758171 0.8826530612244898
0.6766062091503269 0.8571428571428572
0.5908218954248368 0.8316326530612245
0.5152500000000002 0.7959183673469388
0.4458055555555557 0.7704081632653061
0.3681911764705884 0.7091836734693877
0.3007892156862746 0.5816326530612245
0.5540571895424837 0.27040816326530615
0.509122549019608 0.2857142857142857
0.44172058823529425 0.2908163265306123
0.3865735294117648 0.2142857142857143
0.34163888888888905 0.1428571428571429
0.3191715686274511 0.18877551020408168
0.3355114379084969 0.2908163265306123
0.34572385620915047 0.4336734693877551
0.3886160130718955 0.5561224489795918
0.4478480392156864 0.6020408163265306
0.5132075163398695 0.6275510204081632
0.5724395424836602 0.6173469387755102
0.6235016339869283 0.5408163265306123
0.6439264705882355 0.47959183673469385
0.6704787581699347 0.40306122448979587
0.6071617647058825 0.8061224489795918
0.6623088235294119 0.7653061224489796
0.7215408496732028 0.7602040816326531
0.7971127450980393 0.75
0.8726846405228758 0.6785714285714286
}
