version: 2
n_points: 55
{
0.779963133640553 0.0470891089108908
0.8655483870967743 0.15553465346534656
0.9389354838709678 0.34674257425742594
0.973073732718894 0.5484257425742576
0.9662442396313364 0.7171089108910891
0.9048018433179723 0.860128712871287
0.8314101382488479 0.9078019801980197
0.7460737327188941 0.926128712871287
0.6675622119815667 0.9334653465346532
0.5839262672811059 0.94080198019802
0.49858986175115216 0.94080198019802
0.41154377880184334 0.8931287128712873
0.3449815668202765 0.8564554455445545
0.2835345622119815 0.8051188118811882
0.2033179723502304 0.7501188118811881
0.13504608294930875 0.6804455445544557
0.07360368663594463 0.5887623762376235
0.020691244239631423 0.45308910891089105
0.030930875576036798 0.29540594059405956
0.13504608294930875 0.20005940594059424
0.5839262672811059 0.2037227722772279
0.6709723502304148 0.24773267326732684
0.766552995391705 0.29540594059405956
0.8467695852534564 0.37974257425742564
0.8860276497695851 0.4714158415841584
0.8945622119815668 0.6437722772277229
0.8672534562211982 0.7721188118811879
0.7989815668202765 0.8234554455445543
0.7341244239631337 0.827118811881188
0.6539078341013826 0.8197920792079205
0.580516129032258 0.8564554455445545
0.5088294930875576 0.8857920792079206
0.42690322580645146 0.8711287128712869
0.36546082949308756 0.797782178217822
0.31596313364055306 0.7171089108910891
0.5651520737327188 0.2147326732673266
0.48664055299539166 0.3504059405940596
0.39959447004608295 0.37607920792079186
0.3313271889400923 0.3100693069306931
0.295483870967742 0.30640594059405946
0.31596313364055306 0.36874257425742574
0.3603410138248848 0.46408910891089095
0.3501013824884792 0.5814356435643566
0.38764976958525343 0.662108910891089
0.4576267281105991 0.7391089108910889
0.520778801843318 0.7391089108910889
0.5788064516129032 0.6180990099009901
0.602700460829493 0.5190891089108911
0.6146497695852535 0.36874257425742574
0.6487834101382488 0.2550693069306931
0.602700460829493 0.8344554455445542
0.665852534562212 0.7757821782178216
0.7392442396313363 0.728108910891089
0.8177557603686635 0.7244455445544553
0.8399447004608294 0.6767722772277226
}
