version: 2
n_points: 55
{
0.8948300283286119 0.15813953488372093
0.7248583569405099 0.09806201550387597
0.4946883852691218 0.02441860465116279
0.31055240793201133 0.008914728682170543
0.12641643059490085 0.03992248062015504
0.052053824362606235 0.10968992248062015
0.016643059490084985 0.2007751937984496
0.03434844192634561 0.3015503875968992
0.10871104815864023 0.3926356589147287
0.1759915014164306 0.4875968992248062
0.2361898016997167 0.5573643410852713
0.30347025495750707 0.6600775193798449
0.39907932011331443 0.7395348837209302
0.5053116147308782 0.8093023255813954
0.6009206798866855 0.8635658914728682
0.6894475920679887 0.913953488372093
0.7567280453257791 0.9546511627906977
0.8381728045325779 0.9682170542635659
0.9019121813031161 0.974031007751938
0.9868980169971672 0.9934108527131783
0.7531869688385269 0.3306201550387597
0.6929886685552408 0.25116279069767444
0.6186260623229461 0.17364341085271318
0.5194759206798867 0.1251937984496124
0.4061614730878187 0.1058139534883721
0.24327195467422097 0.09224806201550388
0.1653682719546742 0.11550387596899225
0.12641643059490085 0.1872093023255814
0.13703966005665721 0.2744186046511628
0.19723796033994334 0.35
0.22556657223796034 0.4236434108527132
0.27868271954674223 0.5011627906976744
0.34242209631728043 0.5612403100775194
0.38491501416430596 0.601937984496124
0.44511331444759206 0.6387596899224807
0.8523371104815864 0.3926356589147287
0.7885977337110481 0.4352713178294574
0.7638101983002833 0.5186046511627908
0.8133852691218131 0.5883720930232558
0.8346317280453258 0.6096899224806202
0.7531869688385269 0.5903100775193798
0.6894475920679887 0.5593023255813954
0.5973796033994334 0.5515503875968992
0.5194759206798867 0.5263565891472868
0.4840651558073654 0.4875968992248062
0.4911473087818697 0.41007751937984493
0.5123937677053825 0.37131782945736436
0.5442634560906515 0.33449612403100776
0.5973796033994334 0.289922480620155
0.6929886685552408 0.2686046511627907
0.2928470254957507 0.47015503875968995
0.26805949008498586 0.39069767441860465
0.25743626062322944 0.29767441860465116
0.28222379603399433 0.23953488372093024
0.29992917847025496 0.14263565891472868
}
