version: 2
n_points: 55
{
0.7462686567164178 0.7590361445783133
0.835820895522388 0.6144578313253012
0.9104477611940298 0.4578313253012048
0.9626865671641791 0.25301204819277107
0.917910447761194 0.12048192771084337
0.8432835820895522 0.07228915662650602
0.7388059701492538 0.060240963855421686
0.6343283582089552 0.060240963855421686
0.5447761194029851 0.10843373493975904
0.4477611940298507 0.14457831325301204
0.33582089552238803 0.20481927710843373
0.26119402985074625 0.2891566265060241
0.20149253731343286 0.37349397590361444
0.15671641791044777 0.4457831325301205
0.10447761194029848 0.5301204819277109
0.07462686567164178 0.6024096385542169
0.03731343283582089 0.6987951807228916
0.03731343283582089 0.7951807228915663
0.04477611940298509 0.8795180722891566
0.07462686567164178 0.9397590361445783
0.5373134328358209 0.6144578313253012
0.6417910447761195 0.5783132530120482
0.7462686567164178 0.5180722891566265
0.8059701492537313 0.40963855421686746
0.8731343283582089 0.27710843373493976
0.8582089552238806 0.14457831325301204
0.7835820895522388 0.10843373493975904
0.7014925373134329 0.12048192771084337
0.6417910447761195 0.13253012048192772
0.5746268656716418 0.1566265060240964
0.5223880597014925 0.1686746987951807
0.4552238805970149 0.18072289156626506
0.3880597014925373 0.1927710843373494
0.32835820895522383 0.25301204819277107
0.29104477611940294 0.3493975903614458
0.5895522388059702 0.7108433734939759
0.4850746268656716 0.6746987951807228
0.4029850746268657 0.6626506024096386
0.35820895522388063 0.7228915662650602
0.29104477611940294 0.7349397590361446
0.32089552238805974 0.6626506024096386
0.3656716417910447 0.6144578313253012
0.35820895522388063 0.5180722891566265
0.3731343283582089 0.3855421686746988
0.3955223880597015 0.2891566265060241
0.4626865671641791 0.27710843373493976
0.5223880597014925 0.3132530120481928
0.5746268656716418 0.3855421686746988
0.6044776119402986 0.4578313253012048
0.6567164179104478 0.5542168674698795
0.5671641791044777 0.18072289156626506
0.6194029850746269 0.20481927710843373
0.664179104477612 0.2289156626506024
0.7313432835820896 0.2289156626506024
0.8208955223880597 0.26506024096385544
}
