version: 2
n_points: 55
{
0.06798157894736834 0.5148601398601399
0.039473684210526314 0.39539510489510477
0.013157894736842105 0.2701048951048951
0.046052631578947366 0.13898601398601396
0.11842105263157894 0.06614335664335669
0.18421052631578946 0.028262237762237685
0.26973684210526316 0.019520979020978935
0.375 0.045744755244755186
0.4758763157894736 0.08362587412587419
0.5614026315789473 0.13315734265734258
0.6513157894736842 0.21474475524475534
0.7324552631578947 0.2992412587412586
0.7982447368421052 0.36043006993006976
0.8442973684210525 0.48280769230769227
0.8991236842105264 0.5964440559440558
0.9605263157894737 0.6955139860139862
0.978071052631579 0.800409090909091
0.9890342105263157 0.9227867132867134
0.9188605263157895 0.9577517482517484
0.868421052631579 0.9839755244755246
0.396928947368421 0.6314090909090908
0.31359736842105274 0.576048951048951
0.21052631578947367 0.5119475524475525
0.1491236842105264 0.42453496503496513
0.10965000000000008 0.33129370629370625
0.10965000000000008 0.22639860139860146
0.13815789473684212 0.11859090909090919
0.23465000000000008 0.09527972027972031
0.3355263157894737 0.1127622377622377
0.45833421052631584 0.14481468531468544
0.5855263157894737 0.2176573426573427
0.6513157894736842 0.31381118881118875
0.6907894736842105 0.38956993006993024
0.728071052631579 0.46824125874125877
0.76535 0.5236013986013986
0.39473684210526316 0.7246503496503497
0.43859736842105274 0.7188216783216782
0.5372815789473685 0.7129965034965036
0.6140342105263157 0.8120629370629371
0.6644736842105263 0.847027972027972
0.7017552631578948 0.7858391608391608
0.6425447368421053 0.6896853146853147
0.6271921052631578 0.6081013986013987
0.6409500000000001 0.5356538461538461
0.600278947368421 0.44983216783216795
0.5189394736842106 0.40532867132867123
0.4591315789473685 0.40215034965034957
0.40889210526315795 0.43075874125874125
0.3754000000000001 0.4975104895104896
0.34190526315789466 0.5547272727272728
0.5261157894736842 0.22096853146853146
0.4208526315789473 0.20825524475524482
0.3203736842105262 0.20825524475524482
0.22707368421052634 0.20189510489510476
0.14573421052631583 0.19236013986013978
}
