version: 2
n_points: 55
{
0.9354537572254336 0.5468146067415732
0.9816965317919076 0.43071348314606744
0.9836213872832369 0.3632977528089888
0.9816965317919076 0.25842696629213485
0.9527947976878614 0.13108426966292133
0.8969161849710982 0.07116292134831462
0.8063583815028902 0.03745505617977529
0.7369942196531791 0.02996067415730336
0.6734104046242775 0.02996067415730336
0.6175346820809249 0.033707865168539325
0.544315028901734 0.0449438202247191
0.4903670520231215 0.052432584269662914
0.4210028901734105 0.06741573033707865
0.33044219653179185 0.07865168539325842
0.23603179190751422 0.11610674157303372
0.15317919075144504 0.19849999999999998
0.09537572254335258 0.3632977528089888
0.06262138728323674 0.5093651685393259
0.033719653179190456 0.7116123595505617
0.012523121387283509 0.9737808988764046
0.476878612716763 0.543073033707865
0.5423901734104046 0.5917584269662923
0.6310202312138727 0.5617977528089888
0.7215809248554914 0.4569269662921348
0.8102109826589594 0.38576966292134834
0.8776502890173411 0.39325842696629215
0.8776502890173411 0.29962359550561796
0.8275520231213872 0.22846629213483147
0.802505780346821 0.13857865168539327
0.7408468208092485 0.1273426966292135
0.6541416184971097 0.08614044943820223
0.5712919075144509 0.06741573033707865
0.4942196531791907 0.05992696629213484
0.37476011560693645 0.10112359550561797
0.29190751445086704 0.19849999999999998
0.5077080924855493 0.651685393258427
0.4344884393063583 0.6254662921348316
0.3709046242774565 0.651685393258427
0.3323699421965318 0.6853932584269663
0.293835260115607 0.6928820224719102
0.2899797687861271 0.6217247191011235
0.3265895953757225 0.5730337078651685
0.35163872832369947 0.4681629213483146
0.36897976878612726 0.34082584269662924
0.4383439306358382 0.29588202247191014
0.48651156069364154 0.29962359550561796
0.5269739884393063 0.34831460674157305
0.5732167630057803 0.40074719101123596
0.6233150289017342 0.42696629213483145
0.6445086705202312 0.5018707865168539
0.6329479768786127 0.09363483146067417
0.6984595375722544 0.1348314606741573
0.7427745664739884 0.1722865168539326
0.7755289017341039 0.18352247191011237
0.7986502890173409 0.19849999999999998
}
