version: 2
n_points: 55
{
0.79043 0.05605617977528066
0.8788900000000001 0.22459550561797725
0.95774 0.4320337078651688
0.9712 0.5832808988764042
0.967355 0.7518202247191008
0.90774 0.7604606741573032
0.825045 0.7950337078651684
0.767355 0.816640449438202
0.68466 0.842573033707865
0.60389 0.8857865168539324
0.5135099999999999 0.9333258426966289
0.4212 0.9289999999999998
0.32697 0.8814719101123598
0.24620000000000009 0.8382584269662924
0.20004499999999992 0.7820786516853935
0.12950000000000006 0.7522808988764043
0.07950000000000002 0.702011235955056
0.04660500000000001 0.6310449438202248
0.024234999999999896 0.5393820224719101
0.024234999999999896 0.4418089887640453
0.62299 0.2594044943820224
0.706775 0.22903370786516875
0.785155 0.27458426966292127
0.855425 0.3322921348314608
0.91218 0.45375280898876424
0.94326 0.6754382022471908
0.8892100000000001 0.7209887640449439
0.82299 0.742247191011236
0.76083 0.763505617977528
0.706775 0.7908314606741574
0.66083 0.8212022471910111
0.6121800000000001 0.8515730337078654
0.5648850000000001 0.8697865168539326
0.505425 0.8819438202247191
0.44326 0.8940898876404496
0.5229900000000001 0.15312359550561783
0.498665 0.27458426966292127
0.41488500000000006 0.38694382022471896
0.344615 0.35961797752808955
0.277045 0.3565842696629212
0.33245 0.42946067415730316
0.42569500000000005 0.4658988764044941
0.4554250000000001 0.5782584269662918
0.48650499999999997 0.7058089887640451
0.5527200000000001 0.7452808988764044
0.6094799999999999 0.7179550561797756
0.6432599999999999 0.6329213483146066
0.67029 0.5205617977528088
0.677045 0.40820224719101106
0.677045 0.2806629213483144
0.667585 0.7756516853932586
0.72299 0.7301011235955055
0.775695 0.6572247191011236
0.8108299999999999 0.584337078651685
0.85137 0.47805617977528114
}
