version: 2
n_points: 55
{
0.0780330788804072 0.07816814159292063
0.06785496183206115 0.2315663716814157
0.035623409669211195 0.3790530973451329
0.013569974554707303 0.5147522123893803
0.02714249363867692 0.6976371681415932
0.07124681933842239 0.8510353982300882
0.15945801526717565 0.868734513274336
0.2515445292620864 0.8857964601769914
0.34969211195928745 0.9047610619469026
0.44965394402035636 0.9363716814159292
0.558704834605598 0.9553274336283186
0.6586692111959287 0.9300442477876109
0.7659033078880407 0.8415486725663719
0.8313333333333331 0.7214513274336283
0.8949465648854961 0.6013451327433628
0.9603791348600511 0.4686017699115044
0.9821882951653944 0.36746902654867253
0.9876412213740459 0.23472566371681414
0.9712824427480915 0.1272654867256635
0.9312977099236641 0.03876991150442455
0.353325699745547 0.13991150442477873
0.28789567430025453 0.24104424778761058
0.19883715012722653 0.37378761061946897
0.1443104325699747 0.5444601769911505
0.10977862595419854 0.7088053097345135
0.14612977099236635 0.746734513274336
0.20974300254452918 0.7593805309734514
0.3097048346055981 0.7909823008849555
0.37695419847328254 0.8857964601769914
0.4351145038167939 0.9047610619469026
0.4969109414758268 0.9110796460176991
0.558704834605598 0.8921238938053098
0.6150483460559798 0.835230088495575
0.6804809160305343 0.7404159292035396
0.7150127226463104 0.6076725663716811
0.38967684478371506 0.1335840707964604
0.43147837150127233 0.24736283185840702
0.5169033078880408 0.31690265486725666
0.5696106870229007 0.2284070796460177
0.6059618320610688 0.2284070796460177
0.629590330788804 0.41171681415929207
0.6005089058524173 0.5128495575221239
0.5750636132315522 0.6329557522123894
0.5459821882951654 0.7151327433628318
0.4878218829516541 0.7340884955752212
0.44056743002544535 0.6708849557522124
0.41875572519083976 0.5444601769911505
0.40785241730279886 0.4433185840707967
0.3951297709923663 0.3421858407079643
0.3824071246819337 0.17151327433628294
0.29698218829516554 0.7088053097345135
0.264267175572519 0.6645575221238941
0.2260992366412213 0.6139911504424777
0.19702035623409664 0.5760619469026551
0.16612213740458 0.5444601769911505
}
