version: 2
n_points: 55
{
0.8099173553719008 0.2325581395348837
0.8801652892561983 0.37209302325581395
0.9380165289256198 0.4883720930232558
0.9793388429752066 0.6511627906976745
0.9669421487603306 0.8255813953488372
0.9049586776859504 0.8837209302325582
0.8140495867768596 0.9418604651162791
0.731404958677686 0.9418604651162791
0.6611570247933884 0.9186046511627907
0.5743801652892562 0.872093023255814
0.48347107438016534 0.872093023255814
0.40909090909090906 0.872093023255814
0.35123966942148765 0.8488372093023255
0.27685950413223137 0.8255813953488372
0.19834710743801653 0.7790697674418605
0.12809917355371903 0.686046511627907
0.07438016528925617 0.5232558139534884
0.03305785123966942 0.36046511627906974
0.02066115702479343 0.2093023255813954
0.03305785123966942 0.05813953488372092
0.5495867768595042 0.37209302325581395
0.6363636363636364 0.41860465116279066
0.7231404958677685 0.4534883720930233
0.7933884297520661 0.5348837209302326
0.8429752066115702 0.5930232558139534
0.884297520661157 0.686046511627907
0.871900826446281 0.7790697674418605
0.8223140495867769 0.7906976744186046
0.7520661157024793 0.813953488372093
0.7066115702479339 0.8023255813953488
0.640495867768595 0.8372093023255813
0.5826446280991735 0.8255813953488372
0.5454545454545454 0.8255813953488372
0.48347107438016534 0.7906976744186046
0.4173553719008265 0.7093023255813953
0.5 0.313953488372093
0.4504132231404959 0.37209302325581395
0.39669421487603307 0.4534883720930233
0.3347107438016529 0.36046511627906974
0.2975206611570248 0.33720930232558144
0.3099173553719008 0.4534883720930233
0.359504132231405 0.5348837209302326
0.42148760330578516 0.5581395348837209
0.47933884297520657 0.627906976744186
0.5371900826446281 0.6627906976744187
0.5826446280991735 0.6511627906976745
0.615702479338843 0.6511627906976745
0.6446280991735538 0.6162790697674418
0.6652892561983471 0.5581395348837209
0.6652892561983471 0.4534883720930233
0.7231404958677685 0.7790697674418605
0.7603305785123967 0.7325581395348837
0.78099173553719 0.7093023255813953
0.8140495867768596 0.6744186046511628
0.8347107438016529 0.6395348837209303
}
