version: 2
n_points: 55
{
0.2532209944751383 0.05111340206185566
0.16574585635359115 0.1885773195876289
0.08517679558011035 0.3603917525773196
0.029928176795579964 0.5622886597938144
0.034530386740331494 0.7341030927835052
0.09208287292817664 0.854381443298969
0.18093922651933703 0.9244020618556701
0.27117679558011065 0.9484536082474226
0.35404972375690624 0.9312680412371134
0.464546961325967 0.8728556701030928
0.5400552486187845 0.8281752577319588
0.6468674033149173 0.7628865979381443
0.753685082872928 0.6735360824742268
0.8236629834254146 0.5773195876288659
0.8715469613259669 0.5085876288659794
0.9231104972375692 0.4054948453608247
0.9673093922651932 0.2646082474226804
0.9728342541436462 0.15807216494845355
0.9323204419889503 0.07216494845360821
0.8641823204419888 0.04467010309278352
0.46639226519337 0.23023711340206188
0.39456906077348053 0.27491752577319595
0.28591160220994477 0.3298969072164949
0.21961325966850828 0.4020618556701031
0.1625248618784529 0.4948453608247423
0.11464088397790055 0.6082474226804124
0.09990607734806645 0.7560103092783506
0.16804972375690594 0.845360824742268
0.23802762430939242 0.8831649484536083
0.30432596685082886 0.865979381443299
0.3816740331491714 0.8384845360824742
0.44429281767955786 0.8041237113402062
0.5032209944751382 0.7491443298969072
0.5787292817679558 0.711340206185567
0.6708121546961324 0.6357422680412371
0.457182320441989 0.12714432989690716
0.5326906077348065 0.21306185567010316
0.6505524861878453 0.1683814432989691
0.7113259668508287 0.09278350515463918
0.7684143646408841 0.07559793814432991
0.7297403314917128 0.17525773195876293
0.6413425414364642 0.2405463917525773
0.6450276243093923 0.35394845360824745
0.611878453038674 0.48453608247422686
0.5326906077348065 0.5326494845360825
0.48296685082872914 0.5360824742268041
0.4350828729281768 0.4914123711340206
0.39456906077348053 0.4295567010309278
0.39272375690607747 0.3642577319587629
0.3835193370165744 0.3024020618556701
0.5713646408839778 0.6975979381443299
0.4940165745856352 0.6975979381443299
0.41114364640883966 0.6838453608247422
0.31353591160220995 0.6563608247422681
0.2085635359116022 0.5945051546391753
}
