version: 2
n_points: 55
{
0.1374276315789472 0.7859067524115757
0.0625 0.6465691318327973
0.01133114035087726 0.46972025723472655
0.020467105263157828 0.27143729903536995
0.08077412280701773 0.13209967845659154
0.19042324561403526 0.03831832797427659
0.2836250000000002 0.01688102893890675
0.38779166666666687 0.030279742765273454
0.49926973684210507 0.09994533762057867
0.5833333333333334 0.16157556270096463
0.6509495614035089 0.21784565916398713
0.7258771929824561 0.2875144694533762
0.78252850877193 0.35450160771704176
0.8464912280701754 0.4322090032154342
0.8866951754385967 0.5286720257234727
0.9232456140350878 0.609057877813505
0.9634495614035089 0.6840836012861736
0.9908618421052633 0.7966237942122186
0.9707609649122805 0.9172025723472669
0.9104539473684209 0.9841897106109327
0.41885964912280704 0.7162379421221865
0.3256578947368421 0.7081993569131833
0.21966447368421035 0.6680064308681672
0.14656359649122824 0.6010192926045017
0.10270394736842124 0.49651768488745995
0.09722149122807036 0.34378456591639883
0.12098026315789455 0.22856270096463016
0.21052631578947367 0.14549839228295824
0.2982456140350877 0.1213826366559485
0.4133771929824561 0.14281993569131846
0.4828223684210525 0.17229260450160766
0.5614035087719298 0.22588424437299037
0.6125723684210528 0.27143729903536995
0.6637434210526314 0.33038585209003213
0.7094298245614035 0.3812958199356913
0.5029232456140352 0.8582540192926043
0.5705416666666665 0.8555723472668813
0.6345021929824564 0.8582540192926043
0.6765350877192983 0.9145241157556268
0.7203947368421053 0.8984469453376203
0.694809210526316 0.7644694533762058
0.6217105263157895 0.649250803858521
0.6162280701754386 0.525990353697749
0.5760241228070173 0.42417041800643096
0.5102346491228068 0.3812958199356913
0.46271929824561403 0.40005466237942133
0.41520394736842126 0.45632475884244383
0.3731732456140349 0.5125948553054663
0.34210526315789475 0.6117363344051447
0.3128662280701753 0.6840836012861736
0.44992763157894716 0.1910514469453377
0.3731732456140349 0.22052411575562691
0.27631578947368424 0.21516720257234734
0.2032171052631577 0.25803858520900325
0.14473684210526316 0.3196688102893892
}
