version: 2
n_points: 55
{
0.8786176470588235 0.27335398230088503
0.9312696078431372 0.40117699115044225
0.9675784313725492 0.5748938053097342
0.9712107843137255 0.6928849557522128
0.9439754901960785 0.8010442477876109
0.8695392156862747 0.8895398230088498
0.7769460784313726 0.9321504424778758
0.686171568627451 0.951814159292035
0.5917598039215686 0.9485398230088491
0.4973529411764708 0.9190442477876104
0.38297549019607824 0.8666017699115048
0.28311764705882336 0.8108849557522123
0.18871078431372523 0.7158318584070797
0.14150980392156887 0.6601150442477872
0.08159313725490192 0.5879999999999996
0.04891666666666683 0.4634513274336284
0.027127450980392154 0.3815132743362831
0.021681372549019584 0.23074336283185803
0.05254411764705902 0.10946902654867263
0.16148039215686283 0.04392035398230054
0.6026568627450981 0.2766283185840709
0.7279264705882353 0.3257964601769916
0.8132598039215685 0.40117699115044225
0.8586470588235293 0.5093362831858403
0.8931421568627452 0.6371681415929203
0.88225 0.7191061946902656
0.8223333333333331 0.7682743362831863
0.7587941176470587 0.8043274336283187
0.7006960784313726 0.8272654867256637
0.6189950980392156 0.8305486725663714
0.5318480392156861 0.8239911504424777
0.41928431372549013 0.7617168141592916
0.3230637254901959 0.689610619469027
0.23228431372549008 0.5945575221238933
0.17781862745098032 0.4601769911504425
0.5736078431372547 0.2667964601769913
0.5064313725490197 0.2831858407079646
0.46104411764705877 0.25696460176991176
0.4392549019607841 0.19469026548672563
0.361186274509804 0.10292035398230082
0.33576960784313703 0.10619469026548678
0.3285098039215685 0.22418584070796432
0.350294117647059 0.29957522123893787
0.350294117647059 0.4110088495575218
0.31943137254901954 0.4896725663716811
0.3902352941176468 0.5683362831858405
0.49917156862745105 0.5716194690265484
0.5699754901960783 0.5224513274336287
0.6189950980392156 0.4339557522123897
0.6462303921568628 0.319238938053097
0.45733823529411777 0.7120265486725659
0.5632205882352943 0.7084867256637166
0.6730245098039217 0.733265486725664
0.7161617647058822 0.7368053097345134
0.7906715686274511 0.7368053097345134
}
