version: 2
n_points: 55
{
0.28171232876712327 0.1845213675213675
0.36126027397260296 0.10732478632478622
0.4805616438356163 0.06320512820512829
0.6440684931506848 0.04942735042735032
0.7987260273972601 0.07975213675213666
0.8871095890410957 0.14867521367521352
0.9180410958904109 0.27275213675213655
0.9180410958904109 0.3857863247863248
0.8517534246575342 0.44920512820512837
0.8031506849315068 0.5457008547008545
0.7567945205479454 0.6173162393162394
0.7100273972602739 0.6861111111111109
0.6298356164383563 0.7423931623931626
0.542972602739726 0.7986837606837609
0.46946575342465735 0.8362051282051283
0.3993013698630137 0.9091709401709401
0.2890410958904108 0.9508632478632476
0.1754383561643834 0.9591965811965812
0.10194520547945218 0.9425213675213673
0.061849315068493005 0.9008290598290598
0.33247945205479434 0.4422051282051282
0.3759178082191782 0.337974358974359
0.4327123287671232 0.24208547008547018
0.472808219178082 0.18996581196581197
0.5463150684931507 0.16494871794871777
0.6498904109589042 0.14618803418803406
0.7233835616438354 0.16911965811965793
0.7968904109589041 0.20039316239316263
0.8303013698630136 0.25667521367521373
0.8236301369863014 0.34005982905982884
0.7935479452054794 0.4109401709401708
0.7668219178082193 0.4734786324786324
0.736753424657534 0.5485299145299145
0.669931506849315 0.6131452991452991
0.6131369863013696 0.6402478632478632
0.25228767123287676 0.4422051282051282
0.28569863013698626 0.5172564102564103
0.28569863013698626 0.5881367521367522
0.24226027397260275 0.6256581196581197
0.2255616438356165 0.6736068376068377
0.3024109589041095 0.6506752136752139
0.36923287671232885 0.6089829059829058
0.4427397260273972 0.5985555555555556
0.5463150684931507 0.5839658119658121
0.5897397260273971 0.5526923076923078
0.609794520547945 0.50891452991453
0.5596712328767123 0.45263247863247885
0.5162328767123288 0.41928205128205115
0.4527534246575341 0.3859230769230771
0.395958904109589 0.35673504273504275
0.7501232876712327 0.44012820512820516
0.7334109589041093 0.39009401709401725
0.7334109589041093 0.337974358974359
0.7167123287671232 0.2816923076923079
0.6966575342465753 0.21498290598290615
}
