version: 2
n_points: 55
{
0.17294326241134744 0.656894736842105
0.08429078014184391 0.5055789473684208
0.03996453900709213 0.3904421052631577
0.046617021276595595 0.2555789473684207
0.10202127659574461 0.15689473684210498
0.17516312056737574 0.08123157894736821
0.27046099290780135 0.05821052631578916
0.38792907801418425 0.05821052631578916
0.4677163120567374 0.09768421052631548
0.5519361702127659 0.15359999999999985
0.6206382978723404 0.21281052631578934
0.6937801418439715 0.281894736842105
0.7292411347517729 0.3476842105263155
0.7691347517730495 0.420052631578947
0.811241134751773 0.4792631578947366
0.8910283687943262 0.5285999999999998
0.9486524822695035 0.6108421052631576
0.9686028368794325 0.7489999999999997
0.9309219858156028 0.8542631578947365
0.8821631205673758 0.9529473684210523
0.3967943262411346 0.5943894736842104
0.29041134751773034 0.5680736842105262
0.19289361702127644 0.5121578947368418
0.13526950354609915 0.423336842105263
0.10867375886524808 0.33781052631578934
0.1441347517730495 0.24570526315789454
0.20840425531914888 0.15689473684210498
0.2970567375886524 0.17005263157894712
0.35246808510638283 0.18649473684210505
0.412304964539007 0.18649473684210505
0.4765815602836878 0.1963684210526313
0.5430709219858154 0.22596842105263137
0.5984751773049645 0.27859999999999985
0.6494539007092197 0.34438947368421036
0.687127659574468 0.4529473684210523
0.4411205673758864 0.7588631578947367
0.5209078014184396 0.7489999999999997
0.5740992907801417 0.7424210526315786
0.6206382978723404 0.8246526315789472
0.6671843971631204 0.8443894736842104
0.6472340425531914 0.7325473684210525
0.5630141843971631 0.6207052631578945
0.5807446808510638 0.4792631578947366
0.536418439716312 0.3838631578947367
0.46328368794326225 0.3279473684210523
0.40122695035460976 0.34110526315789447
0.3635460992907801 0.3970210526315787
0.336950354609929 0.4529473684210523
0.3170070921985814 0.5055789473684208
0.2970567375886524 0.5516315789473681
0.32808510638297866 0.20294736842105232
0.2660283687943262 0.1996526315789472
0.2239219858156027 0.20623157894736832
0.1818085106382978 0.281894736842105
0.1618652482269502 0.3641263157894735
}
