version: 2
n_points: 55
{
0.37168141592920356 0.15151515151515152
0.4690265486725663 0.08484848484848485
0.6017699115044248 0.030303030303030304
0.752212389380531 0.030303030303030304
0.8672566371681416 0.07272727272727272
0.9380530973451328 0.1393939393939394
0.9557522123893806 0.22424242424242424
0.9380530973451328 0.3151515151515151
0.9026548672566371 0.3939393939393939
0.8672566371681416 0.4909090909090909
0.8141592920353982 0.5818181818181818
0.752212389380531 0.6787878787878788
0.6725663716814159 0.7575757575757576
0.584070796460177 0.8181818181818182
0.504424778761062 0.8727272727272727
0.4247787610619469 0.9212121212121213
0.3008849557522124 0.9575757575757575
0.16814159292035402 0.9696969696969697
0.08849557522123896 0.9151515151515152
0.04424778761061943 0.8424242424242424
0.4070796460176991 0.3696969696969697
0.4424778761061947 0.2727272727272727
0.504424778761062 0.18181818181818182
0.584070796460177 0.12121212121212122
0.6991150442477876 0.10303030303030303
0.752212389380531 0.15757575757575756
0.7964601769911505 0.23030303030303031
0.7964601769911505 0.30303030303030304
0.8053097345132744 0.3575757575757576
0.7964601769911505 0.42424242424242425
0.7787610619469026 0.4909090909090909
0.7699115044247787 0.5575757575757576
0.752212389380531 0.6121212121212121
0.663716814159292 0.6484848484848484
0.5752212389380531 0.6606060606060606
0.3097345132743363 0.3878787878787879
0.3008849557522124 0.4484848484848485
0.327433628318584 0.5151515151515151
0.24778761061946908 0.6
0.24778761061946908 0.6545454545454545
0.3008849557522124 0.6484848484848484
0.415929203539823 0.6060606060606061
0.5132743362831859 0.6363636363636364
0.6194690265486726 0.6121212121212121
0.6902654867256637 0.5757575757575758
0.6991150442477876 0.4909090909090909
0.7079646017699115 0.3939393939393939
0.6283185840707964 0.36363636363636365
0.5398230088495575 0.3333333333333333
0.4690265486725663 0.2727272727272727
0.7345132743362832 0.5757575757575758
0.7433628318584071 0.5212121212121212
0.752212389380531 0.45454545454545453
0.7699115044247787 0.41818181818181815
0.7964601769911505 0.3939393939393939
}
