version: 2
n_points: 55
{
0.9547052631578947 0.2488476190476191
0.7776736842105265 0.13629047619047624
0.5767157894736843 0.0388904761904762
0.3996842105263161 0.025899999999999965
0.23222105263157933 0.07568571428571431
0.1269578947368425 0.16226666666666664
0.0695368421052631 0.25966666666666666
0.05996842105263161 0.35274285714285725
0.06475789473684257 0.43282857142857145
0.06902105263157912 0.5048761904761905
0.06902105263157912 0.5729047619047619
0.08030526315789493 0.6545333333333333
0.11789473684210575 0.7208619047619046
0.15925263157894756 0.7905904761904762
0.2494736842105268 0.8637190476190475
0.31714736842105284 0.9045333333333333
0.41489473684210487 0.952152380952381
0.5351894736842101 0.9759619047619048
0.6554947368421058 0.9776666666666667
0.7833157894736839 0.962357142857143
0.7382000000000002 0.3807238095238095
0.7269157894736844 0.2667809523809524
0.6930842105263154 0.22086190476190476
0.6028631578947373 0.14092857142857143
0.5201578947368417 0.1052142857142857
0.37353684210526306 0.11201904761904763
0.28331578947368385 0.14433333333333334
0.2457157894736838 0.20045238095238094
0.2306842105263154 0.2752857142857143
0.1930842105263154 0.3382095238095238
0.18181052631578998 0.41473809523809535
0.17428421052631596 0.49297142857142856
0.1930842105263154 0.550795238095238
0.2081263157894742 0.6018142857142856
0.2156421052631578 0.6477333333333334
0.8472210526315789 0.47596190476190475
0.7908315789473687 0.5167809523809523
0.7306842105263154 0.5950095238095238
0.7795473684210528 0.6426285714285714
0.7645157894736844 0.7038571428571428
0.6630105263157894 0.6715428571428571
0.6178947368421057 0.6171190476190478
0.5276736842105265 0.6052142857142858
0.39985263157894724 0.579704761904762
0.36226315789473645 0.5218809523809526
0.36977894736842126 0.44535238095238094
0.40736842105263205 0.3994333333333332
0.5051157894736841 0.36541904761904764
0.5765473684210531 0.34330952380952395
0.711884210526316 0.34841428571428557
0.2156421052631578 0.33480952380952383
0.2795473684210528 0.2888904761904762
0.3472210526315788 0.22086190476190476
0.39609473684210544 0.17324285714285714
0.42992631578947327 0.13582857142857144
}
