version: 2
n_points: 55
{
0.7801396648044692 0.7712741935483869
0.8772960893854749 0.638032258064516
0.9550223463687152 0.46271774193548393
0.9671675977653631 0.28740322580645145
0.8918715083798882 0.11208870967741937
0.7752793296089384 0.04546774193548391
0.6854078212290502 0.05247580645161294
0.5591061452513966 0.08403225806451603
0.47651955307262583 0.11208870967741937
0.39636312849162014 0.17169354838709694
0.3210670391061453 0.24883064516129047
0.25548603351955324 0.3084354838709676
0.1826145251396647 0.40661290322580657
0.14132402234636887 0.5153145161290322
0.09517318435754196 0.5854354838709677
0.053882681564245694 0.6625725806451612
0.027162011173184508 0.7256935483870967
0.024737430167597774 0.792306451612903
0.0344525139664803 0.9010080645161292
0.09031843575418974 0.9606129032258063
0.5518156424581004 0.7046532258064517
0.6368324022346368 0.6836129032258063
0.7364189944134079 0.599459677419355
0.819 0.4977822580645163
0.8432905027932962 0.37505645161290324
0.8384357541899441 0.2207822580645162
0.7509944134078212 0.13662903225806458
0.6708379888268156 0.1296129032258065
0.566391061452514 0.16117741935483862
0.4959497206703909 0.19623387096774214
0.418223463687151 0.2523387096774195
0.3356424581005586 0.3014274193548388
0.2919217877094973 0.40661290322580657
0.2579162011173183 0.522322580645161
0.18504469273743007 0.6099838709677418
0.5323854748603354 0.7537419354838709
0.4595195530726258 0.7467258064516129
0.4012234636871509 0.7467258064516129
0.35021229050279323 0.8273709677419354
0.2894916201117319 0.8519193548387095
0.3089217877094973 0.7712741935483869
0.3842178770949719 0.6836129032258063
0.3793631284916201 0.5854354838709677
0.3793631284916201 0.49427419354838725
0.40850837988826816 0.4521935483870968
0.4910949720670391 0.43116129032258066
0.578536312849162 0.4592096774193549
0.6173966480446929 0.5153145161290322
0.6465474860335196 0.5398548387096774
0.6684078212290502 0.6134838709677419
0.3672178770949722 0.325967741935484
0.46923463687150835 0.2698709677419355
0.5809664804469273 0.2698709677419355
0.6854078212290502 0.29791935483870974
0.7752793296089384 0.3189596774193547
}
