version: 2
n_points: 55
{
0.8870923913043479 0.6733009708737866
0.9370923913043478 0.5334951456310678
0.9718749999999999 0.3742718446601943
0.9588315217391306 0.2228155339805824
0.9001358695652174 0.10242718446601953
0.8131793478260869 0.059708737864077724
0.713179347826087 0.055825242718446605
0.6327445652173913 0.06359223300970884
0.5588315217391304 0.07524271844660194
0.49796195652173914 0.12184466019417486
0.421875 0.17621359223300975
0.3523097826086956 0.23446601941747577
0.29361413043478246 0.28883495145631066
0.20883152173913044 0.3626213592233009
0.1501358695652174 0.45194174757281563
0.09144021739130459 0.545145631067961
0.06535326086956506 0.6383495145631068
0.03491847826086936 0.7276699029126212
0.024048913043478004 0.8519417475728155
0.05013586956521754 0.9567961165048545
0.6066576086956521 0.7470873786407766
0.7001358695652173 0.6810679611650483
0.7740489130434783 0.6150485436893206
0.8392663043478261 0.5334951456310678
0.8610054347826088 0.4169902912621358
0.8610054347826088 0.3004854368932038
0.8218750000000001 0.19174757281553398
0.7718749999999999 0.15679611650485442
0.689266304347826 0.1373786407766991
0.6066576086956521 0.1529126213592233
0.5197010869565217 0.1956310679611651
0.4523097826086958 0.24611650485436887
0.3740489130434782 0.3004854368932038
0.3023097826086957 0.39368932038834964
0.27404891304347834 0.49077669902912635
0.5697010869565217 0.7742718446601942
0.49796195652173914 0.7587378640776696
0.4479619565217392 0.7781553398058251
0.41100543478260865 0.8286407766990294
0.3501358695652175 0.8713592233009708
0.3501358695652175 0.7665048543689319
0.36752717391304346 0.6888349514563106
0.3544836956521741 0.5762135922330099
0.3762228260869567 0.4558252427184465
0.42839673913043474 0.3703883495145632
0.4870923913043478 0.3975728155339805
0.5479619565217391 0.4674757281553399
0.5957880434782609 0.517961165048544
0.6327445652173913 0.5839805825242717
0.6414402173913043 0.6771844660194175
0.4610054347826086 0.28883495145631066
0.5610054347826088 0.3004854368932038
0.6523097826086955 0.31601941747572826
0.7501358695652173 0.35097087378640784
0.8131793478260869 0.3898058252427185
}
