version: 2
n_points: 55
{
0.7416077348066298 0.19519374999999997
0.6346077348066297 0.10469374999999985
0.49486187845303864 0.05322500000000012
0.3193646408839779 0.016459375000000165
0.17312154696132587 0.05873750000000015
0.0691215469613261 0.14145937500000016
0.033375690607734786 0.23888437499999995
0.030121546961325955 0.33079687500000005
0.0398729281767955 0.41168125000000017
0.06262430939226508 0.4888843749999999
0.08212154696132583 0.5605781249999999
0.12437016574585649 0.6451343749999999
0.17637016574585637 0.7149875000000001
0.26086740331491703 0.7958718749999999
0.35186740331491706 0.8694
0.45911602209944763 0.9374156249999999
0.5891104972375691 0.97785625
0.7483535911602209 0.9852093750000002
0.8686022099447513 0.9705031250000001
0.9758508287292819 0.9539593750000002
0.6866077348066298 0.441090625
0.6801104972375692 0.35285625
0.62160773480663 0.28116562499999986
0.5728618784530386 0.21131250000000001
0.45911602209944763 0.16168125000000017
0.332364640883978 0.13962187499999992
0.17637016574585637 0.17087187499999992
0.11462430939226527 0.25543125000000017
0.14061878453038673 0.36020937500000016
0.12437016574585649 0.43741562499999986
0.14061878453038673 0.5054312500000002
0.1633701657458563 0.5458718749999999
0.1893701657458564 0.5899875000000001
0.23486740331491726 0.628590625
0.32911602209944746 0.6690312500000001
0.8231049723756908 0.45579687500000005
0.7808563535911601 0.5054312500000002
0.7581049723756905 0.5642531250000001
0.7841049723756907 0.63226875
0.8231049723756908 0.7021218749999999
0.7191049723756907 0.6892531250000001
0.6118618784530387 0.6212375000000001
0.44286187845303876 0.6212375000000001
0.3226187845303868 0.6065312500000001
0.25437016574585636 0.5513843749999999
0.20886740331491715 0.49072500000000013
0.1893701657458564 0.41535625
0.3226187845303868 0.38594374999999986
0.46886187845303856 0.36204687500000005
0.6086077348066299 0.31793125000000017
0.15361878453038677 0.3381499999999999
0.16661878453038684 0.2958718749999999
0.1861215469613259 0.25910625
0.20237016574585645 0.21682812499999998
0.2413701657458563 0.17270937500000016
}
