version: 2
n_points: 55
{
0.1558761061946903 0.17158333333333353
0.09915044247787617 0.3033472222222223
0.05376991150442472 0.43868055555555563
0.049230088495575114 0.5561944444444443
0.07646017699115032 0.6986527777777778
0.15361061946902657 0.8126111111111113
0.24210619469026554 0.8909583333333333
0.35783185840707965 0.9265694444444443
0.4735575221238938 0.8980694444444445
0.5802035398230088 0.8410972222222222
0.6618938053097344 0.7663055555555557
0.7345044247787613 0.6844027777777776
0.8093805309734512 0.6060555555555556
0.879725663716814 0.499222222222222
0.931920353982301 0.4066249999999998
0.9477964601769912 0.3033472222222223
0.9568761061946903 0.19651388888888888
0.9568761061946903 0.1110416666666667
0.9273805309734512 0.06830555555555562
0.8479557522123895 0.0647361111111111
0.4622123893805309 0.2855416666666666
0.39413274336283194 0.23568055555555545
0.3079115044247789 0.24636111111111114
0.23756637168141592 0.2855416666666666
0.1763008849557522 0.3638888888888887
0.15815044247787619 0.49565277777777794
0.1558761061946903 0.6630277777777778
0.226221238938053 0.7413749999999999
0.3147168141592919 0.7948055555555555
0.4077522123893805 0.8232916666666665
0.48716814159292043 0.8126111111111113
0.5620530973451328 0.76275
0.6323893805309735 0.7128888888888889
0.707274336283186 0.6345416666666668
0.7526548672566372 0.499222222222222
0.44859292035398235 0.07543055555555567
0.49397345132743353 0.11816666666666675
0.5960884955752213 0.1395277777777777
0.6641592920353984 0.10747222222222219
0.7208849557522122 0.1110416666666667
0.7186194690265487 0.22499999999999987
0.6346637168141595 0.3425138888888889
0.6165132743362831 0.48497222222222236
0.5711238938053098 0.5811250000000001
0.518938053097345 0.6060555555555556
0.48490265486725675 0.5455138888888886
0.4508672566371682 0.5099027777777777
0.4213628318584071 0.4351111111111111
0.3918672566371682 0.3460833333333334
0.3691769911504426 0.27841666666666653
0.4372477876106194 0.7520694444444445
0.3691769911504426 0.7235694444444445
0.30337168141592924 0.6986527777777778
0.24664601769911512 0.6559166666666667
0.20126548672566366 0.6202916666666667
}
