version: 2
n_points: 55
{
0.8299391891891891 0.9497710843373496
0.9150202702702703 0.8649879518072288
0.9550608108108107 0.7221927710843374
0.9650743243243243 0.5570843373493982
0.9225270270270269 0.3741325301204819
0.8624729729729729 0.23579518072289188
0.7923986486486487 0.14209638554216847
0.694804054054054 0.10192771084337393
0.5846891891891891 0.06622891566265009
0.48959459459459465 0.06622891566265009
0.4245337837837837 0.07515662650602478
0.34445270270270256 0.10192771084337393
0.276885135135135 0.16440963855421636
0.21181756756756753 0.2134939759036148
0.1567635135135137 0.26257831325301184
0.11422297297297279 0.33397590361445817
0.07418243243243228 0.4142891566265056
0.029135135135135215 0.5258554216867465
0.03664189189189193 0.6731084337349403
0.059168918918918956 0.7489638554216866
0.6147229729729731 0.8159036144578317
0.722331081081081 0.8426746987951809
0.7949054054054053 0.8382048192771088
0.8624729729729729 0.735578313253012
0.8724797297297298 0.5615421686746982
0.8624729729729729 0.4366024096385549
0.7974054054054054 0.3116626506024103
0.7273378378378377 0.24026506024096395
0.6847905405405404 0.20009638554216805
0.6297364864864865 0.16886746987951762
0.5696756756756758 0.14655421686746972
0.5021081081081082 0.1599397590361443
0.4245337837837837 0.1822530120481922
0.37447972972972976 0.2224096385542173
0.3119189189189189 0.2447228915662652
0.5496554054054054 0.8605180722891567
0.4996081081081082 0.8025060240963849
0.4295337837837838 0.6998795180722895
0.36947972972972964 0.7311204819277107
0.3019121621621621 0.7132650602409641
0.34945945945945966 0.601710843373494
0.417027027027027 0.5481566265060236
0.4220270270270271 0.3964457831325298
0.47208108108108104 0.3473614457831327
0.5296351351351352 0.40090361445783107
0.5696756756756758 0.49907228915662655
0.6172229729729729 0.5704698795180728
0.6572635135135135 0.6150963855421686
0.6697770270270271 0.7177228915662653
0.6647702702702702 0.798048192771085
0.5846891891891891 0.20009638554216805
0.6397499999999999 0.25365060240963855
0.694804054054054 0.3384337349397594
0.7498581081081082 0.40983132530120436
0.8099189189189189 0.4812289156626507
}
