version: 2
n_points: 55
{
0.626984126984127 0.24861878453038674
0.5158730158730159 0.14917127071823205
0.4126984126984127 0.0718232044198895
0.24603174603174602 0.027624309392265192
0.12698412698412698 0.049723756906077346
0.07936507936507936 0.1270718232044199
0.03968253968253968 0.20994475138121546
0.07142857142857142 0.292817679558011
0.11904761904761904 0.3756906077348066
0.15873015873015872 0.48066298342541436
0.2222222222222222 0.574585635359116
0.29365079365079366 0.6795580110497238
0.38095238095238093 0.7569060773480663
0.4603174603174603 0.8176795580110497
0.5476190476190477 0.8784530386740331
0.6190476190476191 0.9281767955801105
0.7063492063492064 0.9668508287292817
0.8015873015873016 0.9723756906077348
0.8968253968253969 0.9447513812154696
0.9603174603174603 0.8839779005524862
0.6190476190476191 0.40331491712707185
0.5555555555555556 0.32044198895027626
0.49206349206349204 0.23204419889502761
0.42857142857142855 0.15469613259668508
0.373015873015873 0.12154696132596685
0.2857142857142857 0.11602209944751381
0.1984126984126984 0.13812154696132597
0.15079365079365079 0.15469613259668508
0.14285714285714285 0.20994475138121546
0.1746031746031746 0.287292817679558
0.1984126984126984 0.35911602209944754
0.21428571428571427 0.44751381215469616
0.24603174603174602 0.5138121546961326
0.31746031746031744 0.6077348066298343
0.40476190476190477 0.6740331491712708
0.7142857142857143 0.39226519337016574
0.6904761904761905 0.43646408839779005
0.7063492063492064 0.5359116022099447
0.7936507936507936 0.5966850828729282
0.8412698412698413 0.6740331491712708
0.7142857142857143 0.6519337016574586
0.6428571428571429 0.6132596685082873
0.5476190476190477 0.6187845303867403
0.47619047619047616 0.5911602209944752
0.42063492063492064 0.5303867403314917
0.40476190476190477 0.48066298342541436
0.42063492063492064 0.425414364640884
0.4365079365079365 0.3867403314917127
0.46825396825396826 0.3425414364640884
0.5238095238095238 0.32044198895027626
0.21428571428571427 0.3259668508287293
0.20634920634920634 0.26519337016574585
0.20634920634920634 0.2154696132596685
0.20634920634920634 0.1878453038674033
0.20634920634920634 0.16022099447513813
}
