version: 2
n_points: 55
{
0.2089573091849934 0.01955947136563896
0.14057826649417843 0.1768942731277532
0.08698318240620964 0.4223303964757711
0.007516170763259955 0.7055286343612334
0.020452781371280655 0.8691541850220265
0.09807244501940485 0.9194977973568281
0.18308408796895198 0.900616740088106
0.2588551099611902 0.8817400881057268
0.3568046571798188 0.8880308370044052
0.4492082794307892 0.9509647577092513
0.5323725743855109 0.9761365638766518
0.6266248382923675 0.9446696035242294
0.7079404915912032 0.8817400881057268
0.7818641655886159 0.7747533039647578
0.8631798188874515 0.630008810572687
0.9241668822768436 0.46638325991189444
0.9703686934023287 0.3531057268722466
0.9943945666235445 0.22723788546255497
0.9925459249676586 0.0950792951541849
0.9759133247089263 0.02585462555066087
0.44181630012936596 0.16430837004405285
0.3512600258732211 0.21465198237885463
0.2625510996119017 0.3405198237885463
0.20341267787839593 0.4852643171806166
0.14797024579560167 0.6488898678414097
0.0943751617076326 0.8439779735682817
0.1719948253557568 0.8125110132158593
0.24776714100905547 0.7621674008810571
0.31614618369987074 0.7936343612334801
0.3974618369987064 0.8502731277533038
0.48247347994825357 0.8880308370044052
0.5563971539456662 0.8817400881057268
0.6321694695989649 0.8251013215859031
0.7060931435963776 0.6992334801762115
0.7504463130659768 0.52931718061674
0.4880181112548513 0.2020660792951543
0.5379172056921085 0.21465198237885463
0.6062962483829236 0.18948017621145352
0.6414100905562742 0.06361233480176232
0.7282690815006468 0.05102643171806154
0.7227257438551099 0.23353303964757688
0.6820672703751618 0.3153436123348017
0.6709793014230271 0.5167312775330397
0.6395614489003882 0.6488898678414097
0.5841190168175936 0.6677665198237884
0.5120439844760672 0.6677665198237884
0.4473609314359637 0.6174229074889866
0.4140944372574386 0.52931718061674
0.39191720569210864 0.38457268722466964
0.3771332470892625 0.25241409691629957
0.27733635187580863 0.7495814977973567
0.2311345407503233 0.7118193832599118
0.20526131953428192 0.6992334801762115
0.17753945666235454 0.6803524229074892
0.15166623544631314 0.6740616740088103
}
