version: 2
n_points: 55
{
0.6522553191489363 0.09658571428571422
0.5045106382978721 0.07277142857142849
0.34493617021276574 0.09261428571428577
0.20899999999999955 0.14817142857142876
0.13806382978723353 0.23547142857142864
0.12761702127659555 0.3122571428571429
0.1342553191489362 0.3702857142857141
0.1542127659574466 0.4372571428571429
0.20074468085106387 0.513142857142857
0.24063829787234048 0.575642857142857
0.2738936170212764 0.638142857142857
0.31046808510638263 0.6872571428571429
0.35368085106382957 0.7319000000000001
0.42017021276595723 0.7787714285714287
0.46338297872340417 0.8122571428571429
0.5498297872340422 0.8769857142857145
0.6595319148936168 0.9171714285714285
0.7592553191489362 0.9350285714285714
0.8357234042553191 0.9171714285714285
0.9055319148936171 0.8926142857142858
0.7442553191489366 0.33468571428571425
0.8060212765957443 0.24712857142857153
0.7374042553191492 0.1595714285714284
0.5636808510638297 0.13815714285714276
0.4377659574468083 0.1323285714285715
0.2988085106382975 0.19647142857142838
0.21629787234042547 0.24602857142857154
0.2032765957446803 0.3218285714285713
0.2032765957446803 0.40637142857142855
0.2293404255319148 0.47342857142857125
0.2510425531914889 0.5375714285714285
0.2901276595744686 0.5988
0.3552553191489362 0.6571000000000002
0.4160425531914888 0.7066714285714287
0.45078723404255344 0.7329142857142857
0.7721063829787231 0.4122142857142856
0.7113191489361705 0.4821857142857141
0.7026382978723404 0.5434000000000001
0.763425531914893 0.5813
0.7677659574468081 0.6396142857142857
0.6722340425531921 0.6366999999999998
0.6114468085106383 0.5842142857142859
0.46814893617021247 0.5929714285714287
0.3899999999999997 0.5638142857142859
0.3769574468085103 0.49092857142857155
0.4073617021276599 0.40930000000000016
0.4638085106382974 0.3713857142857145
0.5202553191489361 0.3393285714285712
0.6201276595744684 0.31308571428571424
0.7503829787234036 0.29267142857142847
0.2727446808510642 0.4996714285714286
0.26840425531914913 0.42970000000000014
0.28144680851063847 0.33641428571428583
0.29446808510638245 0.2664428571428573
0.3074893617021276 0.21978571428571417
}
