version: 2
n_points: 55
{
0.882156976744186 0.1576504854368932
0.9485988372093023 0.34142718446601916
0.9693662790697675 0.4974563106796116
0.942372093023256 0.6881650485436893
0.8613895348837208 0.8233980582524272
0.7700290697674418 0.920485436893204
0.6662093023255815 0.9482233009708738
0.5748488372093025 0.920485436893204
0.4855639534883721 0.8580679611650486
0.41288953488372093 0.8233980582524272
0.35475 0.7817864077669903
0.29037790697674415 0.7124368932038835
0.23638953488372083 0.6500291262135922
0.18863372093023256 0.5910776699029126
0.15333720930232575 0.5356019417475728
0.10350000000000015 0.4315825242718444
0.053668604651162743 0.3136893203883495
0.028749999999999942 0.21660194174757286
0.037058139534883905 0.11604854368932016
0.061970930232558064 0.04323300970873767
0.6101453488372093 0.24087378640776702
0.695279069767442 0.2304660194174757
0.7700290697674418 0.22699999999999976
0.8177848837209302 0.3518252427184466
0.842703488372093 0.4939902912621359
0.8572383720930232 0.6188155339805825
0.8094825581395348 0.6951067961165049
0.745110465116279 0.7713883495145631
0.6807441860465118 0.8025922330097087
0.5935348837209304 0.7713883495145631
0.5146337209302325 0.747116504854369
0.44403488372093036 0.7159029126213592
0.35475 0.6604271844660194
0.2758430232558139 0.5286699029126214
0.19070930232558148 0.42117475728155307
0.5395465116279071 0.18539805825242717
0.4772558139534885 0.19579611650485407
0.36097674418604664 0.1576504854368932
0.2799941860465116 0.06056310679611654
0.2509244186046511 0.10564077669902883
0.2716918604651163 0.21660194174757286
0.2924534883720932 0.3240873786407764
0.34021511627906975 0.44198058252427186
0.39627325581395345 0.559873786407767
0.4772558139534885 0.5772135922330097
0.5353953488372094 0.5356019417475728
0.5852267441860465 0.5009320388349514
0.6433662790697674 0.466252427184466
0.6869709302325582 0.37263106796116474
0.7098139534883723 0.26167961165048514
0.47518023255813946 0.7193786407766991
0.5623895348837209 0.7124368932038835
0.6579011627906977 0.6985728155339805
0.734732558139535 0.691631067961165
0.7990988372093023 0.625757281553398
}
