version: 2
n_points: 55
{
0.736086956521737 0.22866666666666666
0.659347826086955 0.15677777777777793
0.5059130434782595 0.15352777777777782
0.3831304347826092 0.1927222222222223
0.3064347826086957 0.23847222222222245
0.265478260869565 0.30711111111111145
0.25526086956521654 0.38227777777777777
0.25526086956521654 0.4508888888888889
0.265478260869565 0.5195277777777778
0.2910869565217413 0.5619999999999999
0.3371304347826095 0.6077499999999998
0.3831304347826092 0.6633055555555553
0.42408695652173994 0.7123333333333335
0.45473913043478026 0.7613611111111109
0.48543478260869405 0.8005833333333333
0.5161304347826079 0.8430555555555554
0.5570434782608701 0.8691944444444444
0.6337826086956521 0.8790000000000001
0.6849565217391312 0.8790000000000001
0.7667826086956507 0.8790000000000001
0.659347826086955 0.44108333333333305
0.6440000000000005 0.36266666666666697
0.6235652173913037 0.26788888888888907
0.5928695652173899 0.21561111111111111
0.5263478260869563 0.23522222222222192
0.4496521739130428 0.26788888888888907
0.4343043478260884 0.32019444444444406
0.3831304347826092 0.3691944444444444
0.35756521739130637 0.41822222222222255
0.35756521739130637 0.4704999999999997
0.36269565217391236 0.5097222222222221
0.37291304347826076 0.5424166666666663
0.3984782608695636 0.5750833333333334
0.4496521739130428 0.5914166666666666
0.47008695652173965 0.6339166666666666
0.7514347826086963 0.43130555555555516
0.7105217391304341 0.4737777777777781
0.7105217391304341 0.5489444444444445
0.7769999999999991 0.5750833333333334
0.802565217391302 0.6633055555555553
0.7514347826086963 0.6600555555555556
0.736086956521737 0.6077499999999998
0.6644782608695659 0.6077499999999998
0.5519565217391326 0.5881666666666668
0.4650000000000022 0.5424166666666663
0.4650000000000022 0.4835833333333331
0.5059130434782595 0.44763888888888914
0.5621739130434761 0.44763888888888914
0.6133043478260867 0.43130555555555516
0.6542608695652175 0.4149444444444441
0.4229130434782598 0.4634444444444444
0.44786956521739324 0.428333333333333
0.46786956521738987 0.39958333333333307
0.49786956521739223 0.34530555555555587
0.49786956521739223 0.28783333333333316
}
