version: 2
n_points: 55
{
0.7714285714285715 0.84375
0.8428571428571429 0.75
0.9 0.625
0.9285714285714286 0.46875
0.8857142857142857 0.3125
0.8285714285714285 0.21875
0.7571428571428571 0.1875
0.6714285714285715 0.15625
0.6 0.15625
0.5285714285714286 0.15625
0.4571428571428572 0.15625
0.4 0.15625
0.34285714285714286 0.1875
0.2857142857142857 0.28125
0.22857142857142854 0.375
0.15714285714285714 0.40625
0.11428571428571432 0.46875
0.0714285714285714 0.59375
0.0714285714285714 0.71875
0.09999999999999998 0.84375
0.5714285714285714 0.8125
0.6285714285714286 0.8125
0.7142857142857143 0.8125
0.7571428571428571 0.6875
0.7857142857142857 0.53125
0.7857142857142857 0.34375
0.7428571428571429 0.3125
0.7 0.28125
0.6428571428571428 0.25
0.6 0.25
0.5428571428571429 0.28125
0.5 0.25
0.44285714285714284 0.28125
0.41428571428571426 0.34375
0.37142857142857144 0.40625
0.5225285714285715 0.8303437500000008
0.47209999999999996 0.7705937499999997
0.40067142857142857 0.7705937499999997
0.3502571428571428 0.8349374999999988
0.29562857142857124 0.8349374999999988
0.29772857142857156 0.7614062500000003
0.40067142857142857 0.6832812500000003
0.4090714285714284 0.5178437500000008
0.4447857142857141 0.4351249999999993
0.49731428571428593 0.3891562499999992
0.560342857142857 0.37537499999999824
0.6212571428571428 0.3937500000000007
0.6464714285714284 0.47646874999999866
0.6380714285714284 0.6097499999999982
0.6443714285714285 0.7522187500000008
0.6779857142857144 0.2880624999999988
0.7053000000000001 0.3294062500000017
0.7283999999999999 0.35240625000000136
0.7578142857142857 0.37996874999999974
0.7809285714285713 0.41212499999999963
}
