version: 2
n_points: 55
{
0.8403966480446926 0.18093333333333328
0.9273016759776536 0.3578888888888887
0.970754189944134 0.5430777777777779
0.970754189944134 0.6583000000000001
0.9335083798882682 0.7735333333333333
0.8631620111731841 0.8599444444444442
0.7700502793296089 0.9340222222222223
0.6665921787709497 0.9299111111111111
0.5672793296089386 0.8846444444444443
0.46382122905027934 0.8352555555555556
0.3769162011173185 0.8023333333333331
0.30036312849162006 0.7406111111111109
0.21759776536312847 0.6583000000000001
0.17000558659217868 0.5965777777777779
0.11000558659217863 0.5307333333333335
0.06034636871508392 0.4072777777777775
0.02517318435754179 0.29616666666666636
0.023100558659217785 0.20562222222222193
0.035513966480447134 0.11921111111111093
0.07689944134078208 0.06571111111111094
0.5424469273743018 0.2138555555555557
0.6396983240223462 0.2591222222222225
0.7328044692737432 0.29616666666666636
0.796949720670391 0.3990444444444443
0.8424692737430168 0.4978111111111111
0.8776424581005587 0.6212666666666665
0.869368715083799 0.7282666666666664
0.8238435754189946 0.8188000000000001
0.7493575418994414 0.8517222222222219
0.6727988826815641 0.8517222222222219
0.5796927374301675 0.7858777777777777
0.47002793296089385 0.7364888888888887
0.3914022346368714 0.7035666666666669
0.3272625698324021 0.6541888888888889
0.2651843575418995 0.5430777777777779
0.5031340782122904 0.14390000000000025
0.4596815642458102 0.18916666666666637
0.3541564245810056 0.13155555555555531
0.30036312849162006 0.06982222222222212
0.2444972067039105 0.049244444444444646
0.27139664804469266 0.17271111111111093
0.34588268156424584 0.283822222222222
0.3500223463687151 0.4113888888888886
0.4162346368715082 0.49368888888888907
0.474167597765363 0.4854666666666667
0.534173184357542 0.47312222222222244
0.5755530726256983 0.4401999999999999
0.585899441340782 0.4031555555555555
0.5921061452513967 0.3290888888888889
0.596245810055866 0.2550111111111113
0.42657541899441354 0.6747666666666665
0.5383072625698326 0.6829888888888889
0.6190055865921789 0.6624222222222222
0.6996983240223462 0.600688888888889
0.7948770949720672 0.5759999999999997
}
