version: 2
n_points: 55
{
0.17137037037037026 0.7017155172413794
0.1321769547325104 0.5580344827586209
0.065551440329218 0.41435344827586207
0.024399176954732402 0.2829913793103448
0.065551440329218 0.12289655172413771
0.1419753086419753 0.0572155172413793
0.24387654320987653 0.0448965517241382
0.3085432098765432 0.0572155172413793
0.38497119341563785 0.09416379310344825
0.4633539094650207 0.11879310344827565
0.5436995884773663 0.13931896551724132
0.624045267489712 0.1721551724137933
0.7102674897119343 0.2501551724137929
0.7729753086419752 0.3240431034482758
0.8474444444444443 0.4389913793103448
0.9023127572016458 0.525198275862069
0.9532633744855968 0.6114051724137931
0.980699588477366 0.7017155172413794
0.9787366255144032 0.8289741379310345
0.9650205761316872 0.9603362068965517
0.4065267489711932 0.7797068965517243
0.32813991769547346 0.6893965517241382
0.2654320987654321 0.5785603448275862
0.19880658436213994 0.4307758620689657
0.15373251028806595 0.3158362068965517
0.12825925925925916 0.16394827586206873
0.19880658436213994 0.12700000000000022
0.26151440329218106 0.13931896551724132
0.3379382716049384 0.15984482758620666
0.4143621399176957 0.1844741379310345
0.4829506172839505 0.17625862068965537
0.5613374485596707 0.18037068965517244
0.6064074074074073 0.23373275862068965
0.6553991769547323 0.336362068965517
0.7024279835390949 0.4266724137931037
0.4692345679012346 0.8412844827586207
0.5436995884773663 0.7797068965517243
0.6260041152263376 0.7468706896551724
0.6691152263374487 0.8166551724137934
0.7141893004115226 0.8412844827586207
0.7220246913580247 0.7838189655172414
0.6887119341563784 0.6852931034482761
0.6749958847736626 0.5334051724137931
0.6299218106995886 0.43487931034482785
0.5907325102880658 0.3568879310344828
0.5162633744855967 0.2994137931034485
0.4555144032921813 0.2829913793103448
0.41632510288065855 0.336362068965517
0.3810493827160495 0.4389913793103448
0.3536172839506172 0.56625
0.3888888888888889 0.20089655172413767
0.3320576131687245 0.2296293103448276
0.2693497942386831 0.26246551724137956
0.20664197530864198 0.26657758620689664
0.16548971193415637 0.295310344827586
}
