version: 2
n_points: 55
{
0.7625777777777778 0.29589285714285707
0.8543666666666667 0.42012499999999975
0.9292444444444445 0.5715178571428571
0.9437333333333334 0.7035000000000002
0.9147555555555555 0.8121964285714287
0.8471222222222223 0.8820714285714283
0.7553333333333332 0.9014821428571429
0.6273111111111112 0.8859642857142858
0.5210333333333333 0.8510178571428573
0.4195777777777778 0.8121964285714287
0.3398777777777777 0.7772678571428568
0.2649888888888887 0.7345535714285713
0.1973555555555555 0.6413928571428573
0.15146666666666675 0.5870357142857148
0.10074444444444453 0.5249285714285716
0.06209999999999993 0.4278750000000002
0.045188888888888945 0.3424821428571424
0.045188888888888945 0.21437499999999987
0.0886666666666669 0.13673214285714252
0.12973333333333315 0.08239285714285671
0.5812777777777778 0.251964285714286
0.6688111111111112 0.31689285714285675
0.7462555555555557 0.441357142857143
0.8102333333333332 0.5171071428571433
0.8438999999999999 0.6253392857142859
0.8573666666666668 0.7281428571428573
0.7967555555555556 0.7768571428571427
0.7058555555555555 0.8147321428571428
0.618311111111111 0.8255535714285713
0.5509666666666666 0.8039107142857144
0.4768999999999999 0.7660357142857142
0.38935555555555523 0.7335535714285716
0.31191111111111114 0.6794464285714281
0.2580444444444443 0.6091071428571431
0.20079999999999998 0.554982142857143
0.5375 0.26819642857142867
0.48363333333333314 0.251964285714286
0.41628888888888893 0.224892857142857
0.34894444444444417 0.1491428571428567
0.28834444444444474 0.21407142857142858
0.2984444444444446 0.343946428571429
0.36915555555555546 0.3764107142857144
0.4028222222222224 0.4575892857142857
0.4129222222222223 0.5874642857142862
0.47353333333333325 0.6469821428571427
0.5678000000000001 0.6848571428571424
0.618311111111111 0.6469821428571427
0.6385111111111113 0.5766249999999999
0.6418777777777778 0.5008749999999996
0.6452444444444445 0.3872321428571429
0.5981111111111113 0.7660357142857142
0.6721777777777779 0.7551964285714285
0.7294222222222222 0.7281428571428573
0.7799222222222224 0.7010892857142861
0.8102333333333332 0.6578035714285713
}
