version: 2
n_points: 55
{
0.7829701492537314 0.6899387755102044
0.8379552238805971 0.6004285714285724
0.9034179104477611 0.4679591836734684
0.9165223880597014 0.3283265306122442
0.8746268656716417 0.1994285714285724
0.785597014925373 0.1314081632653054
0.7018059701492536 0.11348979591836807
0.6153880597014925 0.12781632653061292
0.531597014925373 0.1636326530612251
0.4530447761194032 0.2173265306122449
0.37973134328358216 0.2495510204081623
0.3168805970149253 0.2889387755102044
0.2435671641791043 0.34979591836734664
0.17547761194029854 0.42140816326530617
0.10216417910447761 0.5216530612244905
0.06550746268656726 0.6433877551020398
0.06026865671641812 0.7615510204081639
0.06550746268656726 0.8295714285714286
0.11002985074626892 0.8868571428571432
0.17810447761194015 0.9119183673469381
0.534223880597015 0.6648775510204071
0.6127761194029853 0.6863673469387744
0.6887014925373134 0.6756122448979596
0.7594029850746268 0.5861020408163276
0.8039253731343283 0.47153061224489834
0.8039253731343283 0.34263265306122426
0.785597014925373 0.24238775510203986
0.7096567164179104 0.21016326530612248
0.6311044776119401 0.18510204081632756
0.5420746268656715 0.21375510204081727
0.4635223880597017 0.2674489795918371
0.3954328358208955 0.32116326530612177
0.353537313432836 0.3605510204081639
0.3116417910447761 0.3963469387755112
0.26450746268656733 0.47153061224489834
0.5446865671641792 0.8009387755102036
0.4661343283582089 0.8009387755102036
0.41900000000000015 0.7830204081632663
0.36140298507462687 0.8224081632653062
0.3064029850746268 0.8510612244897959
0.2985522388059699 0.7973469387755112
0.34829850746268676 0.7006734693877545
0.3980597014925371 0.6040000000000001
0.40853731343283606 0.5216530612244905
0.43208955223880585 0.4464693877551011
0.48970149253731343 0.42140816326530617
0.5368358208955222 0.42140816326530617
0.5813432835820893 0.47153061224489834
0.607537313432836 0.5359795918367354
0.6363432835820895 0.6469795918367347
0.5054179104477612 0.2853469387755096
0.5839701492537315 0.29610204081632685
0.6494328358208955 0.31399999999999934
0.6887014925373134 0.31399999999999934
0.7541641791044775 0.31042857142857166
}
