version: 2
n_points: 55
{
0.05910563380281691 0.24964705882352944
0.03621830985915493 0.40650980392156866
0.020373239436619724 0.5437647058823529
0.029176056338028174 0.7006274509803921
0.08375352112676057 0.828078431372549
0.16121830985915495 0.8869019607843137
0.24044366197183098 0.9408235294117647
0.3126267605633803 0.9457254901960784
0.3777676056338028 0.9408235294117647
0.45523239436619717 0.901607843137255
0.5203732394366197 0.8869019607843137
0.6013591549295775 0.8869019607843137
0.6841056338028169 0.8672941176470588
0.7721338028169014 0.8231764705882353
0.8355140845070422 0.7545490196078432
0.8971338028169014 0.6663137254901961
0.9569929577464789 0.5192549019607843
0.985161971830986 0.35749019607843135
0.9745985915492957 0.16141176470588237
0.9200211267605634 0.048666666666666636
0.3988943661971831 0.23984313725490192
0.2598098591549296 0.3770980392156863
0.15769718309859154 0.4800392156862745
0.09431690140845071 0.5927843137254902
0.10664084507042254 0.7202352941176471
0.14713380281690142 0.7594509803921569
0.19819014084507042 0.8231764705882353
0.24924647887323945 0.8182745098039216
0.3003028169014085 0.828078431372549
0.3619225352112676 0.7986666666666666
0.4341056338028169 0.808470588235294
0.513330985915493 0.8476862745098039
0.5855140845070422 0.8525882352941176
0.6541760563380282 0.8329803921568627
0.7668521126760564 0.7055294117647058
0.4200211267605634 0.2300392156862745
0.48164084507042254 0.2839607843137255
0.5855140845070422 0.25945098039215686
0.6471338028169014 0.2349411764705882
0.7228380281690141 0.20062745098039214
0.7510070422535211 0.30356862745098034
0.717556338028169 0.4408235294117647
0.717556338028169 0.5682745098039216
0.6682605633802817 0.632
0.5837535211267606 0.6467058823529412
0.5274154929577465 0.6172941176470588
0.4728380281690141 0.5486666666666666
0.42706338028169016 0.4800392156862745
0.39361267605633804 0.39670588235294113
0.3812887323943662 0.2888627450980392
0.3971338028169014 0.7692549019607843
0.33023239436619717 0.7202352941176471
0.24572535211267607 0.7153333333333334
0.17706338028169014 0.6712156862745098
0.11896478873239437 0.6270980392156862
}
