version: 2
n_points: 55
{
0.1955102040816329 0.26549999999999996
0.32503061224489804 0.16821176470588237
0.4663163265306124 0.07318823529411769
0.6546938775510207 0.03246470588235297
0.8509285714285716 0.07092941176470584
0.9176428571428569 0.13654117647058817
0.945122448979592 0.20441176470588235
0.945122448979592 0.2768117647058823
0.9372755102040817 0.3514705882352941
0.898020408163265 0.43970588235294117
0.8705510204081635 0.5121058823529412
0.8469999999999998 0.586764705882353
0.7999081632653063 0.6569
0.7410408163265307 0.7247764705882352
0.6390000000000001 0.8039588235294117
0.5762040816326532 0.8740941176470588
0.4741632653061226 0.9306588235294116
0.3328775510204083 0.960070588235294
0.17588775510204102 0.9713823529411764
0.04244897959183702 0.9736411764705882
0.28185714285714303 0.4306588235294117
0.28185714285714303 0.3469470588235294
0.3328775510204083 0.27002352941176466
0.38781632653061193 0.19988823529411762
0.5212551020408166 0.1569
0.6860918367346941 0.1569
0.8195306122448982 0.19762352941176473
0.8391530612244901 0.2745470588235294
0.8313061224489797 0.3627823529411765
0.8352346938775511 0.44422941176470593
0.811683673469388 0.5098411764705882
0.7685102040816328 0.5618764705882353
0.7253367346938778 0.6093882352941177
0.6900204081632655 0.6433235294117647
0.6350714285714287 0.6795235294117647
0.15233673469387732 0.46459411764705877
0.2112142857142858 0.5256764705882353
0.21513265306122475 0.5980764705882353
0.16804081632653078 0.6569
0.13271428571428545 0.7134588235294118
0.28185714285714303 0.6930999999999999
0.3917448979591839 0.604864705882353
0.55265306122449 0.5958117647058824
0.6468469387755105 0.5641411764705883
0.7253367346938778 0.5098411764705882
0.7528163265306124 0.4532823529411764
0.721418367346939 0.39898235294117645
0.6076020408163267 0.37635882352941175
0.4741632653061226 0.353735294117647
0.3328775510204083 0.317535294117647
0.8195306122448982 0.3469470588235294
0.7999081632653063 0.31527058823529414
0.7802857142857145 0.2790705882352942
0.7685102040816328 0.23834705882352944
0.7410408163265307 0.19988823529411762
}
