version: 2
n_points: 55
{
0.6333956043956045 0.17693197278911574
0.543857142857143 0.11142857142857139
0.4502417582417583 0.06859183673469406
0.2670989010989012 0.03836054421768714
0.12057142857142866 0.07363265306122457
0.06765934065934077 0.14670068027210884
0.05952747252747254 0.2449591836734695
0.07987912087912094 0.3255850340136054
0.12871428571428564 0.40621088435374164
0.18976923076923083 0.48683673469387756
0.23453846153846142 0.5699795918367345
0.27523076923076917 0.6329659863945578
0.328142857142857 0.7085510204081631
0.3769890109890111 0.7917006802721088
0.4136153846153847 0.8446054421768706
0.4665274725274726 0.895
0.5560659340659341 0.9453877551020407
0.6578131868131867 0.9705850340136054
0.8246813186813186 0.9655442176870749
0.9508571428571427 0.9428707482993196
0.6456043956043956 0.4162857142857144
0.6049010989010988 0.32054421768707486
0.5560659340659341 0.26007482993197273
0.48280219780219785 0.20464625850340154
0.3688461538461538 0.1718979591836735
0.22639560439560444 0.15425850340136046
0.14498901098901087 0.1945714285714284
0.12464835164835153 0.267639455782313
0.14092307692307707 0.333142857142857
0.18569230769230766 0.391095238095238
0.22639560439560444 0.45408163265306123
0.25764835164835165 0.527857142857143
0.2961098901098901 0.5890816326530615
0.35654945054945053 0.6537074829931975
0.44446153846153846 0.7047278911564627
0.7164395604395604 0.4870408163265308
0.6752307692307692 0.5465646258503403
0.6614945054945055 0.626496598639456
0.7136923076923076 0.6758163265306124
0.7301758241758242 0.7217346938775512
0.688967032967033 0.7319387755102043
0.656 0.680918367346939
0.579076923076923 0.6724149659863947
0.4719340659340659 0.658809523809524
0.3895164835164835 0.5992857142857144
0.35929670329670327 0.5380612244897961
0.35105494505494506 0.46833333333333355
0.38676923076923075 0.40710884353741517
0.4719340659340659 0.354387755102041
0.5488571428571428 0.30506802721088455
0.22434065934065925 0.4044897959183672
0.2184065934065934 0.3438163265306122
0.2124615384615385 0.27027210884353753
0.21542857142857158 0.22798639455782319
0.245131868131868 0.18570068027210884
}
