version: 2
n_points: 55
{
0.8709296636085626 0.7147925311203319
0.9464831804281345 0.5951908713692945
0.9824617737003057 0.4145726141078837
0.9788623853211008 0.2534771784232366
0.923097859327217 0.12167634854771789
0.8241590214067278 0.04600829875518681
0.7180244648318042 0.021601659751037415
0.6046941896024465 0.043568464730290454
0.509354740061162 0.07285892116182584
0.4230091743119264 0.10458921161825734
0.3276666666666668 0.17537344398340243
0.23952293577981643 0.2852074688796681
0.1837553516819571 0.37795850622406646
0.1369847094801223 0.47314937759336095
0.09561162079510699 0.590311203319502
0.02905198776758411 0.6928257261410788
0.014660550458715504 0.834390041493776
0.05423547400611628 0.9295809128630705
0.11180122324159014 0.9832821576763485
0.1657675840978594 0.9735186721991703
0.5676483180428133 0.5939792531120331
0.6642201834862387 0.5874273858921162
0.7591804281345564 0.5503029045643153
0.8283914373088686 0.5131742738589212
0.8686299694189603 0.4039834024896266
0.8605810397553516 0.29697095435684645
0.8203425076452597 0.18341078838174274
0.7881529051987768 0.12226141078838164
0.6899724770642202 0.10042323651452281
0.633639143730887 0.12007883817427395
0.5934006116207953 0.13317842323651455
0.5515504587155962 0.14628215767634864
0.514532110091743 0.1615726141078839
0.47268501529051987 0.18122406639004154
0.4308379204892967 0.21835269709543564
0.5708654434250764 0.7031742738589211
0.5097033639143731 0.6900705394190872
0.43566666666666654 0.670414937759336
0.3889908256880735 0.7555850622406639
0.33265749235474007 0.810182572614108
0.33104587155963283 0.672597510373444
0.3873792048929664 0.5983485477178423
0.3793333333333334 0.4957053941908713
0.4195718654434252 0.40179668049792544
0.45015290519877693 0.36030290456431546
0.49521712538226315 0.32973029045643143
0.5483333333333331 0.3340954356846473
0.591788990825688 0.3908796680497925
0.6288103975535168 0.4694979253112033
0.6674373088685014 0.5699585062240664
0.559599388379205 0.17904149377593362
0.6223700305810398 0.1921452282157677
0.6931896024464832 0.20743153526970948
0.7640091743119266 0.22708713692946061
0.8106850152905201 0.25329460580912855
}
