version: 2
n_points: 55
{
0.9729536423841063 0.15515194346289757
0.8171324503311255 0.08448056537102479
0.6301390728476818 0.03667137809187274
0.43535761589403993 0.020042402826855214
0.24058278145695347 0.06369257950530027
0.11981456953642373 0.14267844522968193
0.04969536423841072 0.2466077738515902
0.034112582781456645 0.3588515901060071
0.07307284768211915 0.46693639575971724
0.10033774834437055 0.5542367491166077
0.14708609271523204 0.6477703180212014
0.21720529801324504 0.7246784452296818
0.29511920529801317 0.8057420494699646
0.37303311258278127 0.8784911660777387
0.4470463576158942 0.9346148409893992
0.5600198675496688 0.9761872791519434
0.649615894039735 0.9844982332155479
0.7703841059602647 0.9678727915194347
0.8638741721854308 0.9242226148409892
0.9300993377483447 0.8701802120141342
0.8015496688741721 0.4461519434628976
0.8405033112582785 0.36300706713780917
0.8288145695364235 0.2715512367491166
0.7859668874172188 0.19256537102473492
0.7041589403973508 0.1260494699646644
0.6028741721854304 0.08032155477031801
0.4509403973509933 0.07200706713780913
0.30680794701986736 0.10734275618374553
0.21331125827814593 0.16762190812720854
0.14319205298013216 0.2528445229681979
0.14708609271523204 0.34222261484098937
0.17435761589403956 0.40873498233215555
0.21720529801324504 0.49811307420494705
0.2678476821192056 0.5625512367491166
0.3652384105960262 0.6290636042402826
0.9417880794701989 0.49811307420494705
0.9378940397350991 0.5500777385159011
0.8794569536423841 0.6020424028268551
0.9106225165562916 0.6623215547703181
0.9145165562913906 0.7288374558303886
0.7703841059602647 0.7142862190812722
0.6729933774834435 0.6103568904593639
0.5600198675496688 0.5999646643109542
0.4509403973509933 0.5646289752650178
0.39640397350993356 0.4897985865724382
0.39250993377483445 0.39210600706713783
0.48210596026490066 0.360929328621908
0.6145562913907285 0.35053710247349823
0.731423841059603 0.35053710247349823
0.8210264900662253 0.32767137809187274
0.19772847682119185 0.36300706713780917
0.2639536423841058 0.2902579505300352
0.3652384105960262 0.20919434628975264
0.44315231788079507 0.16346643109540646
0.5444370860927155 0.13228621908127214
}
