version: 2
n_points: 55
{
0.7518169014084509 0.2257567567567566
0.6383521126760561 0.13379054054054046
0.48577464788732405 0.05683783783783769
0.31753521126760587 0.0399459459459458
0.17278873239436582 0.0756013513513515
0.1023661971830982 0.14692567567567572
0.07888732394366196 0.20886486486486472
0.08280281690140871 0.3083378378378379
0.09453521126760547 0.3946756756756755
0.12583098591549333 0.46975000000000017
0.18843661971831013 0.5485743243243245
0.2432112676056334 0.608635135135135
0.32536619718309856 0.6668175675675677
0.3957887323943662 0.7287567567567568
0.42316901408450724 0.786939189189189
0.462295774647887 0.8620135135135133
0.5561971830985917 0.9277094594594597
0.6735633802816898 0.9671216216216217
0.8613661971830984 0.9370878378378376
0.9356901408450707 0.8620135135135133
0.6813943661971834 0.40406081081081074
0.6735633802816898 0.312087837837838
0.6305352112676053 0.2426486486486485
0.48969014084507 0.17508108108108092
0.3957887323943662 0.13941891891891903
0.2432112676056334 0.1544324324324324
0.19625352112676092 0.20510810810810806
0.20016901408450688 0.2670472972972975
0.18843661971831013 0.330858108108108
0.18843661971831013 0.42470270270270266
0.2079999999999996 0.4903918918918917
0.2275633802816899 0.5448243243243244
0.313633802816901 0.5729797297297297
0.40361971830985893 0.5992500000000002
0.43491549295774673 0.6274054054054053
0.8104929577464791 0.4622432432432431
0.7674647887323945 0.5166689189189189
0.7322535211267607 0.569222972972973
0.8104929577464791 0.6142702702702701
0.8183239436619718 0.6649459459459458
0.7283380281690139 0.6142702702702701
0.6813943661971834 0.5467027027027026
0.5522816901408449 0.5485743243243245
0.47794366197183136 0.5354391891891892
0.36449295774647916 0.4734999999999998
0.35666197183098564 0.417195945945946
0.3997042253521129 0.3759054054054055
0.462295774647887 0.34399999999999986
0.5405492957746482 0.3233513513513513
0.6266197183098593 0.3102162162162161
0.21190140845070446 0.31960135135135126
0.23929577464788745 0.29707432432432423
0.2627746478873237 0.2614121621621623
0.28232394366197205 0.20886486486486472
0.2784225352112672 0.17695270270270286
}
