version: 2
n_points: 55
{
0.8111428571428567 0.21314042553191498
0.6386554621848739 0.1011574468085106
0.4396302521008406 0.03172765957446816
0.24502521008403375 0.025008510638297912
0.0990672268907562 0.09891914893617013
0.04599999999999991 0.18402553191489354
0.05042016806722689 0.2937659574468086
0.06810924369747914 0.37887234042553203
0.09464705882352922 0.4572595744680852
0.12560504201680675 0.5356468085106383
0.17868067226890738 0.6073148936170215
0.23617647058823546 0.6655489361702127
0.3025210084033613 0.7260170212765958
0.3688655462184872 0.7797702127659574
0.44847058823529456 0.8447191489361703
0.5280840336134452 0.9186255319148934
0.6519243697478988 0.9678978723404256
0.8155714285714285 0.9813361702127661
0.9305630252100837 0.9231063829787232
0.9615210084033617 0.8088851063829786
0.7580756302521009 0.4102297872340425
0.700571428571429 0.3363191489361703
0.6165378151260509 0.22209787234042547
0.5059747899159664 0.14147234042553183
0.4219411764705883 0.10787659574468085
0.24502521008403375 0.10339574468085107
0.138873949579832 0.16610638297872352
0.14330252100840335 0.24001702127659572
0.1565714285714286 0.3273617021276596
0.16541176470588256 0.4326255319148935
0.17426050420168088 0.4998127659574469
0.21406722689075622 0.5670042553191489
0.2759831932773108 0.6117957446808513
0.3644369747899164 0.6633063829787232
0.4396302521008406 0.7327361702127659
0.8199915966386551 0.4102297872340425
0.7713361344537814 0.48637446808510637
0.7580756302521009 0.5468468085106384
0.8288403361344533 0.6117957446808513
0.8421092436974791 0.6521106382978723
0.7801848739495797 0.627472340425532
0.6740420168067228 0.5983574468085108
0.5502016806722693 0.6140340425531915
0.4263613445378148 0.5782
0.3688655462184872 0.5266893617021277
0.3555966386554624 0.4550212765957447
0.47058823529411764 0.43710212765957446
0.5678907563025206 0.3833531914893618
0.5988487394957986 0.33408085106382984
0.660773109243697 0.3049659574468084
0.262714285714286 0.5782
0.23175630252100846 0.4729361702127659
0.24502521008403375 0.35199574468085104
0.23617647058823546 0.2422553191489362
0.3025210084033613 0.1437106382978723
}
