version: 2
n_points: 55
{
0.8021832061068703 0.40651219512195125
0.8912442748091602 0.508134146341463
0.9590992366412213 0.6402439024390244
0.9569770992366411 0.7892926829268294
0.8954809160305343 0.8807560975609757
0.7937022900763361 0.9281829268292682
0.6919236641221373 0.9349634146341463
0.6113435114503818 0.9044756097560975
0.5201679389312976 0.8672073170731707
0.43746564885496175 0.8299512195121953
0.35264885496183207 0.8028536585365854
0.26570992366412205 0.7283170731707318
0.214824427480916 0.6707317073170731
0.168175572519084 0.5724999999999999
0.14061068702290092 0.4844146341463412
0.11940458015267175 0.403121951219512
0.08759541984732844 0.31504878048780494
0.07275572519083973 0.23035365853658551
0.05790839694656502 0.14228048780487768
0.034587786259542064 0.05420731707317061
0.5816564885496183 0.3929512195121949
0.6622366412213739 0.4336097560975608
0.7385725190839694 0.47425609756097575
0.8043053435114502 0.531841463414634
0.8445954198473282 0.6537926829268291
0.8530763358778625 0.7892926829268294
0.80006106870229 0.8739878048780488
0.7194885496183205 0.8739878048780488
0.6473893129770991 0.8570487804878048
0.5710534351145038 0.8401097560975611
0.49471755725190836 0.826560975609756
0.41626717557251913 0.8028536585365854
0.3674961832061069 0.7554268292682926
0.30176335877862603 0.6876707317073172
0.2423893129770991 0.6131463414634148
0.5477328244274808 0.25745121951219496
0.48835877862595434 0.2947195121951216
0.4268702290076337 0.31504878048780494
0.3823358778625955 0.2642317073170728
0.32296183206106865 0.25068292682926807
0.3272061068702288 0.35230487804878063
0.39293893129771007 0.43700000000000006
0.39506106870228996 0.5894390243902439
0.4183816793893129 0.7046097560975608
0.4565496183206106 0.7588048780487806
0.5244045801526718 0.7418780487804879
0.5731755725190841 0.6876707317073172
0.5880229007633588 0.6165365853658534
0.6071068702290077 0.531841463414634
0.6261908396946565 0.45731707317073167
0.5978473282442747 0.8036219512195121
0.6533664122137406 0.7888414634146341
0.6996335877862594 0.7925365853658537
0.7620916030534352 0.7999268292682926
0.8222290076335876 0.7703536585365856
}
