version: 2
n_points: 55
{
0.8792740384615385 0.7104054054054053
0.9189903846153845 0.5693918918918918
0.9628846153846152 0.42251351351351357
0.9754278846153847 0.3049999999999999
0.9566153846153846 0.16986486486486477
0.9106298076923077 0.08172972972972975
0.8270144230769231 0.07586486486486492
0.7350432692307693 0.07586486486486492
0.6430673076923076 0.09936486486486479
0.561548076923077 0.1463648648648649
0.4758461538461538 0.2168648648648649
0.3734182692307695 0.24624324324324318
0.2793557692307692 0.32262162162162156
0.2145576923076925 0.40487837837837837
0.15185096153846167 0.4753918918918919
0.08704807692307692 0.5400135135135137
0.03687980769230792 0.6457702702702703
0.022250000000000214 0.7750405405405406
0.026432692307692518 0.8631621621621621
0.034793269230769086 0.945418918918919
0.555278846153846 0.8455405405405404
0.6117163461538463 0.7162837837837838
0.6974182692307691 0.6457702702702703
0.7538557692307694 0.5165135135135136
0.8061105769230769 0.35787837837837844
0.8562788461538462 0.19924324324324325
0.8207451923076922 0.16398648648648656
0.7454951923076922 0.17574324324324317
0.6765144230769229 0.21100000000000005
0.5929038461538463 0.23449999999999993
0.5197403846153845 0.25212162162162155
0.4570336538461538 0.24624324324324318
0.39641346153846135 0.3049999999999999
0.3483365384615382 0.3931351351351351
0.2835384615384615 0.4871351351351352
0.5281009615384616 0.8690405405405405
0.4674855769230768 0.7867837837837839
0.39432211538461537 0.7809054054054055
0.33161538461538465 0.8631621621621621
0.3044423076923075 0.8455405405405404
0.3190721153846152 0.7691621621621623
0.37550961538461536 0.7280270270270269
0.38178365384615354 0.5987702702702702
0.40895673076923067 0.5165135135135136
0.44449038461538437 0.4636351351351351
0.5030192307692309 0.41075675675675677
0.5531874999999999 0.42837837837837844
0.5845432692307692 0.5165135135135136
0.5970817307692307 0.6046486486486486
0.5949903846153846 0.7162837837837838
0.5678173076923076 0.2932432432432433
0.6326201923076922 0.2991216216216217
0.684875 0.34025675675675676
0.724591346153846 0.35787837837837844
0.7705769230769229 0.3813783783783783
}
