version: 2
n_points: 55
{
0.4116308724832216 0.09523976608187103
0.5490604026845638 0.045111111111111435
0.7088523489932888 0.03397660818713418
0.8590604026845637 0.07295906432748538
0.9357651006711407 0.15650292397660787
0.964523489932886 0.27346198830409324
0.9421543624161072 0.40991228070175456
0.9006040268456376 0.4990233918128653
0.8494697986577183 0.5937076023391813
0.8015369127516777 0.688385964912281
0.6960671140939597 0.7886374269005846
0.5778187919463089 0.863824561403509
0.47555033557047 0.9139532163742686
0.3828724832214765 0.925087719298246
0.2901879194630872 0.9668596491228069
0.18153020134228193 0.9724327485380114
0.10482550335570484 0.9640760233918126
0.04410067114093974 0.9167368421052629
0.03132214765100649 0.8499005847953215
0.037711409395973394 0.7830701754385964
0.3636912751677852 0.39320467836257345
0.4244161073825503 0.2985263157894737
0.4851409395973154 0.22333333333333366
0.5810134228187922 0.17042690058479548
0.6832885906040269 0.1537192982456137
0.7951409395973155 0.18991812865497076
0.8878255033557048 0.28460233918128675
0.8782348993288592 0.38206432748537994
0.8398859060402682 0.4767485380116959
0.8111208053691277 0.5407953216374269
0.7695771812080535 0.6020584795321637
0.7088523489932888 0.6577543859649123
0.6321476510067114 0.7273742690058478
0.5714295302013421 0.7691461988304094
0.5362751677852347 0.7830701754385964
0.29657718120805365 0.4015614035087721
0.3093624161073827 0.4628245614035089
0.2742080536912753 0.5519356725146197
0.17513422818791968 0.6048479532163741
0.16234899328859054 0.688385964912281
0.26781879194630853 0.6828187134502921
0.37328187919463107 0.666111111111111
0.48194630872483224 0.6633274853801168
0.5842147651006712 0.6688947368421051
0.6481275167785236 0.5992748538011696
0.6225637583892618 0.4990233918128653
0.5906040268456376 0.44611695906432713
0.5490604026845638 0.40991228070175456
0.49153020134228187 0.3737134502923975
0.4244161073825503 0.3486491228070177
0.7152416107382552 0.5825672514619885
0.7472013422818794 0.49623976608187115
0.7440067114093962 0.38763742690058445
0.702463087248322 0.30409356725146197
0.6513288590604027 0.2372573099415206
}
