version: 2
n_points: 55
{
0.3647131782945736 0.057097222222222084
0.5271317829457365 0.046074074074074066
0.6674031007751939 0.02402777777777803
0.785527131782946 0.03064351851851865
0.892581395348837 0.08134722222222235
0.947953488372093 0.16953240740740755
0.9590232558139535 0.2466944444444442
0.9258062015503874 0.33487499999999987
0.8815038759689923 0.4076296296296296
0.8335193798449613 0.4847870370370373
0.7781472868217052 0.5531296296296296
0.7264651162790697 0.6170648148148146
0.6526356589147286 0.7118611111111108
0.5677364341085271 0.7978379629629628
0.4791472868217055 0.9014537037037039
0.3868604651162788 0.9521620370370372
0.28719379844961246 0.972
0.18013953488372136 0.9786157407407406
0.08785271317829435 0.9653888888888889
0.03617829457364363 0.934523148148148
0.3130310077519378 0.352513888888889
0.3204108527131785 0.2665324074074075
0.38317054263565875 0.1981944444444442
0.4791472868217055 0.15630555555555528
0.5972713178294573 0.13866666666666666
0.7190852713178295 0.12543981481481495
0.8408992248062015 0.1541018518518516
0.8593565891472871 0.21582870370370383
0.8667441860465117 0.27755555555555556
0.8408992248062015 0.3436944444444447
0.8113720930232556 0.42306018518518507
0.7633798449612403 0.486990740740741
0.7043178294573645 0.5553333333333333
0.6304883720930234 0.6148611111111109
0.5234418604651163 0.6809953703703705
0.16906976744186009 0.46935648148148135
0.20228682170542656 0.539902777777778
0.22443410852713175 0.6104490740740739
0.18013953488372136 0.6655648148148146
0.16906976744186009 0.7250879629629631
0.2724263565891475 0.6876111111111111
0.33517829457364345 0.6258796296296298
0.48283720930232554 0.6104490740740739
0.5714263565891473 0.5487222222222222
0.6157286821705424 0.486990740740741
0.6046511627906976 0.41203703703703703
0.5788139534883718 0.36794444444444446
0.5345116279069767 0.33487499999999987
0.4422325581395349 0.2973981481481484
0.3647131782945736 0.2466944444444442
0.7188062015503875 0.46186111111111083
0.7343100775193798 0.38315740740740717
0.7381860465116279 0.297509259259259
0.7226821705426356 0.2026018518518516
0.7033023255813953 0.14936111111111086
}
