version: 2
n_points: 55
{
0.7563684210526317 0.1675111111111114
0.8401052631578949 0.2685111111111117
0.9058947368421054 0.39477777777777745
0.9328157894736843 0.5564000000000002
0.8879473684210527 0.6877111111111112
0.7982368421052631 0.7937777777777784
0.7055394736842107 0.8594222222222218
0.6008684210526316 0.8796222222222229
0.5171447368421052 0.8695333333333337
0.4393947368421053 0.8240666666666673
0.33771052631578946 0.7786222222222224
0.245013157894737 0.7079111111111109
0.1881973684210526 0.6321555555555556
0.1373552631578946 0.5564000000000002
0.09548684210526326 0.4604444444444451
0.06857894736842096 0.36446666666666694
0.06259210526315795 0.2634666666666665
0.06259210526315795 0.1978000000000002
0.06857894736842096 0.14224444444444473
0.06557894736842118 0.10184444444444507
0.49167105263157884 0.2806444444444449
0.6070526315789473 0.25328888888888945
0.7123157894736842 0.2362000000000004
0.7912631578947368 0.33193333333333364
0.825671052631579 0.4242222222222216
0.8418684210526316 0.5678222222222227
0.8358026315789472 0.684066666666667
0.7649473684210526 0.7353333333333327
0.6819473684210526 0.7729555555555558
0.6009736842105264 0.7968888888888892
0.5321578947368419 0.8071333333333339
0.4532105263157893 0.7832000000000006
0.3924736842105263 0.7387555555555562
0.34996052631578956 0.6806444444444448
0.31352631578947376 0.6225111111111106
0.49773684210526314 0.15073333333333372
0.42486842105263145 0.19517777777777812
0.3519868421052632 0.191755555555556
0.3054342105263157 0.16782222222222265
0.24065789473684196 0.17124444444444487
0.2791184210526315 0.284066666666667
0.35806578947368417 0.39004444444444486
0.3783026315789474 0.48917777777777727
0.3924736842105263 0.5780666666666662
0.4329605263157895 0.6669555555555551
0.4997631578947368 0.6635555555555559
0.5382236842105264 0.5951777777777781
0.5706184210526315 0.48917777777777727
0.594907894736842 0.40371111111111047
0.6070526315789473 0.31482222222222167
0.5038157894736841 0.7524444444444447
0.5868026315789474 0.718244444444445
0.6475394736842104 0.6669555555555551
0.7325526315789475 0.5883333333333338
0.771013157894737 0.5336222222222218
}
