version: 2
n_points: 55
{
0.7759617224880382 0.04174489795918379
0.890377990430622 0.19258163265306172
0.9527894736842104 0.3256836734693881
0.9756698564593302 0.5297653061224492
0.9382248803827751 0.7338469387755104
0.8550143540669856 0.8314489795918365
0.7593205741626793 0.9024387755102037
0.6511435406698565 0.9467959183673463
0.5845741626794259 0.9379285714285718
0.5034449760765551 0.889122448979592
0.4285550239234449 0.8580714285714286
0.34742105263157885 0.8669387755102045
0.2850143540669856 0.8137040816326536
0.20388038277511955 0.7205408163265312
0.14771291866028713 0.6318061224489799
0.085377990430622 0.5455306122448979
0.0341148325358851 0.42162244897959145
0.023861244019138916 0.2867857142857144
0.0324019138755981 0.1920306122448976
0.049492822966507144 0.10821428571428593
0.5484688995215311 0.2539795918367346
0.6424497607655502 0.27584693877551036
0.780866028708134 0.3268673469387756
0.8714354066985646 0.3232244897959188
0.9038995215311005 0.38882653061224504
0.893645933014354 0.47628571428571476
0.8611818181818183 0.6621428571428569
0.7996650717703349 0.7496122448979591
0.7347272727272727 0.8152040816326529
0.6715023923444976 0.844367346938776
0.5963157894736841 0.8480102040816329
0.5347942583732057 0.8370714285714287
0.45960765550239235 0.8297857142857139
0.39979904306220093 0.8006326530612244
0.3194832535885167 0.7751224489795917
0.5621387559808614 0.09363265306122492
0.4852392344497609 0.19567346938775554
0.36904306220095695 0.25033673469387774
0.3194832535885167 0.18838775510204075
0.28531100478468896 0.1701632653061229
0.28359808612440185 0.26491836734693863
0.3536602870813398 0.315938775510204
0.3741674641148326 0.4179795918367346
0.3929665071770335 0.5564591836734696
0.4510622009569377 0.6293469387755106
0.5091626794258375 0.6840102040816328
0.5889090909090908 0.7061836734693879
0.5928947368421054 0.5786326530612247
0.6028660287081341 0.46383673469387776
0.6347607655502394 0.3192755102040815
0.6965645933014354 0.7572040816326533
0.7543779904306221 0.7316938775510207
0.7962440191387561 0.6976836734693883
0.8341244019138756 0.6424081632653063
0.8580478468899522 0.6041428571428573
}
