version: 2
n_points: 55
{
0.8218933333333333 0.4663513513513512
0.86896 0.593540540540541
0.9277733333333333 0.7366216216216215
0.8885599999999999 0.8836756756756764
0.7591466666666667 0.9273918918918913
0.6336666666666668 0.9075270270270276
0.5591466666666667 0.8280405405405402
0.46110666666666666 0.7604729729729727
0.37483999999999995 0.6968783783783778
0.28071999999999964 0.6173783783783788
0.1944400000000004 0.5418648648648643
0.13169333333333344 0.45840540540540575
0.09247999999999967 0.3630135135135143
0.07288000000000006 0.2994189189189195
0.07288000000000006 0.23582432432432465
0.06502666666666679 0.18017567567567527
0.08071999999999968 0.13645945945945892
0.11993333333333345 0.10068918918918945
0.135626666666667 0.07286486486486554
0.1669999999999997 0.0569729729729731
0.5826799999999999 0.43455405405405456
0.6767999999999998 0.478270270270271
0.7591466666666667 0.5617432432432428
0.7983600000000002 0.6889189189189191
0.8101333333333331 0.7962432432432436
0.7395466666666668 0.8598243243243237
0.6297333333333333 0.8638108108108111
0.5513066666666668 0.7843108108108107
0.46895999999999993 0.716743243243243
0.3826799999999999 0.6611081081081085
0.3395466666666668 0.6213513513513516
0.3081733333333333 0.5816081081081079
0.26502666666666674 0.5259729729729733
0.25718666666666645 0.4663513513513512
0.25326666666666675 0.4027567567567564
0.5826799999999999 0.366986486486487
0.5199333333333334 0.33916216216216155
0.46895999999999993 0.26364864864864856
0.4415066666666667 0.1960810810810809
0.39444 0.14837837837837864
0.3591466666666664 0.17620270270270255
0.36699999999999966 0.25967567567567573
0.3591466666666664 0.37095945945945974
0.33562666666666696 0.45044594594594556
0.3434666666666666 0.5219864864864858
0.3826799999999999 0.5816081081081079
0.4415066666666667 0.5975135135135137
0.5160133333333332 0.593540540540541
0.57484 0.565716216216217
0.6022933333333333 0.4981486486486494
0.46895999999999993 0.6849459459459464
0.5395466666666668 0.6889189189189191
0.6062133333333335 0.6929054054054051
0.6650266666666669 0.6929054054054051
0.7395466666666668 0.716743243243243
}
