version: 2
n_points: 55
{
0.8584915254237288 0.9512178217821781
0.8984957627118645 0.8587623762376239
0.9472245762711865 0.7052970297029705
0.9747669491525425 0.551831683168317
0.9556991525423729 0.3736138613861387
0.9027330508474577 0.25975247524752487
0.8370550847457627 0.18054455445544568
0.7671398305084747 0.13599009900990114
0.6908686440677967 0.09143564356435657
0.5976483050847459 0.05183168316831697
0.504427966101695 0.05183168316831697
0.41968220338983053 0.08153465346534668
0.3328177966101695 0.12608910891089123
0.25230932203389833 0.20034653465346547
0.18239406779661027 0.30430693069306947
0.1103601694915255 0.4082673267326734
0.05315677966101706 0.5122277227722773
0.01925847457627128 0.6607425742574259
0.040444915254237324 0.7696534653465348
0.055275423728813666 0.8637128712871288
0.580699152542373 0.848861386138614
0.6760381355932203 0.8191584158415843
0.7629025423728815 0.7795544554455447
0.8306991525423729 0.7003465346534655
0.8879025423728815 0.5815346534653467
0.9196822033898305 0.45282178217821795
0.8963771186440679 0.348861386138614
0.8434110169491527 0.2647029702970298
0.7713771186440679 0.2201485148514853
0.7120550847457627 0.19539603960396054
0.6315466101694915 0.15579207920792093
0.5489194915254239 0.15579207920792093
0.46629237288135605 0.16569306930693084
0.38790254237288146 0.24490099009901004
0.3137500000000001 0.34391089108910905
0.5446822033898306 0.9330198019801982
0.515021186440678 0.8340099009900992
0.42180084745762714 0.7696534653465348
0.3709533898305085 0.8191584158415843
0.3201059322033899 0.8538118811881189
0.2904449152542373 0.7548019801980199
0.3603601694915255 0.6854950495049507
0.38154661016949154 0.4825247524752477
0.4451059322033899 0.38351485148514863
0.4959533898305085 0.33400990099009914
0.5679872881355933 0.33400990099009914
0.6040042372881357 0.4231188118811883
0.6040042372881357 0.5419306930693071
0.6124788135593221 0.6656930693069308
0.6336652542372883 0.8092574257425744
0.6061228813559323 0.19539603960396054
0.6823940677966103 0.2696534653465348
0.7438347457627119 0.3736138613861387
0.8031567796610171 0.4280693069306932
0.8667161016949153 0.546881188118812
}
