version: 2
n_points: 55
{
0.1374276315789472 0.2140932475884243
0.0625 0.3534308681672027
0.01133114035087726 0.5302797427652735
0.020467105263157828 0.72856270096463
0.08077412280701773 0.8679003215434085
0.19042324561403526 0.9616816720257234
0.2836250000000002 0.9831189710610932
0.38779166666666687 0.9697202572347265
0.49926973684210507 0.9000546623794213
0.5833333333333334 0.8384244372990354
0.6509495614035089 0.7821543408360129
0.7258771929824561 0.7124855305466238
0.78252850877193 0.6454983922829582
0.8464912280701754 0.5677909967845658
0.8866951754385967 0.4713279742765273
0.9232456140350878 0.39094212218649504
0.9634495614035089 0.3159163987138264
0.9908618421052633 0.20337620578778137
0.9707609649122805 0.08279742765273312
0.9104539473684209 0.015810289389067256
0.41885964912280704 0.2837620578778135
0.3256578947368421 0.29180064308681675
0.21966447368421035 0.33199356913183276
0.14656359649122824 0.3989807073954983
0.10270394736842124 0.50348231511254
0.09722149122807036 0.6562154340836012
0.12098026315789455 0.7714372990353698
0.21052631578947367 0.8545016077170418
0.2982456140350877 0.8786173633440515
0.4133771929824561 0.8571800643086815
0.4828223684210525 0.8277073954983923
0.5614035087719298 0.7741157556270096
0.6125723684210528 0.72856270096463
0.6637434210526314 0.6696141479099679
0.7094298245614035 0.6187041800643087
0.5029232456140352 0.14174598070739575
0.5705416666666665 0.14442765273311875
0.6345021929824564 0.14174598070739575
0.6765350877192983 0.08547588424437325
0.7203947368421053 0.10155305466237974
0.694809210526316 0.23553054662379425
0.6217105263157895 0.35074919614147904
0.6162280701754386 0.47400964630225095
0.5760241228070173 0.575829581993569
0.5102346491228068 0.6187041800643087
0.46271929824561403 0.5999453376205787
0.41520394736842126 0.5436752411575562
0.3731732456140349 0.48740514469453367
0.34210526315789475 0.38826366559485526
0.3128662280701753 0.3159163987138264
0.44992763157894716 0.8089485530546623
0.3731732456140349 0.7794758842443731
0.27631578947368424 0.7848327974276527
0.2032171052631577 0.7419614147909968
0.14473684210526316 0.6803311897106108
}
