version: 2
n_points: 55
{
0.7887978723404254 0.2717704918032787
0.8666861702127661 0.3713032786885244
0.9407765957446808 0.5147459016393441
0.9730691489361702 0.6728278688524588
0.9635744680851063 0.7752868852459015
0.9369787234042553 0.863106557377049
0.8799840425531915 0.9275081967213115
0.8058989361702129 0.9538524590163935
0.7128138297872342 0.9509262295081965
0.6273244680851064 0.9216557377049182
0.5152446808510638 0.8689590163934424
0.4012606382978724 0.7928442622950818
0.30057978723404266 0.6991721311475407
0.2131914893617023 0.5908606557377047
0.1448031914893615 0.49718032786885247
0.07451595744680861 0.4210655737704918
0.02512234042553163 0.29518852459016376
0.027021276595744936 0.17516393442622957
0.08591489361702154 0.08441803278688509
0.15240425531914914 0.03464754098360634
0.602627659574468 0.3683770491803279
0.6900159574468085 0.3800819672131148
0.7831010638297873 0.43277868852459
0.8419893617021276 0.5205983606557375
0.8780851063829787 0.6406229508196721
0.8685851063829786 0.7869918032786883
0.8419893617021276 0.8601803278688525
0.7754999999999999 0.8865245901639345
0.667218085106383 0.8777459016393441
0.5722340425531913 0.8338278688524589
0.5038457446808511 0.8074836065573768
0.4392553191489361 0.7606475409836064
0.38036702127659583 0.6991721311475407
0.32147340425531923 0.6259836065573771
0.29297872340425557 0.5147459016393441
0.5912340425531915 0.2834836065573769
0.5361382978723404 0.3332459016393443
0.441154255319149 0.30982786885245883
0.384164893617021 0.21029508196721314
0.3195744680851066 0.1985819672131146
0.3423723404255319 0.29811475409836075
0.3936648936170214 0.365450819672131
0.3936648936170214 0.46790983606557357
0.40696276595744685 0.567434426229508
0.44685638297872343 0.6172049180327868
0.5190425531914893 0.5967131147540982
0.5798351063829787 0.5645081967213115
0.631127659574468 0.5118196721311477
0.657723404255319 0.4620491803278689
0.6805159574468086 0.3859426229508195
0.5931329787234043 0.8250491803278689
0.6463244680851065 0.8016311475409834
0.7147127659574467 0.7899180327868853
0.7849999999999999 0.7752868852459015
0.8324946808510639 0.7518606557377048
}
