version: 2
n_points: 55
{
0.3069240506329116 0.12014814814814835
0.4335063291139243 0.0747481481481482
0.5233417721518987 0.04845925925925927
0.6213417721518989 0.038903703703703774
0.752012658227848 0.07235555555555556
0.8459240506329114 0.13448148148148129
0.911253164556962 0.20617037037037056
0.9316708860759494 0.2515703703703703
0.8867594936708861 0.32802962962962956
0.8459240506329114 0.4307777777777776
0.7887594936708862 0.5215777777777778
0.7438354430379748 0.6004296296296295
0.6580886075949368 0.7031777777777776
0.5838227848101267 0.7724148148148149
0.5236962025316457 0.8501925925925927
0.46673417721519006 0.9020444444444445
0.37496202531645584 0.9483407407407408
0.2736962025316457 0.9668592592592593
0.16926582278481028 0.9687111111111112
0.05534177215189895 0.9650074074074075
0.2800253164556964 0.40389629629629636
0.30534177215189895 0.3316740740740742
0.3686329113924053 0.23167407407407414
0.46673417721519006 0.17056296296296303
0.5331898734177216 0.15574814814814822
0.6281265822784812 0.1687111111111112
0.7483797468354432 0.18722962962962972
0.7895189873417723 0.2557481481481482
0.7990126582278483 0.31500740740740746
0.786354430379747 0.37056296296296304
0.7547088607594938 0.42797037037037045
0.7325569620253166 0.47797037037037043
0.7040759493670887 0.5187111111111112
0.6502784810126584 0.5687111111111112
0.5774936708860761 0.6205629629629631
0.17243037974683562 0.42982222222222227
0.23255696202531662 0.4742666666666667
0.28635443037974706 0.5372296296296297
0.2610379746835445 0.6038962962962964
0.19458227848101284 0.6576000000000001
0.32749367088607617 0.6390814814814816
0.3812911392405065 0.5742666666666667
0.4730632911392407 0.5650074074074075
0.5426835443037976 0.5224148148148149
0.5711645569620255 0.470562962962963
0.5680000000000002 0.40574814814814825
0.5268607594936711 0.3631555555555556
0.4604050632911394 0.3372296296296297
0.3907848101265825 0.3298222222222223
0.32749367088607617 0.3261185185185186
0.7388860759493673 0.40204444444444454
0.7325569620253166 0.34278518518518525
0.7135696202531647 0.28537777777777784
0.6945822784810128 0.23537777777777785
0.6534430379746837 0.2076000000000001
}
