version: 2
n_points: 55
{
0.1886013986013988 0.9350634920634919
0.12714685314685326 0.81
0.07204895104895102 0.7041904761904763
0.03814685314685304 0.5165873015873014
0.07416783216783213 0.30976190476190457
0.12926573426573437 0.1895079365079364
0.2034335664335665 0.1029365079365081
0.30090909090909074 0.09331746031746013
0.3877972027972027 0.14141269841269832
0.4746783216783218 0.19912698412698393
0.5446083916083917 0.2087619047619046
0.620895104895105 0.2087619047619046
0.6908251748251749 0.22319047619047627
0.7692307692307693 0.24723809523809515
0.8391608391608392 0.30976190476190457
0.906972027972028 0.3434285714285714
0.9514755244755243 0.4396349206349206
0.9705454545454546 0.607984126984127
0.9514755244755243 0.7186190476190476
0.9387552447552449 0.8148095238095238
0.428055944055944 0.8581111111111113
0.35812587412587404 0.8533015873015874
0.2839580419580419 0.8292380952380951
0.22250349650349638 0.7811428571428569
0.15893006993006975 0.6705079365079364
0.12714685314685326 0.5165873015873014
0.14621678321678316 0.30976190476190457
0.2097902097902098 0.2087619047619046
0.2881958041958041 0.1895079365079364
0.36024475524475513 0.2087619047619046
0.42381818181818176 0.26166666666666694
0.4937482517482517 0.2953333333333332
0.5552027972027972 0.2905238095238094
0.6378461538461537 0.2953333333333332
0.7162517482517481 0.40596825396825387
0.4725594405594407 0.8581111111111113
0.5106993006993005 0.8003809523809525
0.572153846153846 0.7763333333333332
0.6272517482517482 0.8725396825396825
0.6653986013986013 0.8196190476190476
0.644202797202797 0.6945714285714287
0.642083916083916 0.6176031746031745
0.6463216783216782 0.5165873015873014
0.6187762237762239 0.44925396825396824
0.5552027972027972 0.42039682539682555
0.500104895104895 0.42520634920634937
0.4577272727272726 0.4684920634920633
0.42169930069930067 0.5550793650793651
0.4047482517482519 0.6753174603174601
0.38355244755244766 0.8003809523809525
0.4450069930069932 0.2953333333333332
0.3899160839160838 0.32419047619047636
0.32846153846153864 0.3723015873015876
0.2564125874125872 0.42039682539682555
0.19072027972027988 0.5213968253968256
}
