version: 2
n_points: 55
{
0.9446254071661238 0.33999999999999997
0.9804560260586319 0.4933333333333333
0.9837133550488599 0.6466666666666667
0.9543973941368078 0.78
0.8892508143322475 0.88
0.7882736156351792 0.9466666666666667
0.7035830618892508 0.9666666666666667
0.6123778501628665 0.9666666666666667
0.5374592833876222 0.94
0.48859934853420195 0.9133333333333333
0.4136807817589576 0.8866666666666667
0.3420195439739414 0.8533333333333333
0.25732899022801303 0.8133333333333334
0.1596091205211726 0.74
0.09446254071661242 0.6733333333333333
0.04885993485342022 0.5666666666666667
0.026058631921824116 0.45999999999999996
0.016286644951140072 0.31999999999999995
0.032573289902280145 0.18666666666666665
0.0912052117263844 0.033333333333333326
0.6677524429967427 0.38
0.742671009771987 0.42000000000000004
0.8469055374592833 0.4733333333333334
0.9153094462540716 0.5666666666666667
0.9250814332247557 0.7066666666666667
0.8534201954397393 0.8
0.8013029315960912 0.8466666666666667
0.7361563517915309 0.8533333333333333
0.6677524429967427 0.8666666666666667
0.6091205211726385 0.86
0.5504885993485342 0.8533333333333333
0.50814332247557 0.8533333333333333
0.4820846905537459 0.8466666666666667
0.4364820846905537 0.8333333333333334
0.3843648208469055 0.8066666666666666
0.6384364820846906 0.31999999999999995
0.5700325732899023 0.3733333333333333
0.4755700325732899 0.38
0.4299674267100977 0.2666666666666667
0.35179153094462545 0.20666666666666667
0.3159609120521173 0.3866666666666667
0.34853420195439744 0.4933333333333333
0.38110749185667747 0.6133333333333333
0.42345276872964166 0.7333333333333334
0.4723127035830619 0.7933333333333333
0.5504885993485342 0.7933333333333333
0.5863192182410424 0.78
0.6286644951140066 0.7133333333333334
0.6644951140065147 0.6133333333333333
0.6905537459283387 0.45333333333333337
0.6026058631921825 0.8066666666666666
0.6775244299674268 0.8066666666666666
0.758957654723127 0.7666666666666666
0.8175895765472313 0.7133333333333334
0.8762214983713354 0.6133333333333333
}
