version: 2
n_points: 55
{
0.8708271604938272 0.061574999999999824
0.9302716049382717 0.1726875
0.9645617283950616 0.3023125
0.9577037037037037 0.46434999999999993
0.9142654320987653 0.5754625000000001
0.8731111111111111 0.6773125
0.8136728395061729 0.7560125
0.7427962962962964 0.7884250000000002
0.6787839506172841 0.7976875
0.6061604938271603 0.8306999999999999
0.5498827160493829 0.867475
0.47544444444444434 0.9115874999999999
0.40826543209876553 0.9373249999999999
0.3410925925925926 0.9373249999999999
0.2739197530864198 0.929975
0.20311111111111113 0.9005624999999998
0.12141358024691351 0.8454125000000001
0.0687592592592593 0.7645250000000001
0.048790123456790124 0.6836500000000001
0.02882098765432084 0.5365874999999999
0.5408024691358025 0.20570000000000022
0.6243148148148149 0.19467500000000015
0.7150925925925928 0.18732499999999985
0.7677469135802469 0.2204124999999998
0.8113209876543211 0.2976125000000003
0.8476296296296295 0.40056250000000015
0.8821234567901235 0.5181999999999999
0.820395061728395 0.6027625000000001
0.7677469135802469 0.6689374999999999
0.6878641975308644 0.679975
0.6225000000000002 0.7240874999999999
0.5498827160493829 0.7792375
0.471814814814815 0.8380624999999998
0.40100617283950635 0.867475
0.3320123456790124 0.8380624999999998
0.5008580246913581 0.23511250000000028
0.4627345679012347 0.3159999999999996
0.3701419753086421 0.3968874999999997
0.293888888888889 0.3711500000000001
0.23216049382716053 0.40056250000000015
0.2739197530864198 0.5218875000000001
0.3556172839506173 0.5917375
0.391925925925926 0.6836500000000001
0.4354999999999999 0.7314374999999999
0.4845185185185187 0.6615874999999999
0.5026790123456792 0.554975
0.522648148148148 0.4042375
0.5898209876543209 0.3527625000000001
0.6479197530864199 0.31967500000000015
0.6733395061728396 0.21673750000000003
0.546246913580247 0.7351125
0.6043456790123456 0.6983499999999999
0.6715185185185185 0.6027625000000001
0.7441419753086419 0.5512875000000002
0.8113209876543211 0.5365874999999999
}
