version: 2
n_points: 55
{
0.17646082949308745 0.19110526315789478
0.09904147465437797 0.28935087719298236
0.04927188940092169 0.43671929824561406
0.02346543778801836 0.591105263157895
0.04005529953917054 0.6998771929824561
0.07692165898617515 0.8016315789473687
0.13037788018433166 0.868298245614035
0.19489400921658973 0.917421052631579
0.2723133640552995 0.956017543859649
0.3423594470046082 0.9419824561403511
0.42346543778801843 0.9209298245614034
0.5432811059907834 0.8612807017543858
0.6723133640552997 0.7875964912280702
0.7810691244239629 0.7104035087719298
0.8787649769585254 0.5805789473684209
0.9340645161290323 0.475315789473684
0.9746175115207372 0.31391228070175436
0.9783041474654379 0.20163157894736838
0.9506543778801845 0.11040350877192995
0.9027281105990785 0.040228070175438724
0.39028571428571435 0.21566666666666678
0.28705990783410124 0.2823333333333331
0.1893640552995391 0.38057894736842124
0.14881105990783397 0.45075438596491246
0.12300460829493091 0.5770701754385965
0.14328110599078334 0.7033859649122804
0.16724423963133628 0.8086491228070174
0.2299170506912442 0.8472456140350878
0.29996313364055294 0.8612807017543858
0.39212903225806445 0.7911052631578945
0.44742857142857134 0.7875964912280702
0.5359078341013823 0.7525087719298246
0.6188571428571428 0.692859649122807
0.6704700460829491 0.6051403508771929
0.6833732718894011 0.563035087719298
0.44374193548387086 0.22268421052631604
0.4806082949308755 0.285842105263158
0.572774193548387 0.2963684210526316
0.6225437788018432 0.19110526315789478
0.6999631336405533 0.1384736842105263
0.6870599078341013 0.2402280701754388
0.6170138248847926 0.36654385964912284
0.6170138248847926 0.5068947368421053
0.5672442396313363 0.5384736842105265
0.48245161290322586 0.5560175438596493
0.42530875576036853 0.4963684210526317
0.3939723502304148 0.40163157894736845
0.37738248847926265 0.3525087719298243
0.3663225806451614 0.2823333333333331
0.35341935483870973 0.25426315789473675
0.5027281105990783 0.7349649122807018
0.4105622119815667 0.7384736842105262
0.3202396313364056 0.7068947368421054
0.24466359447004601 0.6472456140350877
0.18567741935483859 0.5946140350877194
}
