version: 2
n_points: 55
{
0.7729150943396224 0.1440922330097087
0.5632641509433964 0.09554854368932035
0.3903113207547169 0.028126213592232926
0.20163207547169804 0.047004854368932
0.1072924528301886 0.11982038834951453
0.04964150943396227 0.20611650485436883
0.05487735849056611 0.29241747572815535
0.07041509433962263 0.36927669902912635
0.09736792452830187 0.44209223300970885
0.09399999999999999 0.5131747572815537
0.11758490566037734 0.5755873786407768
0.14453773584905685 0.6484029126213594
0.1883396226415094 0.7108203883495144
0.2658396226415092 0.7853689320388347
0.3466981132075472 0.8581844660194172
0.4612547169811318 0.9136601941747575
0.5791792452830186 0.9622038834951459
0.7442735849056601 0.9778106796116504
0.8655660377358491 0.9760728155339807
0.9565377358490563 0.9344660194174758
0.7341603773584908 0.41088834951456327
0.6667830188679242 0.3588786407766989
0.6061320754716981 0.2912621359223301
0.5488584905660375 0.23231553398058266
0.3736509433962267 0.15603398058252413
0.20855660377358518 0.15950000000000014
0.1748679245283019 0.24271844660194175
0.14791509433962238 0.3363398058252427
0.14453773584905685 0.3918155339805828
0.14791509433962238 0.44209223300970885
0.17149999999999976 0.4889029126213595
0.20518867924528303 0.5235776699029124
0.22540566037735824 0.5669223300970871
0.2557264150943399 0.5981262135922333
0.286047169811321 0.6362669902912622
0.8285000000000002 0.4368932038834951
0.7779622641509434 0.48716990291262124
0.7139528301886789 0.5877233009708739
0.7644905660377359 0.6432038834951457
0.8049150943396229 0.6986844660194174
0.7442735849056601 0.6865485436893203
0.6398207547169814 0.6258689320388349
0.49831132075471724 0.6137330097087378
0.4309339622641507 0.5686553398058254
0.3635471698113208 0.4889029126213595
0.33659433962264124 0.44209223300970885
0.39049999999999974 0.4056844660194176
0.49157547169811344 0.39008252427184453
0.5218962264150946 0.34847572815533984
0.6229811320754717 0.33286893203883505
0.23550943396226415 0.5357135922330095
0.17149999999999976 0.4368932038834951
0.19170754716981156 0.3311359223300971
0.24562264150943397 0.2496553398058251
0.3062641509433962 0.1837718446601943
}
