version: 2
n_points: 55
{
0.9321666666666665 0.4731364902506964
0.9607125603864732 0.35918384401114206
0.9870628019323672 0.21737604456824516
0.9431449275362318 0.07810027855153202
0.8531135265700485 0.014793871866295265
0.738929951690821 0.019857938718662965
0.6379178743961351 0.06037325905292481
0.5500845410628017 0.11608356545961004
0.4776207729468597 0.17939275766016713
0.40076570048309157 0.24016713091922004
0.3129299516908215 0.30347353760445683
0.22948792270531415 0.3667799442896936
0.1438478260869568 0.4706044568245125
0.07577536231884086 0.5718969359331476
0.0472294685990341 0.6402674094707521
0.018683574879226783 0.7213008356545961
0.009898550724637523 0.8149944289693594
0.02966183574879222 0.8934958217270195
0.06260144927536215 0.9517381615598886
0.1109106280193235 0.987192200557103
0.5632584541062804 0.6529303621169916
0.6445072463768117 0.6200083565459611
0.7059903381642512 0.5541699164345404
0.7960217391304351 0.4807325905292479
0.8487222222222225 0.3617158774373259
0.8728768115942032 0.24523119777158778
0.8662898550724638 0.10089136490250696
0.7894347826086957 0.07303621169916434
0.6906207729468596 0.09329247910863511
0.6181570048309177 0.14393871866295266
0.552280193236715 0.1895208913649025
0.4885990338164251 0.24523119777158778
0.39857004830917886 0.29587743732590527
0.3041473429951689 0.3642479108635097
0.23387922705314013 0.49592757660167136
0.5500845410628017 0.7238328690807799
0.45785748792270553 0.7263649025069637
0.3919806763285023 0.7466239554317549
0.36782608695652164 0.7922061281337047
0.3151256038647343 0.8048662952646239
0.33708454106280217 0.7491559888579388
0.3897850241545896 0.6681225626740946
0.38319806763285025 0.5642980501392758
0.36343478260869566 0.4883314763231198
0.4095483091787442 0.42249025069637886
0.47542512077294696 0.4148941504178273
0.5412995169082124 0.4148941504178273
0.6005893719806763 0.4376852367688022
0.6379178743961351 0.4706044568245125
0.6796400966183578 0.5339108635097494
0.44468115942028974 0.29334540389972147
0.514949275362319 0.2654902506963788
0.594002415458937 0.2477632311977716
0.692816425120773 0.22750417827298053
0.7850434782608696 0.2021810584958217
}
