version: 2
n_points: 55
{
0.14436458333333313 0.6577078651685393
0.07926041666666646 0.49969662921348323
0.056479166666666934 0.3065842696629213
0.10530208333333313 0.14155056179775294
0.1801770833333336 0.07834831460674174
0.28108333333333313 0.06430337078651704
0.37222916666666644 0.0818651685393259
0.4601250000000003 0.10643820224719114
0.5317395833333336 0.1661348314606742
0.6261354166666665 0.2293370786516854
0.7075208333333336 0.2855168539325843
0.7888958333333331 0.34520224719101145
0.8670208333333331 0.3978764044943821
0.9060833333333331 0.5032134831460674
0.9288750000000002 0.6261011235955057
0.9484062500000002 0.7384606741573035
0.9386354166666665 0.864865168539326
0.8995729166666665 0.9280674157303372
0.837729166666667 0.9456292134831461
0.7856458333333336 0.9350898876404495
0.41780208333333313 0.6436629213483146
0.3168958333333336 0.6085505617977528
0.22248958333333313 0.5418314606741574
0.1801770833333336 0.4470337078651685
0.16389583333333313 0.35222471910112374
0.18668750000000026 0.2293370786516854
0.22248958333333313 0.1450674157303371
0.3429375000000003 0.12750561797752824
0.4210625000000003 0.16964044943820245
0.505697916666667 0.22582022471910124
0.5903333333333336 0.27497752808988785
0.6521770833333331 0.3276516853932585
0.7107708333333331 0.3768089887640449
0.7726250000000002 0.46458426966292143
0.7726250000000002 0.5523707865168539
0.4047812499999998 0.7279325842696629
0.505697916666667 0.7349550561797753
0.5805624999999998 0.7419775280898877
0.6098645833333336 0.7946404494382024
0.6717083333333331 0.8016629213483147
0.6456666666666665 0.7209101123595506
0.6261354166666665 0.6296179775280899
0.6651979166666665 0.5418314606741574
0.6456666666666665 0.4610786516853933
0.5805624999999998 0.42947191011235963
0.5154583333333331 0.4259662921348315
0.46988541666666644 0.4329887640449439
0.4243124999999998 0.4610786516853933
0.3754895833333336 0.5348089887640451
0.3429375000000003 0.5804606741573034
0.4796562500000003 0.24688764044943834
0.4275729166666669 0.2363595505617978
0.3494479166666669 0.2293370786516854
0.2680624999999998 0.2363595505617978
0.21272916666666694 0.23986516853932605
}
