version: 2
n_points: 55
{
0.8099173553719008 0.7674418604651163
0.8801652892561983 0.627906976744186
0.9380165289256198 0.5116279069767442
0.9793388429752066 0.3488372093023256
0.9669421487603306 0.1744186046511628
0.9049586776859504 0.11627906976744186
0.8140495867768596 0.05813953488372093
0.731404958677686 0.05813953488372093
0.6611570247933884 0.08139534883720931
0.5743801652892562 0.12790697674418605
0.48347107438016534 0.12790697674418605
0.40909090909090906 0.12790697674418605
0.35123966942148765 0.1511627906976744
0.27685950413223137 0.1744186046511628
0.19834710743801653 0.22093023255813954
0.12809917355371903 0.313953488372093
0.07438016528925617 0.47674418604651164
0.03305785123966942 0.6395348837209303
0.02066115702479343 0.7906976744186046
0.03305785123966942 0.9418604651162791
0.5495867768595042 0.627906976744186
0.6363636363636364 0.5813953488372093
0.7231404958677685 0.5465116279069767
0.7933884297520661 0.46511627906976744
0.8429752066115702 0.4069767441860465
0.884297520661157 0.313953488372093
0.871900826446281 0.22093023255813954
0.8223140495867769 0.20930232558139536
0.7520661157024793 0.18604651162790697
0.7066115702479339 0.19767441860465115
0.640495867768595 0.16279069767441862
0.5826446280991735 0.1744186046511628
0.5454545454545454 0.1744186046511628
0.48347107438016534 0.20930232558139536
0.4173553719008265 0.29069767441860467
0.5 0.686046511627907
0.4504132231404959 0.627906976744186
0.39669421487603307 0.5465116279069767
0.3347107438016529 0.6395348837209303
0.2975206611570248 0.6627906976744186
0.3099173553719008 0.5465116279069767
0.359504132231405 0.46511627906976744
0.42148760330578516 0.4418604651162791
0.47933884297520657 0.37209302325581395
0.5371900826446281 0.3372093023255814
0.5826446280991735 0.3488372093023256
0.615702479338843 0.3488372093023256
0.6446280991735538 0.38372093023255816
0.6652892561983471 0.4418604651162791
0.6652892561983471 0.5465116279069767
0.7231404958677685 0.22093023255813954
0.7603305785123967 0.26744186046511625
0.78099173553719 0.29069767441860467
0.8140495867768596 0.32558139534883723
0.8347107438016529 0.36046511627906974
}
