version: 2
n_points: 55
{
0.5550689655172414 0.14222077922077914
0.46065517241379306 0.09815584415584407
0.35391954022988503 0.05177272727272736
0.2636091954022988 0.037857142857142756
0.16919540229885055 0.06105194805194797
0.10350574712643673 0.11438961038961029
0.07477011494252868 0.19092207792207783
0.05835632183908044 0.272090909090909
0.06656321839080456 0.3602142857142858
0.09940229885057467 0.4437012987012986
0.14866666666666664 0.5225519480519482
0.18150574712643675 0.6106818181818183
0.21434482758620685 0.6872077922077922
0.25129885057471263 0.7753376623376622
0.32928735632183903 0.8425909090909092
0.41959770114942524 0.8982467532467535
0.5468620689655173 0.9492662337662339
0.7028505747126437 0.9701428571428574
0.8301149425287356 0.9539090909090912
0.9450574712643678 0.9075259740259741
0.6864367816091954 0.3648506493506494
0.5755977011494252 0.29991558441558447
0.4770689655172413 0.22107142857142867
0.378551724137931 0.16077272727272737
0.28413793103448276 0.1514935064935064
0.19382758620689655 0.15613636363636374
0.17329885057471262 0.21642857142857133
0.1527701149425287 0.27672727272727266
0.13635632183908045 0.35557792207792216
0.1650919540229885 0.4274675324675324
0.21434482758620685 0.4877662337662337
0.23897701149425285 0.5573376623376622
0.275919540229885 0.6292337662337661
0.29644827586206896 0.6895259740259742
0.34981609195402297 0.7359090909090908
0.6987471264367816 0.40196103896103885
0.6782183908045977 0.439064935064935
0.7315862068965516 0.550383116883117
0.7931609195402298 0.6060389610389609
0.8218965517241379 0.659383116883117
0.6946436781609195 0.6640194805194806
0.6166436781609195 0.6292337662337661
0.4770689655172413 0.6292337662337661
0.39497701149425285 0.6083571428571429
0.34981609195402297 0.548064935064935
0.3087701149425287 0.4761688311688311
0.3333908045977011 0.4112337662337661
0.38265517241379304 0.37412987012987003
0.4770689655172413 0.3578961038961038
0.5755977011494252 0.33702597402597395
0.2184482758620689 0.4460194805194806
0.24718390804597695 0.38340909090909103
0.25129885057471263 0.31614935064935074
0.2636091954022988 0.2604935064935064
0.2923448275862069 0.2001948051948051
}
