version: 2
n_points: 55
{
0.42337500000000006 0.09958333333333319
0.5662222222222218 0.05412878787878774
0.7289305555555556 0.043310606060605945
0.8519444444444441 0.07578030303030292
0.9074999999999996 0.14937121212121202
0.9194027777777778 0.23594696969696957
0.8995555555555552 0.3246969696969698
0.8559027777777778 0.40911363636363623
0.7924166666666663 0.4870303030303031
0.7249583333333334 0.5498030303030303
0.6773333333333329 0.6147348484848484
0.6336805555555556 0.6710151515151516
0.5741666666666663 0.7532651515151514
0.5225694444444444 0.7965530303030302
0.46701388888888884 0.8550000000000001
0.41145833333333337 0.9285909090909091
0.31622222222222185 0.9632196969696968
0.1694027777777778 0.9567272727272728
0.062263888888888896 0.8982878787878789
0.07019444444444412 0.8073787878787879
0.3559027777777778 0.3550000000000001
0.41145833333333337 0.24893939393939404
0.4828888888888885 0.14720454545454534
0.6019444444444442 0.10174999999999987
0.6971805555555556 0.09525757575757585
0.8043194444444445 0.10608333333333322
0.8559027777777778 0.1731818181818183
0.8678194444444445 0.2532651515151514
0.8360694444444445 0.3550000000000001
0.7884444444444441 0.43941666666666657
0.7368611111111107 0.5043484848484849
0.6932083333333334 0.5671212121212122
0.6495555555555552 0.6363863636363636
0.578125 0.7099772727272726
0.47495833333333337 0.7879015151515151
0.3003472222222222 0.39828787878787886
0.3201944444444441 0.45240151515151505
0.28051388888888895 0.5216666666666667
0.18923611111111116 0.5801060606060607
0.16145833333333337 0.6472045454545453
0.20115277777777785 0.6666893939393939
0.3559027777777778 0.6147348484848484
0.490833333333333 0.5995833333333332
0.5662222222222218 0.5498030303030303
0.5662222222222218 0.4956893939393938
0.5543194444444445 0.4545681818181817
0.5067083333333333 0.4220984848484847
0.4630555555555552 0.39179545454545445
0.41145833333333337 0.3658181818181819
0.3836805555555556 0.3614924242424241
0.7130555555555552 0.4805378787878787
0.7130555555555552 0.3744772727272726
0.6932083333333334 0.2640909090909092
0.6733750000000001 0.20131818181818192
0.6416250000000001 0.13638636363636353
}
