version: 2
n_points: 55
{
0.830028328611898 0.10928961748633881
0.9065155807365439 0.3005464480874317
0.9688385269121813 0.47540983606557374
0.9858356940509915 0.639344262295082
0.9546742209631728 0.7923497267759563
0.8951841359773371 0.8961748633879781
0.8073654390934845 0.9562841530054644
0.708215297450425 0.9726775956284153
0.6062322946175638 0.9726775956284153
0.5042492917847026 0.9180327868852459
0.4249291784702549 0.8524590163934427
0.33994334277620397 0.7650273224043715
0.2606232294617564 0.6721311475409837
0.18130311614730876 0.5792349726775956
0.10481586402266285 0.4808743169398907
0.053824362606232246 0.4098360655737705
0.019830028328611915 0.3114754098360656
0.014164305949008527 0.20765027322404372
0.03399433427762044 0.09836065573770492
0.09065155807365444 0.02732240437158473
0.6203966005665722 0.2786885245901639
0.6940509915014164 0.30601092896174864
0.7762039660056657 0.33333333333333337
0.8385269121813032 0.4316939890710383
0.8838526912181304 0.5519125683060109
0.886685552407932 0.7267759562841529
0.8328611898016998 0.825136612021858
0.7563739376770539 0.8633879781420765
0.6713881019830028 0.8797814207650273
0.594900849858357 0.8524590163934427
0.5325779036827196 0.819672131147541
0.4815864022662889 0.7868852459016393
0.43909348441926344 0.7540983606557377
0.40226628895184136 0.6939890710382514
0.3796033994334278 0.644808743169399
0.5439093484419264 0.1311475409836066
0.49575070821529743 0.1912568306010929
0.4362606232294618 0.20218579234972678
0.38243626062322944 0.1584699453551912
0.35127478753541075 0.16393442622950816
0.3739376770538244 0.2786885245901639
0.41359773371104813 0.3989071038251366
0.45892351274787535 0.5027322404371585
0.4617563739376771 0.6010928961748634
0.5127478753541077 0.6721311475409837
0.56657223796034 0.6830601092896175
0.6345609065155807 0.6721311475409837
0.6713881019830028 0.5792349726775956
0.6855524079320113 0.45355191256830596
0.7110481586402266 0.3387978142076503
0.5580736543909348 0.7923497267759563
0.6345609065155807 0.8032786885245902
0.7195467422096318 0.7814207650273224
0.7875354107648725 0.7540983606557377
0.8555240793201133 0.6939890710382514
}
