version: 2
n_points: 55
{
0.82595 0.1784273858921161
0.73465 0.1188921161825727
0.59551 0.061161825726141116
0.4085599999999999 0.023273858921161746
0.26943 0.03590456431535278
0.19551000000000002 0.07378838174273865
0.11290999999999997 0.13693360995850612
0.06507999999999996 0.22352697095435686
0.052039999999999934 0.3119253112033194
0.08682000000000002 0.41295435684647325
0.1303 0.5103775933609958
0.17811999999999997 0.6114024896265559
0.2303 0.7016099585062239
0.3042100000000001 0.7936141078838173
0.38247 0.8459336099585062
0.49986 0.9036639004149378
0.55204 0.9415518672199169
0.6737799999999998 0.9758257261410788
0.8172499999999999 0.9794356846473028
0.9591 0.9724896265560166
0.8175999999999999 0.3895020746887967
0.7216 0.3081742738589211
0.7056 0.24676348547717852
0.6416 0.19697095435684658
0.5695999999999999 0.15879668049792522
0.45760000000000006 0.12062240663900411
0.37760000000000005 0.11232365145228212
0.24959999999999993 0.12228215767634866
0.1936 0.1803734439834026
0.1736 0.2816182572614108
0.17760000000000006 0.36792531120331934
0.22159999999999996 0.43929460580912866
0.2336 0.5073443983402489
0.2336 0.5737344398340248
0.38159999999999994 0.6782987551867221
0.8496000000000001 0.416058091286307
0.7056 0.469170124481328
0.6456000000000001 0.5538174273858922
0.7256 0.6318257261410788
0.7415999999999999 0.6716597510373444
0.6856 0.6202074688796682
0.6095999999999999 0.6019502074688798
0.48560000000000003 0.5936514522821579
0.38959999999999995 0.5405394190871369
0.3736 0.4957261410788383
0.40159999999999996 0.4276763485477181
0.42560000000000003 0.3695850622406641
0.5015999999999999 0.34302904564315334
0.6296 0.3397095435684647
0.7216 0.32643153526970936
0.24959999999999993 0.45091286307053924
0.26159999999999994 0.3812033195020747
0.31760000000000005 0.31149377593361016
0.3736 0.24344398340248968
0.4536 0.1621161825726141
}
