version: 2
n_points: 55
{
0.21314042553191498 0.18885714285714328
0.1011574468085106 0.3613445378151261
0.03172765957446816 0.5603697478991594
0.025008510638297912 0.7549747899159662
0.09891914893617013 0.9009327731092438
0.18402553191489354 0.9540000000000001
0.2937659574468086 0.9495798319327731
0.37887234042553203 0.9318907563025208
0.4572595744680852 0.9053529411764708
0.5356468085106383 0.8743949579831932
0.6073148936170215 0.8213193277310926
0.6655489361702127 0.7638235294117646
0.7260170212765958 0.6974789915966386
0.7797702127659574 0.6311344537815128
0.8447191489361703 0.5515294117647054
0.9186255319148934 0.47191596638655475
0.9678978723404256 0.3480756302521012
0.9813361702127661 0.1844285714285715
0.9231063829787232 0.06943697478991628
0.8088851063829786 0.03847899159663826
0.4102297872340425 0.2419243697478991
0.3363191489361703 0.29942857142857104
0.22209787234042547 0.3834621848739491
0.14147234042553183 0.49402521008403355
0.10787659574468085 0.5780588235294117
0.10339574468085107 0.7549747899159662
0.16610638297872352 0.861126050420168
0.24001702127659572 0.8566974789915967
0.3273617021276596 0.8434285714285714
0.4326255319148935 0.8345882352941174
0.4998127659574469 0.8257394957983191
0.5670042553191489 0.7859327731092438
0.6117957446808513 0.7240168067226892
0.6633063829787232 0.6355630252100837
0.7327361702127659 0.5603697478991594
0.4102297872340425 0.18000840336134494
0.48637446808510637 0.22866386554621865
0.5468468085106384 0.2419243697478991
0.6117957446808513 0.1711596638655467
0.6521106382978723 0.15789075630252092
0.627472340425532 0.2198151260504203
0.5983574468085108 0.3259579831932772
0.6140340425531915 0.44979831932773073
0.5782 0.5736386554621852
0.5266893617021277 0.6311344537815128
0.4550212765957447 0.6444033613445376
0.43710212765957446 0.5294117647058824
0.3833531914893618 0.4321092436974794
0.33408085106382984 0.40115126050420136
0.3049659574468084 0.33922689075630297
0.5782 0.737285714285714
0.4729361702127659 0.7682436974789916
0.35199574468085104 0.7549747899159662
0.2422553191489362 0.7638235294117646
0.1437106382978723 0.6974789915966386
}
