version: 2
n_points: 55
{
0.8582535211267606 0.35915602836879423
0.9457464788732395 0.4461985815602836
0.9734929577464788 0.5815957446808511
0.9649530516431926 0.7298865248226949
0.9137370892018778 0.8427163120567376
0.8347793427230047 0.926531914893617
0.7366150234741784 0.9619929078014183
0.6512535211267605 0.9555460992907802
0.5616244131455398 0.9458794326241134
0.4783990610328639 0.9362056737588652
0.4037089201877935 0.9136382978723405
0.32048356807511724 0.8717304964539005
0.24365727699530515 0.8233758865248227
0.18390610328638513 0.7363333333333334
0.13269014084507036 0.584822695035461
0.07933802816901414 0.47843971631205684
0.03879342723004686 0.3462624113475178
0.021718309859154794 0.17540425531914916
0.05799999999999994 0.08836879432624101
0.1220187793427231 0.033560283687943504
0.5722957746478874 0.35270921985815606
0.6832629107981222 0.37527659574468075
0.7771596244131457 0.39784397163120566
0.8433145539906102 0.44297872340425537
0.8731924882629108 0.5235673758865249
0.8774600938967136 0.6492978723404255
0.8411830985915494 0.7589007092198581
0.7835633802816901 0.8459432624113474
0.7024694835680749 0.8491631205673759
0.6192441314553991 0.8459432624113474
0.53175117370892 0.8588368794326241
0.4378544600938966 0.8427163120567376
0.35249295774647893 0.8040354609929078
0.2820704225352113 0.7169929078014184
0.24579342723004682 0.5815957446808511
0.5445539906103287 0.24955319148936184
0.4826666666666666 0.256
0.4250469483568077 0.2624468085106383
0.39730516431924867 0.2044184397163119
0.335417840375587 0.17540425531914916
0.3140798122065728 0.2624468085106383
0.3567605633802817 0.34948936170212763
0.35889201877934285 0.43330496453900713
0.3503568075117369 0.5235673758865249
0.4015727699530518 0.6138368794326241
0.454924882629108 0.6363971631205674
0.514676056338028 0.584822695035461
0.5786995305164317 0.5493617021276596
0.6192441314553991 0.47199290780141834
0.6640563380281691 0.3946170212765957
0.6064413145539908 0.829822695035461
0.6832629107981222 0.8201489361702127
0.7387511737089201 0.8040354609929078
0.7942347417840376 0.7556808510638298
0.8262441314553991 0.7040992907801418
}
