version: 2
n_points: 55
{
0.17324561403508773 0.614039473684211
0.13304385964912283 0.4660131578947373
0.09283333333333332 0.32346052631578903
0.0489736842105263 0.20832894736842067
0.12207894736842106 0.10417105263157933
0.22807017543859648 0.07674999999999965
0.3121315789473684 0.09868421052631582
0.3925438596491228 0.13157894736842102
0.49122807017543857 0.16447368421052633
0.5460526315789473 0.20285526315789515
0.6118421052631579 0.23026315789473684
0.6812894736842103 0.25767105263157863
0.743421052631579 0.3125
0.7945877192982459 0.383776315789474
0.8421052631578947 0.4714868421052627
0.8932719298245616 0.5427631578947368
0.9371315789473686 0.614039473684211
0.9627192982456141 0.745618421052632
0.9444473684210524 0.877197368421053
0.8896228070175436 0.9375
0.4290964912280702 0.5811447368421057
0.3267543859649123 0.5482500000000003
0.25730701754385965 0.493421052631579
0.2097982456140351 0.383776315789474
0.16228070175438597 0.2796052631578947
0.18421052631578946 0.1864078947368425
0.22807017543859648 0.13157894736842102
0.29385964912280704 0.16996052631578984
0.37792105263157894 0.19188157894736801
0.4692982456140351 0.22477631578947332
0.5497105263157895 0.2467105263157895
0.6228070175438597 0.252197368421053
0.6703245614035085 0.2850921052631583
0.7032192982456138 0.3399078947368417
0.7214912280701754 0.4111842105263157
0.44006140350877193 0.6469342105263162
0.5204649122807017 0.625
0.5972192982456143 0.6414473684210527
0.6191491228070177 0.7401315789473685
0.6776315789473685 0.7785131578947372
0.6812894736842103 0.7017499999999997
0.6337719298245614 0.6085526315789473
0.6337719298245614 0.4660131578947373
0.6301140350877196 0.36184210526315796
0.5570175438596491 0.3125
0.4985350877192982 0.32346052631578903
0.44371052631578944 0.3453947368421053
0.4108157894736842 0.4002236842105267
0.3925438596491228 0.44956578947368464
0.3706140350877193 0.5318026315789478
0.421780701754386 0.22477631578947332
0.3706140350877193 0.23026315789473684
0.29385964912280704 0.22477631578947332
0.23537719298245613 0.24122368421052598
0.20614035087719298 0.3070131578947364
}
