version: 2
n_points: 55
{
0.14717999999999998 0.0479662921348315
0.08034666666666662 0.20249438202247183
0.037333333333333295 0.3039887640449439
0.054540000000000075 0.4598426966292134
0.10615333333333335 0.5830674157303368
0.1749733333333334 0.6736853932584272
0.24808666666666682 0.7353033707865169
0.34486666666666677 0.7896629213483143
0.4222799999999999 0.8367865168539325
0.5061533333333333 0.8875280898876405
0.6072266666666667 0.9346516853932587
0.6911000000000002 0.938269662921348
0.7663666666666665 0.92014606741573
0.8201333333333332 0.8947752808988763
0.8695933333333334 0.8621573033707868
0.9083066666666665 0.8259101123595503
0.9534666666666666 0.7534269662921349
0.9685200000000002 0.6410674157303371
0.9620666666666667 0.5359550561797752
0.92766 0.470707865168539
0.49110000000000015 0.318483146067416
0.38572666666666655 0.285865168539326
0.2825 0.27498876404494366
0.19432666666666668 0.2532359550561799
0.12550666666666663 0.3039887640449439
0.1126066666666666 0.38010112359550574
0.16422000000000006 0.5287078651685394
0.2351866666666668 0.6156966292134834
0.34701333333333345 0.6736853932584272
0.3986266666666666 0.7244269662921348
0.4695933333333335 0.7824157303370786
0.5642199999999998 0.8440337078651688
0.6416399999999999 0.8512808988764046
0.6996999999999999 0.8295393258426967
0.7513133333333334 0.8295393258426967
0.5255066666666668 0.27135955056179784
0.5857266666666665 0.3511011235955055
0.6308866666666666 0.4054719101123594
0.7040000000000002 0.38734831460674146
0.7620666666666667 0.4634606741573033
0.7470133333333334 0.5214494382022471
0.6717466666666667 0.5649438202247188
0.6609933333333333 0.6664382022471909
0.61798 0.6410674157303371
0.5814200000000002 0.612067415730337
0.5233600000000002 0.5794494382022475
0.47389333333333333 0.5105842696629215
0.43733333333333346 0.44533707865168526
0.4072266666666667 0.38010112359550574
0.3835733333333333 0.3112359550561796
0.32336000000000015 0.630191011235955
0.2738933333333334 0.5866966292134832
0.2222799999999999 0.5323258426966293
0.18357333333333334 0.4670898876404498
0.14271333333333341 0.39097752808988795
}
