version: 2
n_points: 55
{
0.8021684210526314 0.8427040000000002
0.8916421052631578 0.7227040000000001
0.949536842105263 0.5907040000000002
0.9732210526315789 0.4227040000000002
0.9390105263157894 0.27070400000000017
0.8521684210526315 0.13470400000000018
0.7337473684210525 0.06270400000000018
0.6074315789473683 0.04270400000000018
0.49427368421052653 0.07470400000000017
0.3890105263157897 0.15870400000000018
0.3074315789473686 0.26670400000000016
0.2521684210526317 0.3467040000000002
0.20743157894736863 0.4227040000000002
0.17058947368421074 0.5147040000000002
0.12322105263157912 0.5907040000000002
0.06795789473684233 0.6347040000000002
0.03637894736842129 0.7147040000000002
0.023221052631579142 0.8067040000000002
0.041642105263158036 0.8787039999999997
0.07058947368421076 0.9667039999999997
0.5837473684210528 0.6627040000000002
0.6890105263157893 0.6907040000000002
0.7811157894736841 0.6747040000000002
0.867957894736842 0.6107040000000001
0.8732210526315789 0.4867040000000002
0.8416421052631577 0.3707040000000002
0.786378947368421 0.2507040000000002
0.7047999999999999 0.17470400000000016
0.6153263157894735 0.15070400000000017
0.5205894736842107 0.17470400000000016
0.44164210526315806 0.22270400000000018
0.3811157894736844 0.2867040000000002
0.3416421052631581 0.3467040000000002
0.32058947368421076 0.44270400000000015
0.31006315789473704 0.5267040000000002
0.5126947368421054 0.8227040000000002
0.4521684210526318 0.8467040000000001
0.38374736842105284 0.8267040000000002
0.3363789473684212 0.8907039999999997
0.2969052631578949 0.8907039999999997
0.29427368421052646 0.8227040000000002
0.3416421052631581 0.7347040000000001
0.3890105263157897 0.6427040000000002
0.3732210526315791 0.5307040000000002
0.4153263157894739 0.4027040000000002
0.5048000000000001 0.33470400000000017
0.5626947368421055 0.4187040000000002
0.6232210526315789 0.5067040000000002
0.667957894736842 0.5987040000000001
0.6942736842105262 0.6587040000000002
0.5113789473684212 0.23503999999999997
0.5661999999999998 0.23503999999999997
0.6254105263157894 0.2583760000000002
0.6868157894736842 0.28503999999999996
0.7482210526315789 0.28503999999999996
}
