version: 2
n_points: 55
{
0.8212320675105483 0.6572790697674418
0.8878523206751057 0.547124031007752
0.9411518987341772 0.420643410852713
0.9789029535864979 0.2492868217054265
0.9389282700421939 0.11464341085271308
0.8767468354430379 0.06160465116279072
0.8012447257383966 0.045286821705426236
0.7257383966244726 0.04936434108527128
0.6568945147679324 0.057527131782945676
0.5747299578059073 0.07384496124031016
0.4858987341772153 0.09017054263565895
0.3970675105485233 0.12280620155038748
0.30824050632911393 0.1840077519379847
0.23717721518987345 0.24112403100775207
0.14834599156118145 0.3268062015503877
0.07950210970464133 0.41248837209302336
0.039527426160337775 0.518565891472868
0.017320675105485295 0.6940000000000001
0.03286497890295348 0.8367984496124031
0.05063291139240511 0.9673565891472867
0.5551265822784812 0.6629612403100774
0.6285105485232068 0.632627906976744
0.7055569620253164 0.5685891472868219
0.775270042194093 0.5011782945736433
0.8284725738396623 0.3933255813953487
0.8633291139240508 0.27536434108527125
0.846818565400844 0.154031007751938
0.7862784810126581 0.1236976744186046
0.7000548523206751 0.1371782945736436
0.634012658227848 0.13043410852713194
0.5734725738396624 0.11358139534883711
0.5092658227848103 0.1405426356589147
0.4468902953586499 0.1809922480620156
0.395523206751055 0.23828682170542617
0.33315189873417717 0.3225503875968991
0.5331139240506327 0.7842945736434107
0.4854135021097047 0.7270000000000001
0.42487763713080184 0.7067751937984494
0.3570000000000002 0.7606976744186046
0.30379746835443033 0.777550387596899
0.3203080168776372 0.6865503875968992
0.3808481012658227 0.5820697674418603
0.3900210970464133 0.4135503875968993
0.4175400843881856 0.2922170542635661
0.4799113924050634 0.23155038759689925
0.5551265822784812 0.19447286821705417
0.6119957805907174 0.21132558139534902
0.6303417721518986 0.3225503875968991
0.6486877637130803 0.4405116279069769
0.6817088607594939 0.5584728682170543
0.6817088607594939 0.14728682170542637
0.7202362869198313 0.1675116279069766
0.7569240506329112 0.17762015503875977
0.788113924050633 0.19784496124031
0.8358101265822784 0.21806201550387594
}
