version: 2
n_points: 55
{
0.778806167400881 0.8427439024390246
0.85068281938326 0.7015365853658538
0.9341541850220264 0.5474999999999998
0.9758854625550661 0.36778048780487826
0.957339207048458 0.23941463414634154
0.9063303964757711 0.0982073170731707
0.8437268722466961 0.06610975609756088
0.764898678414097 0.09178048780487817
0.6791101321585904 0.11103658536585388
0.5933215859030838 0.13029268292682958
0.49362555066079294 0.13029268292682958
0.37305726872246703 0.1623902439024387
0.2779955947136564 0.2779146341463413
0.1736607929515418 0.45763414634146354
0.13192511013215857 0.5410731707317072
0.08787224669603522 0.6437682926829267
0.046140969162995815 0.7015365853658538
0.022955947136563903 0.7849756097560975
0.018317180616740147 0.8684268292682928
0.02063436123348006 0.9454390243902441
0.5440528634361234 0.804365853658537
0.6046255506607929 0.7942073170731707
0.6560220264317179 0.7840487804878046
0.7312775330396476 0.6875
0.802863436123348 0.6417682926829268
0.8689427312775331 0.5452195121951223
0.9203392070484581 0.3877073170731704
0.8872995594713655 0.2708292682926833
0.8138766519823788 0.2200243902439021
0.6945682819383259 0.2505121951219509
0.61747577092511 0.16412195121951254
0.5091762114537446 0.14887804878048813
0.40455066079295166 0.18953658536585333
0.33296475770925127 0.30640243902439024
0.2999251101321587 0.41819512195121916
0.5073436123348016 0.8551829268292683
0.4596167400881058 0.8094512195121951
0.3917048458149779 0.7688048780487802
0.3513215859030837 0.8297804878048777
0.32378854625550657 0.8500975609756101
0.3384713656387667 0.7078292682926826
0.3770176211453745 0.6316097560975606
0.37885462555066074 0.5096585365853655
0.4229074889867841 0.4791707317073167
0.47246696035242286 0.575707317073171
0.5403832599118942 0.6316097560975606
0.5954493392070483 0.651926829268293
0.6486784140969163 0.5909512195121954
0.6725418502202642 0.6620975609756095
0.6798810572687226 0.7179878048780488
0.7165947136563875 0.2505121951219509
0.7643171806167401 0.29624390243902404
0.8102070484581496 0.33689024390243905
0.8469162995594713 0.3572195121951216
0.8891321585903085 0.3673780487804878
}
