version: 2
n_points: 55
{
0.927400468384075 0.2245409836065574
0.9578103044496488 0.4112841530054644
0.9812295081967214 0.5888797814207649
0.9870843091334895 0.7710273224043717
0.930487119437939 0.9076393442622952
0.8465690866510539 0.9622841530054645
0.7567962529274006 0.9713934426229508
0.6728758782201405 0.9531803278688524
0.6065222482435597 0.8803169398907105
0.5323606557377049 0.8120109289617488
0.4445386416861826 0.7573661202185793
0.36647540983606564 0.6753989071038252
0.2825573770491804 0.5979890710382513
0.20254098360655737 0.49325136612021847
0.15179859484777514 0.47048087431693997
0.09910538641686184 0.4112841530054644
0.0425105386416863 0.31565573770491795
0.01323653395784552 0.197256830601093
0.011283372365339495 0.0879672131147542
0.028847775175643964 0.024218579234972726
0.5538290398126464 0.13350819672131153
0.6299414519906323 0.2200273224043715
0.7021498829039812 0.3019945355191256
0.7860702576112413 0.3703005464480874
0.8426651053864168 0.5205737704918032
0.8758430913348947 0.6207540983606559
0.8836487119437939 0.8029071038251365
0.8290046838407494 0.8848743169398906
0.7763114754098361 0.8712131147540982
0.7041030444964872 0.8529945355191257
0.6201826697892272 0.7755846994535518
0.5635878220140516 0.7118306010928961
0.5050398126463701 0.6617377049180329
0.42111943793911 0.5979890710382513
0.2942669789227167 0.46592896174863385
0.5538290398126464 0.02877049180327862
0.5128454332552694 0.09707650273224033
0.45429742388758787 0.1107377049180327
0.41526463700234184 0.07430601092896183
0.36257142857142854 0.08341530054644797
0.36452459016393457 0.16083060109289626
0.39379859484777524 0.23824043715847
0.3762341920374709 0.29288524590163945
0.40355503512880553 0.39307103825136624
0.4766651053864167 0.4720601092896175
0.5307096018735364 0.48046448087431703
0.6027681498829038 0.4594480874316941
0.6189812646370022 0.4048032786885246
0.6333934426229507 0.32493989071038254
0.6387985948477752 0.2618852459016394
0.49467915690866504 0.6191803278688525
0.5739461358313818 0.6359945355191257
0.6748290398126464 0.6317923497267759
0.7396814988290399 0.6233825136612022
0.806334894613583 0.6233825136612022
}
