version: 2
n_points: 55
{
0.9004794520547947 0.1448769230769231
0.7448219178082194 0.09825641025641024
0.6327397260273973 0.04930769230769228
0.4895205479452055 0.028328205128205133
0.3214109589041095 0.05164102564102561
0.20932876712328774 0.10991282051282054
0.1657397260273973 0.17751282051282055
0.1034657534246575 0.25676923076923075
0.10969863013698625 0.34068205128205126
0.08479452054794517 0.4269282051282052
0.07234246575342473 0.5155076923076923
0.1034657534246575 0.6204051282051283
0.171958904109589 0.6996564102564102
0.26536986301369864 0.7672564102564103
0.38990410958904104 0.8441794871794872
0.4646164383561644 0.8954615384615385
0.5766986301369863 0.9444102564102566
0.7572739726027398 0.9793794871794871
0.8693561643835616 0.9583999999999999
0.9378493150684931 0.9280974358974359
0.8319863013698632 0.4176051282051282
0.7385890410958904 0.32669743589743583
0.6825479452054793 0.2544358974358975
0.5891506849315068 0.182174358974359
0.4957534246575342 0.14254871794871793
0.38990410958904104 0.10758461538461538
0.28404109589041093 0.13788717948717952
0.252917808219178 0.1868358974358974
0.19064383561643838 0.24977435897435893
0.171958904109589 0.30338461538461536
0.19687671232876713 0.36865641025641027
0.15950684931506856 0.4269282051282052
0.14705479452054793 0.4805435897435897
0.1657397260273973 0.5551333333333334
0.2342328767123288 0.6297282051282052
0.8444383561643837 0.45024102564102564
0.7572739726027398 0.4805435897435897
0.7012328767123287 0.5761128205128205
0.7697260273972603 0.6273948717948719
0.7821780821917806 0.6903333333333334
0.6763287671232878 0.6273948717948719
0.5082054794520549 0.6180717948717949
0.3836712328767123 0.6017538461538462
0.252917808219178 0.5294923076923077
0.252917808219178 0.47122051282051286
0.34631506849315075 0.4269282051282052
0.4646164383561644 0.3919641025641025
0.5517945205479453 0.37564615384615385
0.6514109589041096 0.37564615384615385
0.7572739726027398 0.37564615384615385
0.2715890410958903 0.3523384615384615
0.33386301369863014 0.28939999999999994
0.38990410958904104 0.22879487179487185
0.4334794520547946 0.19849230769230763
0.4895205479452055 0.16119487179487182
}
