version: 2
n_points: 55
{
0.8990705882352941 0.13793956043956054
0.7628470588235292 0.0829945054945056
0.601858823529412 0.03672527472527487
0.42848235294117637 0.03094505494505497
0.26130588235294133 0.07142857142857142
0.1312705882352943 0.14951098901098908
0.06315294117647052 0.24782967032967043
0.06935294117647037 0.32591208791208776
0.10650588235294114 0.4155604395604396
0.14365882352941192 0.4762857142857144
0.1498470588235297 0.5601483516483516
0.1684235294117644 0.6324450549450551
0.19318823529411755 0.7018516483516485
0.24272941176470594 0.7943901098901099
0.34798823529411776 0.8666868131868133
0.4160941176470588 0.9389835164835164
0.539941176470588 0.9765769230769232
0.6637764705882352 0.9736868131868133
0.769035294117647 0.9592252747252747
0.8681058823529411 0.9303076923076922
0.8495411764705884 0.42423626373626383
0.8371529411764708 0.33747802197802196
0.8247647058823532 0.24204945054945054
0.7504588235294116 0.17553296703296706
0.6142470588235296 0.12637362637362637
0.440870588235294 0.11480769230769221
0.24891764705882372 0.15240109890109904
0.1684235294117644 0.23915384615384622
0.1498470588235297 0.3201263736263735
0.18699999999999978 0.403989010989011
0.2179529411764707 0.4965274725274725
0.24272941176470594 0.5919615384615385
0.26130588235294133 0.6700384615384616
0.3232235294117646 0.7134175824175824
0.440870588235294 0.7336593406593407
0.8371529411764708 0.4762857142857144
0.8185764705882353 0.5341263736263737
0.8371529411764708 0.5977417582417581
0.9176470588235294 0.6324450549450551
0.9486117647058824 0.7163076923076923
0.7876117647058823 0.6902857142857143
0.669964705882353 0.6411208791208792
0.4842117647058825 0.6411208791208792
0.3665647058823531 0.6006373626373624
0.3541764705882355 0.5283406593406594
0.3851411764705885 0.44158241758241756
0.45324705882352956 0.3924230769230769
0.5523176470588236 0.37507142857142844
0.6761647058823528 0.3721813186813188
0.7876117647058823 0.3606153846153846
0.2674941176470591 0.43580219780219764
0.29225882352941157 0.3548296703296704
0.34798823529411776 0.27096703296703284
0.4160941176470588 0.2102362637362636
0.4904000000000003 0.16107692307692292
}
