version: 2
n_points: 55
{
0.6677733333333337 0.07914093959731526
0.5255599999999997 0.04558389261744948
0.3877733333333337 0.034395973154362415
0.24556000000000003 0.06571812080536894
0.13889333333333334 0.1417785234899329
0.08556000000000002 0.22231543624161074
0.07222666666666669 0.30956375838926176
0.07666666666666666 0.39681208053691275
0.11222666666666668 0.4549798657718119
0.14333333333333334 0.526563758389262
0.17443999999999998 0.5981543624161074
0.19666666666666666 0.6607919463087251
0.21444 0.7189597315436241
0.25444 0.7950201342281881
0.33 0.8643758389261743
0.42777333333333367 0.9091140939597318
0.5744400000000004 0.9516241610738253
0.7433333333333333 0.9672818791946308
0.8544400000000003 0.9449127516778522
0.938893333333333 0.9068791946308725
0.7255599999999996 0.4057583892617451
0.6766666666666666 0.3296979865771812
0.61 0.2335033557046978
0.5255599999999997 0.16191275167785235
0.4322266666666663 0.11493288590604027
0.3122266666666667 0.11493288590604027
0.2277733333333333 0.17085906040268475
0.17889333333333335 0.22679194630872465
0.16556 0.28942953020134227
0.15666666666666668 0.35877852348993305
0.18333333333333332 0.4236577181208054
0.22333333333333333 0.5041946308724832
0.2633333333333333 0.5780201342281879
0.29 0.6451342281879194
0.361106666666667 0.7167248322147649
0.721106666666667 0.4281342281879193
0.6544400000000004 0.4974832214765101
0.6633333333333333 0.5556510067114092
0.77 0.6138120805369129
0.7522266666666663 0.6585570469798657
0.681106666666667 0.6563221476510065
0.6233333333333333 0.625
0.5433333333333333 0.6317114093959731
0.41889333333333295 0.6003892617449667
0.3744400000000004 0.5399865771812082
0.38333333333333336 0.486295302013423
0.41444000000000036 0.44826845637583873
0.4766666666666667 0.41471140939597295
0.5833333333333334 0.3856241610738257
0.6544400000000004 0.3677315436241609
0.23666666666666666 0.4616912751677851
0.29444 0.40128859060402666
0.33 0.3028523489932886
0.37 0.23573825503355705
0.45 0.16191275167785235
}
