version: 2
n_points: 55
{
0.026441176470588263 0.3236470588235293
0.0308970588235294 0.22739215686274517
0.08437254901960779 0.1186588235294117
0.18464215686274496 0.06161568627450975
0.3005049019607843 0.022399999999999975
0.45647549019607836 0.02596470588235289
0.5879362745098038 0.06696470588235304
0.6904313725490194 0.13113333333333344
0.7862450980392157 0.2131294117647059
0.8686862745098038 0.2986941176470588
0.9266176470588234 0.382470588235294
0.9622696078431372 0.4769450980392156
0.9778676470588236 0.578549019607843
0.9489019607843139 0.6783725490196079
0.9399901960784316 0.7799764705882353
0.957813725490196 0.8797960784313724
0.9266176470588234 0.9404039215686274
0.8753725490196079 0.9707058823529411
0.8040686274509803 0.9831843137254902
0.7305392156862743 0.9689254901960785
0.46538725490196087 0.5125960784313726
0.3718039215686275 0.4769450980392156
0.2670833333333334 0.4306
0.18686764705882344 0.38069019607843146
0.13784803921568617 0.3272117647058824
0.12670588235294125 0.2683882352941177
0.14675980392156873 0.20065490196078417
0.213607843137255 0.16678431372549007
0.28490686274509797 0.14361176470588233
0.391857843137255 0.13113333333333344
0.5144068627450978 0.1614392156862744
0.6391862745098039 0.20065490196078417
0.717171568627451 0.2523450980392157
0.7840147058823528 0.35573333333333323
0.8419509803921571 0.48763921568627455
0.4297401960784312 0.6231137254901961
0.4943529411764704 0.6391568627450981
0.5121813725490196 0.6961960784313724
0.5032696078431375 0.7407607843137255
0.5366911764705883 0.778192156862745
0.5767990196078433 0.7550196078431372
0.5901666666666667 0.6855019607843137
0.6258186274509805 0.621329411764706
0.6703823529411767 0.585678431372549
0.7015735294117647 0.5589411764705882
0.7082598039215687 0.5001176470588234
0.677063725490196 0.43238431372549013
0.5857107843137256 0.41990588235294124
0.48767156862745104 0.41455686274509795
0.34506862745098044 0.4395137254901962
0.6548872549019606 0.23863921568627455
0.5194999999999997 0.18634901960784322
0.3841127450980391 0.15647058823529403
0.2767401960784313 0.17514509803921563
0.19970588235294123 0.22183137254901963
}
