version: 2
n_points: 55
{
0.29842931937172773 0.9596774193548387
0.18324607329842932 0.8790322580645161
0.09424083769633508 0.8064516129032258
0.02617801047120419 0.6532258064516129
0.03664921465968586 0.467741935483871
0.08900523560209424 0.33870967741935476
0.17277486910994763 0.25806451612903225
0.2670157068062827 0.16129032258064513
0.3507853403141361 0.11290322580645162
0.4293193717277487 0.08064516129032262
0.5078534031413613 0.056451612903225756
0.5916230366492147 0.040322580645161255
0.6649214659685864 0.048387096774193505
0.7382198952879581 0.08064516129032262
0.8115183246073299 0.12903225806451613
0.8795811518324608 0.185483870967742
0.93717277486911 0.25806451612903225
0.9738219895287958 0.3870967741935484
0.9633507853403142 0.467741935483871
0.9267015706806283 0.5403225806451613
0.418848167539267 0.7096774193548387
0.387434554973822 0.7983870967741935
0.3089005235602094 0.8225806451612904
0.23036649214659685 0.7741935483870968
0.17277486910994763 0.7096774193548387
0.13089005235602094 0.6048387096774194
0.10471204188481675 0.47580645161290325
0.13089005235602094 0.3709677419354839
0.20418848167539266 0.30645161290322576
0.28272251308900526 0.25
0.3507853403141361 0.185483870967742
0.42408376963350786 0.15322580645161288
0.5078534031413613 0.12903225806451613
0.5916230366492147 0.12903225806451613
0.6910994764397905 0.16129032258064513
0.5497382198952879 0.7016129032258065
0.6020942408376964 0.6290322580645161
0.6544502617801047 0.6129032258064516
0.7068062827225131 0.6290322580645161
0.7486910994764397 0.6048387096774194
0.7068062827225131 0.5
0.6282722513089005 0.467741935483871
0.6178010471204188 0.3548387096774194
0.5654450261780105 0.2983870967741935
0.4869109947643979 0.30645161290322576
0.4293193717277487 0.3709677419354839
0.4083769633507853 0.44354838709677424
0.38219895287958117 0.5403225806451613
0.36649214659685864 0.6290322580645161
0.3717277486910995 0.7580645161290323
0.3298429319371728 0.25
0.2774869109947644 0.3306451612903225
0.21465968586387435 0.41129032258064524
0.16753926701570682 0.45967741935483875
0.13089005235602094 0.49193548387096775
}
