version: 2
n_points: 55
{
0.5667197802197804 0.12571466666666675
0.48430219780219796 0.08952266666666674
0.3979615384615383 0.045714666666666744
0.2645219780219782 0.015237333333333481
0.11538461538461539 0.049522666666666736
0.06043956043956044 0.11238133333333342
0.02904395604395605 0.18666666666666668
0.02904395604395605 0.27047733333333324
0.07221428571428587 0.36
0.13500549450549465 0.4514293333333332
0.16247802197802214 0.5485706666666668
0.20565384615384602 0.6457146666666668
0.2841428571428575 0.7314293333333335
0.3822582417582419 0.8114293333333334
0.4803791208791207 0.8819039999999998
0.554945054945055 0.9295226666666664
0.6609120879120876 0.9695226666666664
0.8021978021978022 0.9866666666666667
0.8885384615384618 0.9771440000000002
0.9748846153846152 0.9695226666666664
0.8375219780219779 0.4076186666666666
0.727631868131868 0.33904800000000007
0.6334395604395602 0.2685706666666668
0.5 0.21904800000000008
0.33124175824175794 0.16952266666666674
0.20565384615384602 0.12952266666666673
0.11538461538461539 0.09142933333333318
0.10753296703296718 0.14857066666666682
0.10360989010988995 0.21904800000000008
0.12323626373626359 0.28571466666666673
0.18210439560439576 0.38857066666666684
0.17818131868131853 0.4514293333333332
0.17032967032967034 0.52
0.22135164835164806 0.6019040000000001
0.3469395604395606 0.6685706666666665
0.8885384615384618 0.44190400000000013
0.7904230769230768 0.47047733333333325
0.7315549450549452 0.5676186666666666
0.7708021978021975 0.6457146666666668
0.8061208791208794 0.7085706666666665
0.7040824175824177 0.7352373333333332
0.6491373626373628 0.6914293333333335
0.5117747252747255 0.6628559999999998
0.3430164835164834 0.6152373333333332
0.2370494505494507 0.5409519999999999
0.24882417582417551 0.46476266666666655
0.32731318681318694 0.41523733333333346
0.429357142857143 0.3752373333333335
0.5470934065934068 0.35047733333333325
0.6648351648351648 0.32571466666666676
0.19387912087912057 0.3676186666666666
0.22135164835164806 0.3180959999999999
0.22527472527472528 0.27428533333333327
0.24097252747252731 0.21714399999999992
0.25274725274725274 0.17714399999999994
}
