version: 2
n_points: 55
{
0.12186238532110105 0.26283400809716584
0.23774311926605496 0.14776923076923087
0.4067522935779818 0.06253441295546569
0.6143761467889907 0.024178137651821783
0.8026880733944953 0.07318623481781376
0.8847798165137613 0.14350607287449405
0.9427247706422018 0.22660728744939262
0.9523761467889911 0.3118421052631578
0.9282385321100917 0.39707287449392714
0.9185779816513762 0.4759149797570852
0.8992660550458714 0.5611497975708504
0.8509816513761468 0.6421214574898787
0.7978623853211008 0.7081781376518217
0.7157798165137613 0.7784939271255061
0.6674954128440367 0.8360283400809717
0.6095504587155961 0.9020809716599189
0.4840091743119267 0.9553522267206477
0.3536330275229357 0.9830526315789472
0.18463302752293576 0.9830526315789472
0.044605504587156175 0.9510931174089067
0.2667155963302753 0.4588704453441296
0.25706422018348607 0.3715060728744937
0.27155045871559624 0.28414170040485826
0.33432110091743095 0.21169230769230774
0.43088990825688056 0.14989878542510113
0.5419449541284405 0.11793522267206476
0.7109449541284403 0.13285020242914966
0.8075229357798164 0.19464372469635627
0.8268348623853211 0.26922672064777337
0.8364954128440367 0.3544574898785427
0.8171743119266055 0.4375587044534413
0.8075229357798164 0.5078785425101215
0.7592385321100918 0.5781943319838055
0.6868073394495415 0.6399878542510121
0.6288623853211008 0.689
0.18945871559633032 0.5121417004048584
0.22326605504587171 0.5568866396761135
0.24740366972477046 0.6080283400809716
0.18945871559633032 0.650643724696356
0.19429357798165137 0.6996518218623481
0.30534862385321115 0.6762145748987853
0.37777981651376147 0.6485141700404858
0.5033211009174314 0.6549068825910929
0.6143761467889907 0.6463805668016193
0.6578348623853212 0.5909797570850202
0.7109449541284403 0.5036153846153847
0.6916330275229355 0.4332995951417003
0.5709174311926607 0.4055991902834008
0.43088990825688056 0.3800283400809715
0.31500917431192677 0.352327935222672
0.7978623853211008 0.4183846153846154
0.768889908256881 0.3544574898785427
0.7206055045871559 0.28840080971659926
0.6771467889908259 0.22660728744939262
0.6336880733944954 0.16481376518218602
}
