version: 2
n_points: 55
{
0.2345963302752296 0.8708846153846144
0.1507247706422016 0.7280192307692303
0.08256880733944955 0.5027500000000006
0.04849541284403671 0.28846153846153844
0.10354128440366973 0.14011538461538464
0.1926605504587156 0.12363461538461484
0.2739174311926608 0.12911538461538452
0.3551743119266055 0.12363461538461484
0.4390550458715599 0.11263461538461594
0.5203119266055046 0.10713461538461588
0.5963302752293578 0.14011538461538464
0.6697247706422018 0.18405769230769287
0.7169082568807337 0.2225192307692313
0.750981651376147 0.28846153846153844
0.8086513761467887 0.34340384615384556
0.8610733944954131 0.3818653846153841
0.921366972477064 0.48076923076923084
0.9501926605504589 0.6236346153846148
0.958064220183486 0.7829615384615395
0.9370917431192658 0.9038461538461539
0.3342110091743117 0.7664807692307687
0.2529449541284406 0.7060384615384626
0.1743119266055046 0.6236346153846148
0.1323761467889906 0.5137307692307703
0.11664220183486237 0.4093461538461528
0.11664220183486237 0.27198076923076875
0.19003669724770642 0.22801923076923125
0.24770642201834864 0.2170384615384615
0.3132385321100915 0.20055769230769183
0.3787706422018349 0.19505769230769177
0.4285688073394495 0.19505769230769177
0.46526605504587154 0.22801923076923125
0.4967247706422016 0.2829615384615385
0.5386605504587156 0.31594230769230713
0.5648715596330278 0.3653846153846154
0.3971192660550459 0.7884615384615384
0.44691743119266053 0.7005576923076918
0.5386605504587156 0.6950576923076929
0.62254128440367 0.7664807692307687
0.6828348623853209 0.8324230769230758
0.6487522935779816 0.6950576923076929
0.580605504587156 0.678576923076922
0.5491467889908259 0.541211538461539
0.5019633027522936 0.40384615384615385
0.42333027522935757 0.32692307692307687
0.3315871559633025 0.28846153846153844
0.28440366972477066 0.3104423076923082
0.26081651376146764 0.4148269230769236
0.2765412844036695 0.530211538461539
0.28177981651376144 0.6510961538461533
0.22935779816513763 0.25550000000000006
0.20314678899082544 0.27198076923076875
0.17955045871559658 0.2939615384615374
0.16120183486238557 0.3104423076923082
0.13761467889908258 0.32692307692307687
}
