version: 2
n_points: 55
{
0.33333333333333337 0.1188118811881188
0.4722222222222222 0.06930693069306931
0.5694444444444444 0.04950495049504951
0.7222222222222222 0.06930693069306931
0.8194444444444444 0.12871287128712872
0.8888888888888888 0.19801980198019803
0.9305555555555556 0.3069306930693069
0.9166666666666666 0.40594059405940597
0.9027777777777778 0.48514851485148514
0.8611111111111112 0.5445544554455446
0.8194444444444444 0.6237623762376238
0.75 0.7029702970297029
0.6805555555555556 0.7722772277227723
0.5972222222222222 0.8217821782178217
0.5 0.8712871287128713
0.4305555555555556 0.9108910891089109
0.33333333333333337 0.9306930693069307
0.23611111111111116 0.9504950495049505
0.1527777777777778 0.9405940594059405
0.06944444444444442 0.8811881188118812
0.38888888888888884 0.39603960396039606
0.375 0.31683168316831684
0.36111111111111116 0.2079207920792079
0.4305555555555556 0.15841584158415842
0.5138888888888888 0.12871287128712872
0.625 0.13861386138613863
0.7222222222222222 0.1485148514851485
0.8194444444444444 0.21782178217821782
0.8611111111111112 0.31683168316831684
0.8611111111111112 0.40594059405940597
0.8333333333333334 0.46534653465346537
0.8055555555555556 0.5346534653465347
0.7638888888888888 0.594059405940594
0.7083333333333333 0.6534653465346535
0.625 0.693069306930693
0.3055555555555556 0.45544554455445546
0.29166666666666663 0.5148514851485149
0.29166666666666663 0.5841584158415841
0.23611111111111116 0.6138613861386139
0.19444444444444442 0.6732673267326733
0.3194444444444444 0.6732673267326733
0.375 0.6336633663366337
0.4722222222222222 0.6336633663366337
0.5694444444444444 0.6336633663366337
0.6666666666666667 0.5742574257425742
0.6805555555555556 0.5148514851485149
0.6666666666666667 0.46534653465346537
0.6111111111111112 0.42574257425742573
0.5416666666666667 0.39603960396039606
0.4305555555555556 0.33663366336633666
0.7777777777777778 0.5346534653465347
0.7916666666666666 0.45544554455445546
0.7916666666666666 0.37623762376237624
0.75 0.27722772277227725
0.6666666666666667 0.2079207920792079
}
