version: 2
n_points: 55
{
0.07259953161592506 0.2245409836065574
0.04218969555035126 0.4112841530054644
0.018770491803278656 0.5888797814207649
0.012915690866510506 0.7710273224043717
0.06951288056206092 0.9076393442622952
0.1534309133489461 0.9622841530054645
0.24320374707259942 0.9713934426229508
0.3271241217798595 0.9531803278688524
0.39347775175644023 0.8803169398907105
0.46763934426229514 0.8120109289617488
0.5554613583138174 0.7573661202185793
0.6335245901639344 0.6753989071038252
0.7174426229508196 0.5979890710382513
0.7974590163934426 0.49325136612021847
0.8482014051522249 0.47048087431693997
0.9008946135831382 0.4112841530054644
0.9574894613583137 0.31565573770491795
0.9867634660421545 0.197256830601093
0.9887166276346605 0.0879672131147542
0.971152224824356 0.024218579234972726
0.4461709601873536 0.13350819672131153
0.37005854800936766 0.2200273224043715
0.2978501170960188 0.3019945355191256
0.21392974238875867 0.3703005464480874
0.1573348946135832 0.5205737704918032
0.12415690866510536 0.6207540983606559
0.11635128805620613 0.8029071038251365
0.17099531615925057 0.8848743169398906
0.2236885245901639 0.8712131147540982
0.2958969555035128 0.8529945355191257
0.37981733021077285 0.7755846994535518
0.4364121779859484 0.7118306010928961
0.4949601873536299 0.6617377049180329
0.57888056206089 0.5979890710382513
0.7057330210772833 0.46592896174863385
0.4461709601873536 0.02877049180327862
0.4871545667447306 0.09707650273224033
0.5457025761124121 0.1107377049180327
0.5847353629976582 0.07430601092896183
0.6374285714285715 0.08341530054644797
0.6354754098360654 0.16083060109289626
0.6062014051522248 0.23824043715847
0.6237658079625291 0.29288524590163945
0.5964449648711945 0.39307103825136624
0.5233348946135833 0.4720601092896175
0.46929039812646356 0.48046448087431703
0.39723185011709616 0.4594480874316941
0.3810187353629978 0.4048032786885246
0.3666065573770493 0.32493989071038254
0.3612014051522247 0.2618852459016394
0.505320843091335 0.6191803278688525
0.4260538641686182 0.6359945355191257
0.32517096018735353 0.6317923497267759
0.26031850117096006 0.6233825136612022
0.19366510538641699 0.6233825136612022
}
