version: 2
n_points: 55
{
0.44158620689655165 0.04453389830508471
0.30142241379310325 0.05524576271186445
0.1864827586206897 0.10661016949152528
0.10811206896551721 0.19392372881355915
0.06631896551724124 0.30177966101694925
0.05063793103448296 0.43275423728813556
0.06893103448275846 0.5688644067796608
0.12639655172413775 0.6818559322033898
0.21782758620689632 0.7640338983050848
0.3066465517241382 0.8359406779661018
0.40592241379310334 0.9001355932203391
0.515637931034483 0.9206864406779662
0.5992327586206898 0.9309576271186442
0.6645431034482757 0.9335254237288136
0.7272327586206895 0.9566355932203389
0.8056034482758619 0.9617711864406777
0.8761379310344828 0.9386610169491525
0.920551724137931 0.8975677966101696
0.9518965517241381 0.859050847457627
0.962344827586207 0.7768728813559321
0.5652672413793106 0.4610000000000002
0.5339224137931035 0.3557118644067796
0.4895172413793103 0.26069491525423727
0.4242068965517244 0.18878813559322022
0.3066465517241382 0.16567796610169502
0.2047672413793102 0.22216949152542378
0.14730172413793094 0.3094830508474577
0.11594827586206886 0.3711186440677964
0.1211724137931033 0.47383898305084754
0.16297413793103424 0.5868389830508476
0.202155172413793 0.630491525423729
0.26485344827586216 0.6895593220338982
0.317103448275862 0.7178050847457629
0.36934482758620685 0.7332118644067797
0.4242068965517244 0.7306440677966103
0.6645431034482757 0.38909322033898314
0.654086206896552 0.4610000000000002
0.6958879310344829 0.5149322033898305
0.7847068965517242 0.5508813559322036
0.823887931034483 0.6048135593220338
0.8056034482758619 0.6381949152542374
0.685439655172414 0.635627118644068
0.5783362068965516 0.6433305084745764
0.49474137931034473 0.6844237288135593
0.413758620689655 0.6613135593220341
0.3353879310344825 0.5996779661016949
0.34583620689655187 0.5020932203389832
0.3745689655172413 0.40964406779661033
0.46599999999999986 0.3711186440677964
0.4895172413793103 0.3146271186440676
0.24918103448275838 0.635627118644068
0.21782758620689632 0.5560169491525425
0.220439655172414 0.4558644067796608
0.22305172413793123 0.35057627118644064
0.23873275862068952 0.2529915254237289
}
