version: 2
n_points: 55
{
0.6763529411764707 0.026441176470588263
0.7726078431372548 0.0308970588235294
0.8813411764705883 0.08437254901960779
0.9383843137254902 0.18464215686274496
0.9776 0.3005049019607843
0.9740352941176471 0.45647549019607836
0.933035294117647 0.5879362745098038
0.8688666666666666 0.6904313725490194
0.7868705882352941 0.7862450980392157
0.7013058823529412 0.8686862745098038
0.617529411764706 0.9266176470588234
0.5230549019607844 0.9622696078431372
0.421450980392157 0.9778676470588236
0.32162745098039214 0.9489019607843139
0.22002352941176473 0.9399901960784316
0.12020392156862758 0.957813725490196
0.0595960784313726 0.9266176470588234
0.029294117647058915 0.8753725490196079
0.0168156862745098 0.8040686274509803
0.031074509803921457 0.7305392156862743
0.48740392156862744 0.46538725490196087
0.5230549019607844 0.3718039215686275
0.5694 0.2670833333333334
0.6193098039215685 0.18686764705882344
0.6727882352941176 0.13784803921568617
0.7316117647058823 0.12670588235294125
0.7993450980392158 0.14675980392156873
0.8332156862745099 0.213607843137255
0.8563882352941177 0.28490686274509797
0.8688666666666666 0.391857843137255
0.8385607843137256 0.5144068627450978
0.7993450980392158 0.6391862745098039
0.7476549019607843 0.717171568627451
0.6442666666666668 0.7840147058823528
0.5123607843137254 0.8419509803921571
0.37688627450980394 0.4297401960784312
0.3608431372549019 0.4943529411764704
0.30380392156862757 0.5121813725490196
0.2592392156862745 0.5032696078431375
0.221807843137255 0.5366911764705883
0.24498039215686285 0.5767990196078433
0.3144980392156863 0.5901666666666667
0.378670588235294 0.6258186274509805
0.41432156862745095 0.6703823529411767
0.44105882352941184 0.7015735294117647
0.49988235294117656 0.7082598039215687
0.5676156862745099 0.677063725490196
0.5800941176470588 0.5857107843137256
0.585443137254902 0.48767156862745104
0.5604862745098038 0.34506862745098044
0.7613607843137254 0.6548872549019606
0.8136509803921568 0.5194999999999997
0.843529411764706 0.3841127450980391
0.8248549019607844 0.2767401960784313
0.7781686274509804 0.19970588235294123
}
