version: 2
n_points: 55
{
0.5429726775956286 0.1089582417582418
0.42871584699453574 0.07099560439560439
0.28465027322404374 0.03303296703296697
0.1405846994535518 0.013052747252747176
0.05613661202185806 0.04502197802197805
0.03129508196721298 0.12094505494505489
0.08097267759562833 0.22484175824175823
0.10084699453551935 0.3087582417582418
0.14555191256830582 0.388676923076923
0.1952295081967212 0.4865802197802198
0.23993989071038246 0.5704967032967033
0.29955191256830593 0.6524131868131867
0.34922950819672127 0.7243428571428572
0.4237431693989069 0.79627032967033
0.5330327868852457 0.858208791208791
0.6423224043715845 0.8981692307692306
0.7615519125683062 0.9421252747252745
0.8410327868852459 0.9900769230769229
0.9453551912568307 0.9680989010989008
0.9751639344262297 0.9421252747252745
0.6820655737704917 0.3946725274725275
0.5380054644808745 0.30676043956043964
0.46348633879781415 0.23483076923076915
0.41380874316939875 0.18288351648351647
0.2896174863387978 0.1289384615384616
0.1604590163934428 0.07698901098901093
0.08593989071038238 0.11694945054945052
0.1505191256830599 0.1988681318681319
0.2051639344262293 0.29077582417582415
0.2250382513661203 0.3746923076923075
0.24490710382513653 0.4546109890109889
0.27471584699453566 0.5325340659340662
0.35419672131147534 0.6244417582417584
0.4734207650273222 0.6823846153846151
0.5578743169398908 0.7443230769230768
0.6820655737704917 0.45061538461538453
0.6621967213114754 0.5105560439560441
0.6572295081967214 0.566501098901099
0.731743169398907 0.6304351648351647
0.7814207650273224 0.6783890109890108
0.6721311475409836 0.68638021978022
0.6174863387978142 0.6304351648351647
0.5181311475409835 0.6104571428571429
0.4336830601092898 0.5804857142857145
0.38400546448087447 0.5325340659340662
0.3790382513661204 0.49656923076923093
0.4187759562841528 0.4386285714285715
0.4734207650273222 0.4066593406593406
0.5330327868852457 0.3706967032967031
0.582710382513661 0.35071648351648355
0.23993989071038246 0.35670989010989035
0.25980874316939867 0.31075604395604395
0.2697486338797816 0.25281318681318676
0.2796830601092897 0.2088571428571428
0.29458469945355187 0.1589076923076923
}
