version: 2
n_points: 55
{
0.17432835820895531 0.8612
0.08903731343283591 0.7133058823529408
0.040000000000000105 0.5351529411764706
0.057052238805970226 0.3032117647058826
0.1274179104477613 0.15531764705882356
0.25535074626865684 0.06791764705882386
0.3790149253731344 0.06456470588235297
0.47923134328358197 0.08472941176470583
0.577313432835821 0.14523529411764735
0.6476716417910449 0.22254117647058824
0.7052388059701493 0.30657647058823567
0.7628134328358208 0.3805294117647062
0.8054552238805969 0.46791764705882377
0.8544925373134329 0.5351529411764706
0.9014029850746269 0.5922941176470592
0.9333880597014926 0.6662470588235291
0.9674999999999999 0.7469176470588236
0.9674999999999999 0.8477529411764709
0.9355223880597016 0.9250705882352938
0.8694179104477613 0.9519529411764706
0.4380597014925372 0.7226117647058826
0.33473134328358195 0.7226117647058826
0.2543656716417911 0.7014941176470589
0.1854776119402986 0.6532235294117648
0.13764179104477603 0.5657411764705885
0.12041791044776116 0.43603529411764685
0.14911940298507462 0.29727058823529373
0.22757462686567168 0.20677647058823556
0.3175074626865671 0.1735882352941176
0.39979104477611943 0.1675529411764708
0.4992910447761192 0.19169411764705857
0.5911417910447763 0.2399529411764707
0.6562014925373133 0.34251764705882326
0.7174328358208957 0.45715294117647065
0.7289179104477613 0.5748000000000001
0.47250746268656696 0.8342235294117646
0.5471343283582087 0.8281882352941178
0.6045373134328357 0.8553411764705883
0.6542910447761194 0.9005882352941178
0.6982985074626866 0.8945529411764703
0.6772537313432837 0.7738941176470588
0.6083656716417911 0.647188235294118
0.6141044776119404 0.5295411764705885
0.5892313432835821 0.41491764705882317
0.5433059701492537 0.37871764705882316
0.47250746268656696 0.39983529411764696
0.43997761194029844 0.4450823529411764
0.4093582089552238 0.5024000000000001
0.3940522388059701 0.5657411764705885
0.37108955223880596 0.6713294117647057
0.5146044776119403 0.22185882352941177
0.43232089552238795 0.2309058823529413
0.30602985074626854 0.2580588235294118
0.22566417910447764 0.31536470588235277
0.18356716417910457 0.41491764705882317
}
