version: 2
n_points: 55
{
0.6996541353383456 0.7851265822784808
0.8371353383458646 0.6693924050632905
0.9187744360902256 0.5102658227848106
0.9552932330827067 0.3077341772151903
0.8929924812030073 0.14498734177215128
0.7984736842105263 0.07264556962025358
0.7039473684210527 0.06903797468354368
0.6051278195488724 0.11243037974683479
0.5063082706766917 0.1377468354430373
0.40963909774436114 0.18477215189873392
0.3473458646616542 0.24263291139240514
0.2850451127819549 0.32943037974683514
0.220593984962406 0.4198481012658229
0.17118796992481178 0.4921772151898728
0.11963157894736842 0.5500506329113918
0.07666917293233089 0.6187594936708855
0.04014285714285715 0.694708860759493
0.03155639097744367 0.7995949367088608
0.0594812030075188 0.8755443037974684
0.12607518796992456 0.9370253164556959
0.6137218045112782 0.6802405063291144
0.7060977443609022 0.6296075949367093
0.7748421052631577 0.5645189873417719
0.8263984962406015 0.47048101265822795
0.8543233082706767 0.3873037974683542
0.8543233082706767 0.2462531645569614
0.7898796992481201 0.1594556962025314
0.7254285714285716 0.15583544303797514
0.6566842105263158 0.1739113924050637
0.6115714285714285 0.18477215189873392
0.5707593984962407 0.1920000000000001
0.5234962406015038 0.19562025316455633
0.48482706766917316 0.2064683544303802
0.45045864661654134 0.22816455696202503
0.41178947368421037 0.25710126582278525
0.5578721804511279 0.7164177215189871
0.5020150375939847 0.6766329113924044
0.43971428571428595 0.6766329113924044
0.40583458646616544 0.7616582278481019
0.34944360902255633 0.7760506329113923
0.3596917293233083 0.7098734177215195
0.399 0.6580886075949371
0.40241353383458656 0.5689113924050628
0.42463157894736836 0.48835443037974735
0.46735338345864674 0.4509620253164554
0.5169022556390976 0.4020506329113917
0.5715864661654136 0.41355696202531705
0.6023458646616543 0.45959493670886065
0.6313984962406015 0.5545316455696202
0.6433609022556391 0.6293291139240504
0.6177293233082708 0.23231645569620193
0.6775338345864663 0.23231645569620193
0.7322180451127819 0.2409493670886072
0.7903157894736844 0.2639620253164551
0.8313308270676693 0.30424050632911354
}
