version: 2
n_points: 55
{
0.8577792207792209 0.5550689655172414
0.9018441558441559 0.46065517241379306
0.9482272727272727 0.35391954022988503
0.9621428571428572 0.2636091954022988
0.938948051948052 0.16919540229885055
0.8856103896103897 0.10350574712643673
0.8090779220779222 0.07477011494252868
0.7279090909090911 0.05835632183908044
0.6397857142857142 0.06656321839080456
0.5562987012987014 0.09940229885057467
0.47744805194805184 0.14866666666666664
0.3893181818181817 0.18150574712643675
0.31279220779220784 0.21434482758620685
0.22466233766233779 0.25129885057471263
0.15740909090909083 0.32928735632183903
0.10175324675324648 0.41959770114942524
0.05073376623376613 0.5468620689655173
0.029857142857142582 0.7028505747126437
0.04609090909090885 0.8301149425287356
0.09247402597402588 0.9450574712643678
0.6351493506493506 0.6864367816091954
0.7000844155844155 0.5755977011494252
0.7789285714285713 0.4770689655172413
0.8392272727272726 0.378551724137931
0.8485064935064937 0.28413793103448276
0.8438636363636363 0.19382758620689655
0.7835714285714287 0.17329885057471262
0.7232727272727273 0.1527701149425287
0.6444220779220778 0.13635632183908045
0.5725324675324677 0.1650919540229885
0.5122337662337664 0.21434482758620685
0.44266233766233776 0.23897701149425285
0.37076623376623385 0.275919540229885
0.31047402597402585 0.29644827586206896
0.26409090909090915 0.34981609195402297
0.5980389610389611 0.6987471264367816
0.5609350649350651 0.6782183908045977
0.44961688311688297 0.7315862068965516
0.39396103896103907 0.7931609195402298
0.340616883116883 0.8218965517241379
0.33598051948051944 0.6946436781609195
0.37076623376623385 0.6166436781609195
0.37076623376623385 0.4770689655172413
0.39164285714285707 0.39497701149425285
0.45193506493506497 0.34981609195402297
0.523831168831169 0.3087701149425287
0.5887662337662338 0.3333908045977011
0.6258701298701299 0.38265517241379304
0.6421038961038962 0.4770689655172413
0.662974025974026 0.5755977011494252
0.5539805194805194 0.2184482758620689
0.616590909090909 0.24718390804597695
0.6838506493506493 0.25129885057471263
0.7395064935064937 0.2636091954022988
0.799805194805195 0.2923448275862069
}
