version: 2
n_points: 55
{
0.0592739726027397 0.3027605633802816
0.09463013698630163 0.17781690140845072
0.20068493150684896 0.09149295774647881
0.3200000000000002 0.046056338028168956
0.4481369863013699 0.041514084507042325
0.5674520547945203 0.06877464788732388
0.6779315068493148 0.12556338028169023
0.7574657534246577 0.19826056338028164
0.8060684931506852 0.26868309859154926
0.8635205479452052 0.3504647887323943
0.8988767123287671 0.42997183098591557
0.9209726027397259 0.5117535211267606
0.9298082191780819 0.5867183098591551
0.9121232876712326 0.6571408450704227
0.850260273972603 0.7366549295774649
0.8237534246575344 0.8252464788732394
0.7795616438356167 0.8775000000000002
0.7044383561643832 0.9320211267605633
0.6072191780821918 0.9592816901408452
0.5144246575342466 0.9683661971830985
0.3465068493150687 0.49130985915492953
0.25371232876712346 0.4049859154929578
0.2271917808219175 0.3141197183098591
0.2625479452054794 0.22552112676056338
0.3332465753424657 0.1619154929577464
0.43930136986301394 0.12783802816901402
0.5895479452054792 0.13692253521126768
0.6823424657534244 0.20053521126760562
0.7574657534246577 0.2800422535211267
0.8104931506849314 0.35500704225352114
0.8281643835616441 0.4345140845070422
0.8414246575342463 0.49812676056338034
0.8370136986301366 0.5571901408450705
0.7972328767123285 0.6185211267605633
0.7309589041095892 0.6525985915492957
0.25812328767123316 0.5253873239436619
0.3465068493150687 0.5708169014084505
0.4039589041095887 0.6435140845070424
0.39510958904109617 0.7003028169014084
0.43930136986301394 0.6798591549295776
0.4569863013698632 0.604894366197183
0.5409452054794517 0.5889929577464789
0.6160684931506851 0.582176056338028
0.6646712328767126 0.5367464788732393
0.6425753424657537 0.49585211267605633
0.5895479452054792 0.464049295774648
0.5276849315068495 0.42542957746478877
0.46582191780821913 0.4049859154929578
0.3995342465753424 0.3822676056338029
0.3200000000000002 0.3822676056338029
0.7883972602739726 0.4595070422535211
0.7397945205479451 0.38680985915492955
0.6690821917808222 0.3027605633802816
0.5807123287671232 0.23460563380281685
0.4613972602739729 0.17781690140845072
}
