version: 2
n_points: 55
{
0.5288288288288288 0.03489999999999996
0.3876846846846848 0.03294117647058837
0.25254954954954945 0.03489999999999996
0.15345045045045033 0.07215882352941175
0.09339639639639631 0.11921764705882351
0.06336036036036025 0.19568823529411764
0.05435135135135123 0.28980588235294114
0.05135135135135125 0.37607647058823523
0.05135135135135125 0.43686470588235293
0.0843873873873873 0.511370588235294
0.14444144144144133 0.5623529411764707
0.2105135135135134 0.6251
0.26756756756756744 0.6839235294117647
0.33063063063063053 0.7564705882352942
0.39970270270270286 0.8251
0.48078378378378395 0.8996058823529411
0.6189189189189188 0.9466647058823529
0.7510540540540542 0.9760764705882352
0.8741711711711713 0.9368647058823529
0.9612612612612612 0.903529411764706
0.6819819819819819 0.32117647058823545
0.5948918918918921 0.2545117647058823
0.49880180180180195 0.17411764705882365
0.3846846846846846 0.12313529411764701
0.23453153153153142 0.12313529411764701
0.13243243243243233 0.1917647058823531
0.12342342342342331 0.2917647058823531
0.12042342342342334 0.38980588235294117
0.13243243243243233 0.47019411764705876
0.22252252252252241 0.5427470588235294
0.31261261261261253 0.6094117647058825
0.34864864864864853 0.6701941176470588
0.3906936936936939 0.7211764705882354
0.4747747747747747 0.7525470588235293
0.534837837837838 0.7956882352941176
0.6759729729729731 0.3349
0.6489459459459461 0.35842941176470583
0.6609639639639642 0.49176470588235305
0.745045045045045 0.5701941176470587
0.799099099099099 0.6427470588235293
0.7330360360360362 0.6584294117647058
0.657954954954955 0.6251
0.5618648648648651 0.6525470588235294
0.5198198198198197 0.6270588235294119
0.5288288288288288 0.5800000000000002
0.5468468468468467 0.49764705882352955
0.567864864864865 0.44862941176470583
0.5948918918918921 0.3858823529411766
0.615918918918919 0.3525470588235294
0.6309279279279281 0.29568823529411764
0.3096126126126128 0.5898058823529412
0.2885855855855857 0.49372352941176467
0.2885855855855857 0.38980588235294117
0.2855855855855855 0.2878411764705882
0.2885855855855857 0.17215882352941175
}
