version: 2
n_points: 55
{
0.16175352112676053 0.9058153846153852
0.10541549295774644 0.7981230769230776
0.05847183098591548 0.6699230769230763
0.039690140845070394 0.510953846153846
0.07724647887323939 0.3314615384615378
0.13123943661971849 0.20838461538461472
0.21104929577464784 0.11607692307692241
0.29790845070422534 0.08530769230769164
0.3800633802816901 0.08018461538461519
0.46222535211267624 0.08530769230769164
0.5396901408450706 0.11095384615384596
0.6194999999999999 0.13658461538461608
0.6993169014084507 0.16735384615384685
0.7791267605633805 0.2391538461538455
0.8612887323943662 0.33658461538461604
0.9105845070422535 0.434030769230769
0.9528380281690141 0.5622307692307686
0.969267605633803 0.7006923076923071
0.9622253521126762 0.8135076923076929
0.9364014084507042 0.9212000000000007
0.4387535211267605 0.7673538461538468
0.3589366197183098 0.7468461538461533
0.2626971830985915 0.7417230769230767
0.18992253521126756 0.7006923076923071
0.11715492957746496 0.6083846153846147
0.1124577464788732 0.42889230769230835
0.16410563380281687 0.2853076923076916
0.23921830985915488 0.21350769230769295
0.323725352112676 0.17761538461538395
0.4082323943661971 0.17761538461538395
0.47865492957746475 0.17761538461538395
0.5514295774647887 0.20838461538461472
0.6124577464788732 0.24941538461538448
0.6664507042253522 0.3212000000000006
0.6969647887323943 0.4237692307692301
0.5303028169014085 0.936584615384616
0.5561197183098591 0.834030769230769
0.6030704225352115 0.7571076923076921
0.6664507042253522 0.7929999999999994
0.7345281690140845 0.8083846153846147
0.7110492957746478 0.6801846153846152
0.6570633802816901 0.6237692307692302
0.6523661971830987 0.4801846153846152
0.6124577464788732 0.40326153846153834
0.5467323943661974 0.34684615384615314
0.4856971830985915 0.3314615384615378
0.4364014084507042 0.3981230769230776
0.4105845070422535 0.510953846153846
0.3918028169014086 0.6083846153846147
0.3871056338028169 0.7109538461538459
0.45915492957746473 0.2391538461538455
0.36977464788732384 0.3219999999999992
0.2939295774647887 0.36341538461538403
0.22080281690140835 0.4344153846153841
0.15308450704225351 0.49358461538461484
}
