version: 2
n_points: 55
{
0.221193832599119 0.8427439024390246
0.14931718061674001 0.7015365853658538
0.06584581497797358 0.5474999999999998
0.024114537444933876 0.36778048780487826
0.042660792951541966 0.23941463414634157
0.09366960352422897 0.09820731707317065
0.15627312775330393 0.06610975609756087
0.23510132158590305 0.09178048780487813
0.3208898678414096 0.11103658536585392
0.4066784140969162 0.1302926829268296
0.5063744493392071 0.1302926829268296
0.626942731277533 0.16239024390243872
0.7220044052863436 0.2779146341463413
0.8263392070484582 0.4576341463414635
0.8680748898678414 0.5410731707317072
0.9121277533039648 0.6437682926829267
0.9538590308370042 0.7015365853658538
0.9770440528634361 0.7849756097560975
0.9816828193832599 0.8684268292682928
0.9793656387665199 0.9454390243902441
0.45594713656387664 0.804365853658537
0.39537444933920707 0.7942073170731707
0.3439779735682821 0.7840487804878046
0.2687224669603524 0.6875
0.197136563876652 0.6417682926829268
0.13105726872246695 0.5452195121951223
0.07966079295154196 0.3877073170731704
0.11270044052863448 0.2708292682926833
0.18612334801762115 0.22002439024390208
0.30543171806167413 0.2505121951219509
0.38252422907489 0.16412195121951256
0.4908237885462554 0.14887804878048816
0.5954493392070483 0.18953658536585327
0.6670352422907487 0.30640243902439024
0.7000748898678413 0.4181951219512192
0.49265638766519837 0.8551829268292683
0.5403832599118942 0.8094512195121951
0.6082951541850221 0.7688048780487802
0.6486784140969163 0.8297804878048777
0.6762114537444934 0.8500975609756101
0.6615286343612333 0.7078292682926826
0.6229823788546255 0.6316097560975606
0.6211453744493393 0.5096585365853655
0.5770925110132159 0.4791707317073167
0.5275330396475771 0.575707317073171
0.4596167400881058 0.6316097560975606
0.40455066079295166 0.651926829268293
0.3513215859030837 0.5909512195121954
0.3274581497797358 0.6620975609756095
0.3201189427312774 0.7179878048780488
0.28340528634361245 0.2505121951219509
0.2356828193832599 0.296243902439024
0.18979295154185033 0.33689024390243905
0.15308370044052863 0.3572195121951216
0.11086784140969151 0.36737804878048785
}
