version: 2
n_points: 55
{
0.29096045197740117 0.18292067988668562
0.3878135593220341 0.10805382436260631
0.5088757062146894 0.04734844192634577
0.6460847457627117 0.014974504249291627
0.7550451977401131 0.0169971671388102
0.8640056497175139 0.04937393767705375
0.9527853107344635 0.11007648725212456
0.9689265536723164 0.19101699716713874
0.9689265536723164 0.2537422096317281
0.924536723163842 0.32456373937677063
0.8518983050847455 0.3953852691218131
0.827683615819209 0.5289348441926347
0.8034689265536726 0.6462974504249293
0.7341129943502824 0.7687167138810197
0.6317118644067796 0.8767195467422095
0.5045932203389829 0.945770538243626
0.3421638418079095 0.9864929178470254
0.1903276836158191 0.9723286118980169
0.080864406779661 0.9386883852691217
0.02436723163841803 0.8908838526912181
0.23623163841807904 0.4659546742209631
0.292728813559322 0.36326345609065147
0.3668813559322033 0.25703116147308774
0.46575141242937845 0.17204532577903675
0.5928700564971751 0.1083059490084985
0.7199887005649717 0.08174787535410756
0.8082655367231638 0.09591218130311606
0.8859491525423728 0.13840509915014157
0.9036045197740112 0.21276770538243617
0.8753559322033898 0.2747365439093484
0.8435762711864406 0.3296232294617563
0.8223898305084745 0.3668045325779036
0.8153276836158192 0.4252322946175637
0.8047344632768361 0.5031359773371104
0.7623615819209039 0.5863512747875353
0.13736158192090386 0.4818895184135977
0.20092090395480222 0.520841359773371
0.24682485875706206 0.5934334277620396
0.21504519774011288 0.6642549575070821
0.18679661016949145 0.71914164305949
0.27860451977401124 0.6784192634560906
0.36335028248587564 0.6022861189801699
0.4198474576271186 0.5952039660056656
0.4939999999999999 0.5668753541076487
0.5222485875706214 0.5013654390934843
0.5010621468926553 0.46418413597733704
0.4445649717514124 0.4216912181303115
0.4092542372881355 0.39159206798866847
0.3668813559322033 0.37742776203966
0.3245084745762711 0.3614929178470254
0.628180790960452 0.6182209631728045
0.7411751412429377 0.5190708215297449
0.7341129943502824 0.40221529745042484
0.6776158192090395 0.3012946175637393
0.6705536723163841 0.15433994334277612
}
