version: 2
n_points: 55
{
0.1599354838709677 0.720716981132075
0.09376344086021504 0.5852452830188685
0.06067741935483872 0.44979245283018976
0.09376344086021504 0.26111320754717093
0.15718279569892468 0.15467924528301846
0.23162365591397846 0.10630188679245312
0.3198494623655915 0.09662264150943356
0.3915376344086023 0.09662264150943356
0.46873118279569875 0.09662264150943356
0.548688172043011 0.12564150943396213
0.6286451612903226 0.17401886792452748
0.6865483870967741 0.2224150943396228
0.7361720430107527 0.29013207547169717
0.7857956989247312 0.37722641509434063
0.8354301075268816 0.4739811320754713
0.890569892473118 0.5417169811320757
0.9264086021505377 0.6239622641509444
0.9512258064516129 0.7255471698113198
0.9512258064516129 0.8223018867924528
0.9346881720430106 0.9142264150943387
0.4349784946236556 0.6883018867924532
0.36036559139784957 0.676735849056603
0.2791720430107526 0.649792452830188
0.20455913978494625 0.5920188679245274
0.1321505376344085 0.49962264150943425
0.11020430107526877 0.38409433962264095
0.15408602150537648 0.2416226415094347
0.23527956989247312 0.19156603773584946
0.30769892473118293 0.16845283018867918
0.393279569892473 0.16075471698113175
0.4722795698924734 0.16460377358490652
0.5446989247311826 0.1992641509433969
0.612720430107527 0.23777358490565992
0.6763655913978494 0.3032264150943401
0.737806451612903 0.38409433962264095
0.48983870967741944 0.7806981132075462
0.5446989247311826 0.7499056603773586
0.5929784946236558 0.7383584905660384
0.6390537634408604 0.7922641509433964
0.6785591397849462 0.7499056603773586
0.6544193548387096 0.6459433962264154
0.5863870967741934 0.557377358490567
0.5841935483870966 0.44954716981132115
0.5578602150537632 0.3378867924528305
0.48983870967741944 0.3109433962264154
0.4349784946236556 0.3263396226415103
0.4020645161290322 0.41490566037735865
0.3823118279569893 0.5034716981132069
0.3735376344086019 0.5689245283018872
0.3625591397849464 0.6459433962264154
0.4152258064516127 0.2531698113207548
0.34501075268817216 0.3032264150943401
0.27697849462365576 0.3455849056603779
0.21553763440860202 0.39564150943396315
0.17603225806451622 0.44954716981132115
}
