version: 2
n_points: 55
{
0.17829000000000006 0.15980999999999995
0.3182900000000001 0.09181000000000011
0.47029 0.04381
0.63029 0.029809999999999944
0.7822899999999998 0.053810000000000004
0.8662900000000002 0.11980999999999994
0.9342899999999997 0.20580999999999988
0.9422899999999998 0.2958099999999999
0.9462900000000002 0.37580999999999987
0.91829 0.46980999999999995
0.8942899999999997 0.5418100000000001
0.8462900000000002 0.6358099999999999
0.77829 0.70781
0.6982900000000001 0.7618100000000001
0.6062900000000002 0.8318100000000002
0.5382900000000002 0.9038099999999997
0.44228999999999985 0.9598099999999999
0.29829000000000006 0.97981
0.16228999999999982 0.9638099999999997
0.04228999999999983 0.9398099999999999
0.2542899999999997 0.47980999999999996
0.21428999999999976 0.41781000000000007
0.2262900000000002 0.35381
0.2702899999999999 0.28781000000000007
0.35029 0.2118100000000001
0.4942899999999998 0.14580999999999988
0.6542899999999998 0.1258099999999999
0.7702899999999999 0.13980999999999993
0.83029 0.21381
0.8542899999999998 0.3258099999999999
0.8382900000000001 0.41781000000000007
0.8342899999999998 0.49580999999999986
0.7862900000000002 0.55781
0.7022899999999999 0.6118100000000001
0.61829 0.63381
0.11829000000000012 0.5158099999999999
0.15028999999999992 0.5618100000000001
0.15028999999999992 0.6178100000000001
0.11029 0.65781
0.11029 0.7118100000000002
0.25029 0.6758099999999999
0.34228999999999987 0.5978100000000001
0.42629000000000017 0.5858099999999999
0.5382900000000002 0.58381
0.63829 0.5498099999999999
0.6862900000000002 0.4978100000000001
0.65829 0.4278100000000001
0.5742899999999997 0.38381
0.41829000000000005 0.35381
0.2742899999999997 0.33781000000000005
0.8062900000000002 0.37580999999999987
0.7662900000000001 0.32980999999999994
0.7302899999999999 0.26980999999999994
0.69029 0.22781000000000007
0.6742899999999997 0.17781000000000005
}
