version: 2
n_points: 55
{
0.8753281596452329 0.893019230769231
0.9326075388026608 0.6846858974358977
0.971410199556541 0.4763525641025643
0.988039911308204 0.24664743589743574
0.9326075388026608 0.10776282051282074
0.8531552106430156 0.04900000000000004
0.7700066518847007 0.038314102564102406
0.6942483370288248 0.043660256410256636
0.6277294900221729 0.09707692307692312
0.5667538802660754 0.17186538461538484
0.503931263858093 0.18789102564102586
0.42447671840354784 0.17720512820512824
0.3505676274944568 0.18254487179487164
0.2748093126385811 0.19857051282051266
0.19535698447893568 0.25733333333333336
0.11220842572062084 0.4175897435897436
0.06047228381374703 0.5778461538461539
0.010583148558758082 0.7648141025641028
0.025363636363636588 0.893019230769231
0.09188248337028837 0.9464358974358975
0.577840354767184 0.9197243589743588
0.6609889135254989 0.8235705128205126
0.7422904656319291 0.7274166666666665
0.808809312638581 0.7007115384615387
0.8734789356984478 0.5084038461538464
0.8845654101995565 0.36417307692307715
0.8568492239467849 0.12912820512820516
0.7589201773835921 0.12378846153846176
0.6683791574279379 0.1504935897435896
0.5815365853658534 0.17186538461538484
0.47885365853658524 0.194378205128205
0.408110864745011 0.23710897435897457
0.352150776053215 0.2523717948717949
0.27929711751662967 0.28289743589743555
0.24128603104212842 0.3500512820512817
0.5541374722838136 0.9335384615384612
0.4987050997782704 0.8758461538461535
0.4188824833702881 0.8437948717948714
0.3811884700665187 0.9078974358974355
0.2991485587583147 0.9719999999999996
0.2658891352549888 0.8566153846153843
0.32797339246119717 0.728410256410256
0.33905986696230583 0.5361025641025637
0.3878403547671839 0.3566153846153843
0.46322838137472266 0.27969230769230735
0.5408337028824832 0.2668717948717945
0.591831485587583 0.4207179487179484
0.6206563192904655 0.5425128205128201
0.6539157427937916 0.6707179487179484
0.6716541019955655 0.7796923076923074
0.6095698447893568 0.1835384615384612
0.676088691796009 0.25405128205128175
0.7381729490022174 0.305333333333333
0.7891707317073172 0.3566153846153843
0.8468203991130822 0.38225641025640994
}
