version: 2
n_points: 55
{
0.844489898989899 0.28709734513274343
0.9027626262626264 0.42664601769911514
0.9571565656565656 0.5798141592920354
0.9726969696969696 0.7227699115044248
0.9416161616161616 0.8487079646017699
0.8677979797979799 0.9201858407079646
0.7939848484848485 0.9508141592920355
0.7201717171717171 0.9406017699115046
0.6405252525252526 0.8827433628318584
0.5589444444444445 0.8657256637168141
0.4773585858585858 0.8657256637168141
0.38411616161616136 0.8487079646017699
0.2908787878787882 0.7874424778761061
0.20346464646464624 0.7091504424778761
0.11993434343434317 0.6002389380530972
0.06166161616161592 0.48791150442477893
0.030580808080807875 0.3483628318584071
0.022813131313131563 0.212221238938053
0.02669696969696944 0.11691150442477882
0.04806565656565687 0.0386283185840709
0.5783686868686868 0.3687876106194691
0.6793787878787878 0.3858053097345133
0.7629040404040405 0.42324778761061943
0.8308939393939394 0.49131858407079654
0.8736262626262626 0.613849557522124
0.844489898989899 0.7670176991150442
0.8036969696969697 0.8623185840707965
0.7162828282828284 0.8555132743362832
0.6482979797979798 0.8010530973451329
0.5997323232323233 0.8146725663716814
0.541459595959596 0.8044601769911504
0.4773585858585858 0.7806283185840709
0.41714141414141437 0.7806283185840709
0.3744040404040402 0.75
0.34720707070707046 0.6887345132743363
0.5026111111111111 0.212221238938053
0.41908080808080783 0.25986725663716825
0.37245959595959577 0.30071681415929197
0.30835858585858555 0.25986725663716825
0.25979797979798 0.25986725663716825
0.3141868686868684 0.29730973451327436
0.36663636363636387 0.33475221238938047
0.3918888888888892 0.4402654867256637
0.3918888888888892 0.5730088495575221
0.43462121212121185 0.6546991150442477
0.510378787878788 0.681929203539823
0.5783686868686868 0.6887345132743363
0.6308131313131313 0.6580973451327434
0.6716060606060607 0.5525840707964602
0.6813181818181819 0.43685840707964607
0.6269292929292929 0.7908407079646018
0.6657777777777778 0.7704247787610619
0.71239898989899 0.7704247787610619
0.7609646464646465 0.7738230088495576
0.7998131313131314 0.7806283185840709
}
