version: 2
n_points: 55
{
0.1498902821316616 0.6689601769911502
0.0761316614420061 0.5049823008849557
0.0171222570532915 0.37223893805309727
0.018965517241379168 0.17442477876106177
0.07797492163009412 0.07291592920353995
0.14804702194357358 0.03387168141592911
0.2273385579937303 0.02606637168141579
0.3010971786833854 0.052092920353982386
0.37116927899686525 0.11196017699115046
0.44308777429467094 0.14319026548672564
0.5260658307210033 0.18223451327433604
0.6090470219435739 0.2186725663716812
0.6864952978056426 0.27593362831858403
0.7620971786833853 0.35401769911504444
0.8561410658307208 0.48936725663716807
0.9243699059561129 0.5804646017699112
0.9667805642633229 0.6819734513274335
0.9870658307210032 0.8017035398230086
0.9667805642633229 0.8980088495575224
0.9428087774294673 0.9812964601769912
0.39514106583072084 0.6351238938053098
0.29925391849529775 0.6299159292035398
0.22180564263322874 0.577862831858407
0.16279937304075232 0.4763495575221237
0.13145141065830718 0.3826504424778763
0.13145141065830718 0.27853982300884983
0.1572664576802508 0.1666150442477875
0.2162758620689654 0.11716371681415949
0.29003448275862054 0.14579646017699133
0.3674827586206899 0.19524778761061934
0.45415047021943583 0.22648230088495547
0.5352852664576805 0.27333185840707974
0.5998275862068967 0.32018141592920357
0.6680532915360499 0.38525221238938057
0.7491912225705328 0.44511946902654853
0.4172695924764888 0.726221238938053
0.4725893416927902 0.7080000000000002
0.5850752351097176 0.7340309734513273
0.6422382445141066 0.8069070796460176
0.6901818181818179 0.8355398230088495
0.6643667711598746 0.7522477876106196
0.6145768025078369 0.6481371681415931
0.6127335423197492 0.5414203539823008
0.5869184952978059 0.47114601769911524
0.516846394984326 0.4321017699115043
0.4744357366771161 0.42429646017699096
0.426489028213166 0.4373097345132744
0.37670219435736646 0.47114601769911524
0.33797805642633244 0.4971725663716814
0.31400626959247613 0.5596415929203542
0.40436363636363626 0.2186725663716812
0.34535423197492127 0.2316858407079645
0.3066300940438873 0.20045575221238932
0.24209090909090902 0.17963274336283175
0.17017554858934153 0.22127433628318605
}
