version: 2
n_points: 55
{
0.09195402298850575 0.2972487046632126
0.040229885057471264 0.5001865284974094
0.013409195402298782 0.6988031088082902
0.04789195402298844 0.86719689119171
0.11111034482758614 0.9535544041450777
0.1839080459770115 0.9708238341968913
0.25095862068965524 0.9492331606217617
0.3237540229885057 0.9233264248704663
0.3869724137931034 0.901740932642487
0.45977011494252873 0.8758341968911917
0.5421448275862069 0.8499274611398964
0.5862068965517241 0.824020725388601
0.6551724137931034 0.7592538860103627
0.7260528735632183 0.672896373056995
0.8084298850574714 0.590860103626943
0.8869724137931034 0.5001865284974094
0.9444436781609198 0.39655958549222803
0.9808436781609193 0.2583886010362696
0.9904206896551726 0.12453886010362691
0.9386965517241381 0.02522797927461151
0.39655172413793105 0.26270466321243524
0.2796942528735633 0.29293264248704665
0.19348735632183914 0.40519170984455954
0.12452183908045984 0.5347253886010362
0.1015333333333334 0.6858497409326426
0.12260459770114936 0.819699481865285
0.1532574712643679 0.8628808290155441
0.2279701149425288 0.858559585492228
0.2969356321839081 0.8369740932642487
0.367816091954023 0.819699481865285
0.4578551724137932 0.8369740932642487
0.5498091954022989 0.8283367875647669
0.6206896551724138 0.7592538860103627
0.6666666666666666 0.664259067357513
0.7222229885057472 0.6253989637305699
0.41954022988505746 0.2583886010362696
0.4904206896551723 0.3663316062176166
0.6053632183908045 0.3404248704663212
0.6513402298850574 0.23248186528497428
0.6973172413793103 0.1979378238341969
0.6877402298850576 0.27997927461139893
0.6398459770114941 0.3749689119170986
0.628351724137931 0.5347253886010362
0.5708804597701149 0.629720207253886
0.5114942528735632 0.6167668393782384
0.4578551724137932 0.5692694300518136
0.41570804597701144 0.4958652849740932
0.39463678160919546 0.42246632124352335
0.37164827586206906 0.357699481865285
0.3582367816091953 0.29293264248704665
0.342912643678161 0.785160621761658
0.2777770114942528 0.7808393782383419
0.19731724137931028 0.7981139896373057
0.157087356321839 0.7592538860103627
0.13026896551724146 0.672896373056995
}
