version: 2
n_points: 55
{
0.1473575418994414 0.36593277310924366
0.08683798882681555 0.4674705882352943
0.03795530726256974 0.5830168067226893
0.028642458100558713 0.7195714285714288
0.07519553072625687 0.8421176470588234
0.14968715083798873 0.905142857142857
0.23813966480446933 0.9436638655462184
0.340558659217877 0.9576638655462184
0.42203351955307256 0.9436638655462184
0.5058324022346368 0.8946386554621848
0.5710055865921789 0.8421176470588234
0.6385139664804468 0.789596638655462
0.70136312849162 0.7335798319327731
0.7805027932960896 0.6810588235294117
0.8410279329608937 0.5830168067226893
0.8992178770949723 0.5024873949579831
0.9597430167597765 0.39394117647058835
0.9760335195530728 0.2608907563025209
0.9643966480446925 0.1278319327731091
0.8852513966480449 0.04030252100840326
0.4499664804469273 0.40094117647058813
0.35452513966480464 0.4149495798319329
0.2567597765363127 0.45696638655462196
0.17529050279329614 0.5234957983193277
0.11942458100558664 0.6005210084033612
0.11244134078212296 0.7405798319327732
0.1589944134078211 0.8421176470588234
0.24512290502793302 0.9086470588235296
0.3312513966480446 0.9121512605042016
0.4034078212290505 0.8946386554621848
0.4662569832402237 0.8561260504201682
0.5221229050279331 0.8106050420168066
0.5919553072625701 0.7510840336134456
0.664117318435754 0.6845546218487394
0.7223128491620111 0.6005210084033612
0.3894413407821231 0.2748907563025209
0.4476368715083796 0.2818991596638655
0.5616983240223463 0.28539495798319314
0.6292011173184355 0.23637815126050432
0.6873966480446927 0.1978655462184873
0.6734301675977653 0.29940336134453793
0.6245474860335195 0.39744537815126046
0.6454972067039105 0.5059831932773109
0.6478212290502795 0.5795126050420167
0.6105810055865921 0.6355378151260506
0.5384189944134076 0.688058823529412
0.480223463687151 0.691563025210084
0.42203351955307256 0.6075294117647059
0.3754748603351957 0.5199915966386557
0.3312513966480446 0.44996638655462173
0.5267821229050278 0.7685882352941176
0.4290167597765362 0.8036050420168068
0.33590502793296095 0.7931008403361346
0.24046927374301666 0.7825966386554624
0.15201117318435742 0.730075630252101
}
