version: 2
n_points: 55
{
0.19144476744186037 0.32245673076923087
0.0834709302325583 0.4838605769230768
0.024779069767441864 0.6604855769230769
0.017026162790697588 0.8175384615384615
0.07516569767441852 0.9104855769230767
0.15074709302325573 0.9745865384615384
0.23020348837209317 0.9681778846153845
0.30190988372093014 0.9457403846153846
0.3833052325581395 0.9072788461538461
0.4898953488372093 0.8752307692307693
0.5751656976744185 0.8239471153846152
0.6294302325581396 0.7726634615384615
0.6953197674418606 0.686125
0.7670261627906976 0.5867692307692307
0.8367936046511627 0.4745865384615384
0.9201279069767438 0.37523076923076926
0.976328488372093 0.28548557692307674
0.9879563953488372 0.15087019230769216
0.9666395348837206 0.0643317307692306
0.9240029069767441 0.01946153846153842
0.39299418604651176 0.3335624999999999
0.29803488372093023 0.3880480769230772
0.2243895348837211 0.4745865384615384
0.16625000000000015 0.5995865384615384
0.12749127906976734 0.7149711538461538
0.13524418604651164 0.8399711538461538
0.18369186046511643 0.8784326923076923
0.25345930232558156 0.8784326923076923
0.2999709302325583 0.8495865384615384
0.3697383720930234 0.8015096153846154
0.40656104651162783 0.7983076923076924
0.45501162790697675 0.7951009615384614
0.5092732558139537 0.7790769230769231
0.5422209302325581 0.7534326923076923
0.590668604651163 0.7053557692307693
0.4569476744186048 0.27587019230769216
0.524267441860465 0.30640384615384597
0.5762877906976746 0.301341346153846
0.6053575581395351 0.24061538461538468
0.6497267441860465 0.1950673076923075
0.6359563953488372 0.2684471153846153
0.5900581395348837 0.3089326923076925
0.5808779069767442 0.4582259615384614
0.528857558139535 0.5442596153846155
0.47224999999999984 0.5822115384615385
0.43093895348837225 0.607514423076923
0.37891860465116267 0.5872740384615386
0.35750000000000004 0.5493173076923076
0.34066860465116294 0.4759375
0.3330203488372092 0.3924374999999998
0.3452587209302326 0.7719903846153846
0.2886511627906978 0.7618701923076923
0.2243895348837211 0.7593365384615385
0.184610465116279 0.7542788461538461
0.15554069767441853 0.7365673076923078
}
