version: 2
n_points: 55
{
0.7722596153846154 0.2066915422885573
0.6058461538461539 0.11293034825870653
0.42463461538461544 0.028736318407960253
0.2951923076923076 0.026820895522388016
0.18425000000000005 0.05169651741293528
0.1102788461538461 0.10910447761194034
0.054807692307692196 0.17033830845771145
0.06220192307692302 0.25070149253731355
0.09918269230769229 0.3463781094527364
0.16945192307692297 0.43248756218905476
0.22123076923076931 0.5128557213930348
0.24341346153846152 0.6085273631840797
0.29889423076923083 0.7022935323383085
0.41353846153846163 0.8209303482587065
0.5022980769230769 0.8974676616915424
0.6021442307692306 0.9587014925373135
0.7089999999999999 0.972641791044776
0.7948461538461538 0.9761990049751245
0.8841346153846152 0.9584278606965174
0.9528173076923079 0.9282238805970148
0.7192980769230768 0.3596368159203979
0.6094134615384614 0.2956716417910448
0.5304230769230768 0.2352587064676616
0.3930673076923076 0.18195522388059704
0.2041923076923076 0.12864676616915424
0.12864423076923068 0.1908358208955224
0.12520192307692296 0.24414427860696508
0.17327884615384603 0.32943283582089555
0.23166346153846143 0.4182736318407959
0.2591346153846153 0.4946766169154229
0.2728749999999999 0.5621940298507462
0.3278173076923076 0.6208308457711441
0.3758942307692307 0.675910447761194
0.4136634615384614 0.7132238805970149
0.4583076923076922 0.7594228855721393
0.7467692307692306 0.3916218905472637
0.7536442307692307 0.4609154228855722
0.8120192307692307 0.5995074626865671
0.8497980769230771 0.6457064676616915
0.8875673076923078 0.6883482587064677
0.8772692307692307 0.7256616915422885
0.7227307692307691 0.6652537313432836
0.6059711538461537 0.6279402985074627
0.5098173076923076 0.5835174129353232
0.4136634615384614 0.5248805970149253
0.3930673076923076 0.4751293532338307
0.4205384615384614 0.4342636815920397
0.49951923076923066 0.3969502487562188
0.5819326923076922 0.3702985074626866
0.6712211538461538 0.3543084577114428
0.2694326923076922 0.4733532338308458
0.2728749999999999 0.3898407960199005
0.28660576923076914 0.3045572139303483
0.2900384615384614 0.24592039800995028
0.2900384615384614 0.18017910447761198
}
