version: 2
n_points: 55
{
0.1999999999999993 0.15858870967741928
0.3025312499999995 0.10566935483870975
0.4539062499999993 0.06282258064516123
0.6296874999999993 0.04266129032258058
0.7566406249999993 0.10566935483870975
0.8370781249999997 0.20056451612903228
0.8859062499999997 0.2786935483870967
0.9103124999999999 0.35429838709677414
0.8761406249999997 0.4374596774193549
0.8419531249999999 0.5181048387096775
0.8028906249999999 0.5911935483870967
0.7442968749999999 0.6642741935483871
0.6905937499999997 0.7398790322580645
0.6124687499999997 0.7978467741935483
0.5343437499999997 0.8684112903225806
0.45132812499999986 0.9162903225806452
0.3097343749999997 0.944016129032258
0.21207812499999967 0.9616532258064516
0.13395312499999967 0.9490564516129032
0.07046874999999986 0.9263709677419355
0.22671874999999986 0.39713709677419357
0.27554687499999986 0.316491935483871
0.3097343749999997 0.2282903225806451
0.40249999999999986 0.16528225806451616
0.5196874999999999 0.14512096774193553
0.6710624999999997 0.1501612903225807
0.7442968749999999 0.19048387096774197
0.7784843749999997 0.24592741935483875
0.8028906249999999 0.3114516129032258
0.8077812499999997 0.36437903225806445
0.7931249999999999 0.4248629032258064
0.7784843749999997 0.4828225806451613
0.7442968749999999 0.565991935483871
0.6857031249999999 0.6340322580645161
0.5831718749999997 0.7045967741935484
0.20718749999999986 0.445024193548387
0.24624999999999986 0.4979435483870968
0.2609062499999997 0.5483467741935484
0.21695312499999986 0.5785887096774194
0.17301562499999967 0.6466370967741935
0.28531249999999986 0.6567177419354838
0.3683281249999997 0.6163951612903226
0.5392187499999999 0.6113548387096773
0.6466406249999999 0.5861532258064516
0.6661718749999999 0.4979435483870968
0.6075781249999999 0.4500645161290322
0.5636406249999997 0.39462096774193545
0.4855156249999997 0.3416935483870968
0.39273437499999986 0.3316129032258065
0.31460937499999986 0.316491935483871
0.7442968749999999 0.4147822580645161
0.7149999999999999 0.3442177419354838
0.6905937499999997 0.2761693548387097
0.6515312499999997 0.22072580645161294
0.6222343749999997 0.18040322580645166
}
