version: 2
n_points: 55
{
0.2024421052631579 0.7583999999999997
0.11253157894736827 0.6472888888888886
0.04893684210526317 0.4945111111111108
0.02920000000000001 0.3648777777777784
0.05551578947368422 0.2398777777777784
0.12130526315789475 0.1426555555555562
0.19805789473684196 0.09636666666666671
0.2770052631578946 0.06858888888888892
0.3427947368421051 0.06395555555555521
0.4414789473684209 0.08710000000000062
0.5313894736842105 0.091733333333333
0.6213052631578947 0.11951111111111079
0.7156000000000003 0.17506666666666637
0.8098999999999998 0.25376666666666736
0.8954263157894735 0.40654444444444504
0.9414789473684209 0.5222888888888886
0.9568315789473685 0.6472888888888886
0.9568315789473685 0.7445111111111108
0.9787578947368424 0.841733333333333
0.9743736842105262 0.9528444444444442
0.507578947368421 0.8230777777777778
0.40076842105263166 0.7642555555555557
0.318721052631579 0.7152333333333332
0.23822631578947356 0.5779777777777781
0.1840473684210526 0.4603333333333328
0.14844210526315793 0.39171111111111134
0.12677368421052626 0.2381111111111105
0.20262631578947382 0.1792888888888885
0.28621578947368403 0.1498777777777781
0.3790947368421054 0.18582222222222278
0.4534000000000001 0.1890888888888892
0.5199631578947369 0.19889999999999952
0.5787842105263158 0.221766666666666
0.6422526315789475 0.27078888888888875
0.6948842105263159 0.31654444444444474
0.5261526315789473 0.8590222222222224
0.561757894736842 0.8263444444444442
0.6468947368421054 0.8002000000000004
0.7026263157894738 0.8557555555555558
0.7800210526315787 0.9113111111111114
0.7521578947368419 0.7806000000000002
0.6979789473684209 0.6988999999999995
0.6716631578947367 0.5845111111111111
0.5942631578947369 0.43745555555555526
0.5323473684210527 0.37536666666666685
0.47816842105263146 0.3818999999999998
0.44565789473684214 0.46360000000000046
0.41934210526315796 0.5355000000000005
0.40541052631578955 0.6237333333333329
0.4023157894736842 0.7348444444444441
0.4208894736842105 0.2054333333333337
0.37290526315789463 0.23157777777777766
0.3326526315789474 0.27078888888888875
0.26454210526315775 0.33615555555555576
0.19024210526315796 0.36556666666666615
}
