version: 2
n_points: 55
{
0.5833333333333334 0.09022556390977443
0.4583333333333333 0.05263157894736842
0.3333333333333333 0.03759398496240601
0.19444444444444445 0.05263157894736842
0.1388888888888889 0.12030075187969924
0.08333333333333333 0.18796992481203006
0.06944444444444445 0.2556390977443609
0.06944444444444445 0.3233082706766917
0.09722222222222222 0.40601503759398494
0.1111111111111111 0.46616541353383456
0.1388888888888889 0.5263157894736842
0.18055555555555555 0.5939849624060151
0.2361111111111111 0.6541353383458647
0.2916666666666667 0.7142857142857143
0.3878750000000003 0.8008345864661656
0.4885694444444447 0.8722631578947371
0.6274583333333337 0.9286541353383461
0.7559305555555559 0.9643684210526318
0.8670416666666669 0.9380526315789476
0.9364861111111114 0.8948195488721806
0.7732916666666669 0.36850375939849644
0.7073194444444447 0.28767669172932325
0.6552361111111114 0.22752631578947366
0.5475972222222225 0.16737593984962404
0.4642638888888892 0.11474436090225561
0.3427361111111114 0.110984962406015
0.2316250000000003 0.15045864661654132
0.16565277777777807 0.24632330827067667
0.13440277777777807 0.3346691729323308
0.15870833333333362 0.40233834586466183
0.19690277777777807 0.4888045112781957
0.22815277777777807 0.5677518796992483
0.3114861111111114 0.6504586466165415
0.3913472222222225 0.716248120300752
0.5198194444444447 0.7820375939849626
0.7941250000000003 0.43429323308270695
0.7628750000000003 0.5132406015037596
0.7941250000000003 0.5884285714285716
0.9017638888888891 0.6636165413533837
0.9017638888888891 0.7218872180451129
0.7871805555555559 0.6899323308270678
0.7212083333333337 0.64106015037594
0.6378750000000003 0.6373007518796995
0.49204166666666693 0.6128646616541356
0.4191250000000003 0.5527142857142859
0.42954166666666693 0.4963233082706769
0.5024583333333337 0.4587293233082709
0.5475972222222225 0.42113533834586486
0.6031527777777781 0.4004586466165415
0.6691250000000003 0.3797819548872182
0.2628750000000003 0.5451954887218047
0.2663472222222225 0.46060902255639113
0.27329166666666693 0.3779022556390979
0.2837083333333336 0.3008345864661654
0.3080138888888892 0.16925563909774433
}
