version: 2
n_points: 55
{
0.7798817204301075 0.24298387096774188
0.8713978494623658 0.3150483870967744
0.9194408602150536 0.45232258064516107
0.9400322580645162 0.6342096774193553
0.9171505376344088 0.7851935483870971
0.8325053763440861 0.8881451612903225
0.7112473118279572 0.9121774193548389
0.5991397849462369 0.9018709677419354
0.5030537634408601 0.8778548387096777
0.40239784946236556 0.8366774193548391
0.33376344086021525 0.7851935483870971
0.2491075268817201 0.7062741935483869
0.20106451612903242 0.6513548387096777
0.15302150537634407 0.5621290322580641
0.10726881720430104 0.4557580645161291
0.07294623655913968 0.3768225806451613
0.05235483870967772 0.28416129032258053
0.05235483870967772 0.19151612903225845
0.07523655913978511 0.12630645161290355
0.10726881720430104 0.07483870967741912
0.6220215053763443 0.3390806451612908
0.6837956989247314 0.294467741935484
0.7547204301075271 0.3081935483870969
0.8096236559139787 0.3768225806451613
0.8393655913978493 0.486645161290323
0.8508064516129032 0.610177419354839
0.8347849462365591 0.7337258064516127
0.7981827956989247 0.8229516129032262
0.7409892473118277 0.8332419354838709
0.6609139784946234 0.8229516129032262
0.580838709677419 0.8195161290322581
0.5030537634408601 0.802354838709677
0.427559139784946 0.7749032258064513
0.35892473118279566 0.7234193548387093
0.29487096774193555 0.6376290322580648
0.557967741935484 0.2567096774193548
0.4939032258064515 0.25327419354838665
0.427559139784946 0.24298387096774188
0.37722580645161286 0.17779032258064553
0.29487096774193555 0.14690322580645165
0.30173118279569866 0.23612903225806425
0.3612150537634411 0.3390806451612908
0.35663440860215023 0.47291935483871006
0.3749354838709681 0.5827258064516132
0.45272043010752694 0.6376290322580648
0.5465268817204301 0.5998870967741933
0.603720430107527 0.5552741935483874
0.638032258064516 0.5106612903225807
0.670064516129032 0.43859677419354814
0.6952365591397848 0.3528064516129036
0.5350860215053761 0.7886290322580642
0.603720430107527 0.7851935483870971
0.6723548387096774 0.7474516129032256
0.727258064516129 0.7062741935483869
0.8027634408602149 0.6891129032258068
}
