version: 2
n_points: 55
{
0.8267543859649122 0.614039473684211
0.8669561403508772 0.46601315789473724
0.9071666666666667 0.3234605263157891
0.9510263157894737 0.20832894736842067
0.8779210526315789 0.10417105263157934
0.7719298245614035 0.07674999999999961
0.6878684210526316 0.09868421052631579
0.6074561403508771 0.13157894736842105
0.5087719298245614 0.16447368421052633
0.45394736842105265 0.20285526315789512
0.38815789473684215 0.23026315789473684
0.31871052631578967 0.2576710526315786
0.256578947368421 0.3125
0.2054122807017541 0.3837763157894741
0.1578947368421053 0.47148684210526276
0.1067280701754384 0.5427631578947368
0.06286842105263135 0.614039473684211
0.037280701754385914 0.745618421052632
0.05555263157894763 0.877197368421053
0.1103771929824564 0.9375
0.5709035087719299 0.5811447368421057
0.6732456140350878 0.5482500000000003
0.7426929824561403 0.4934210526315789
0.790201754385965 0.3837763157894741
0.8377192982456141 0.27960526315789475
0.8157894736842105 0.1864078947368425
0.7719298245614035 0.13157894736842105
0.706140350877193 0.16996052631578987
0.6220789473684211 0.19188157894736801
0.5307017543859649 0.2247763157894733
0.45028947368421046 0.24671052631578946
0.3771929824561403 0.252197368421053
0.3296754385964915 0.2850921052631583
0.2967807017543862 0.3399078947368417
0.2785087719298246 0.41118421052631576
0.559938596491228 0.6469342105263162
0.4795350877192983 0.625
0.40278070175438574 0.6414473684210527
0.3808508771929823 0.7401315789473685
0.3223684210526315 0.7785131578947372
0.31871052631578967 0.7017499999999997
0.36622807017543857 0.6085526315789473
0.36622807017543857 0.46601315789473724
0.36988596491228043 0.3618421052631579
0.4429824561403509 0.3125
0.5014649122807018 0.3234605263157891
0.5562894736842106 0.34539473684210525
0.5891842105263159 0.40022368421052673
0.6074561403508771 0.4495657894736846
0.6293859649122807 0.5318026315789478
0.578219298245614 0.2247763157894733
0.6293859649122807 0.23026315789473684
0.706140350877193 0.2247763157894733
0.7646228070175438 0.24122368421052592
0.793859649122807 0.30701315789473643
}
