version: 2
n_points: 55
{
0.6660370370370372 0.1683944954128442
0.5504074074074073 0.10355045871559612
0.416432098765432 0.04889908256880719
0.2719629629629629 0.06060550458715591
0.16427160493827175 0.13478899082568813
0.09334567901234576 0.2382385321100919
0.0670864197530864 0.34169724770642207
0.10385185185185193 0.44905504587155964
0.13012345679012335 0.5290825688073396
0.18003703703703702 0.6305871559633026
0.22469135802469123 0.6969541284403671
0.2745925925925925 0.7477064220183486
0.3245061728395061 0.8043119266055048
0.40330864197530875 0.8589724770642201
0.4952345679012346 0.8999633027522936
0.5819259259259258 0.9292385321100916
0.6843703703703703 0.9546146788990826
0.773679012345679 0.9526697247706423
0.8761234567901236 0.9253394495412847
0.9470370370370371 0.8823944954128439
0.6817407407407408 0.4705229357798163
0.6292098765432099 0.37292660550458717
0.5871728395061729 0.31046788990825697
0.5031234567901233 0.2070091743119268
0.3928024691358026 0.14064220183486223
0.2745925925925925 0.12698165137614686
0.18791358024691363 0.21090825688073372
0.172148148148148 0.31046788990825697
0.17740740740740746 0.396348623853211
0.1984197530864198 0.4861376146788989
0.22469135802469123 0.5525137614678898
0.24570370370370354 0.6013119266055047
0.2693456790123458 0.6442568807339448
0.3166172839506171 0.6891467889908258
0.3560246913580246 0.7223302752293577
0.726395061728395 0.45100917431192683
0.726395061728395 0.5076146788990824
0.7158888888888888 0.5661743119266057
0.7789259259259258 0.6110642201834862
0.8130740740740742 0.665724770642202
0.7158888888888888 0.6871926605504587
0.62658024691358 0.6364403669724772
0.5083703703703704 0.6579174311926608
0.424320987654321 0.6442568807339448
0.36127160493827165 0.6169266055045872
0.36127160493827165 0.5310366972477063
0.3822962962962964 0.4705229357798163
0.4479629629629629 0.4334403669724771
0.5162592592592593 0.40025688073394483
0.5950617283950616 0.36902752293577973
0.2954938271604939 0.4503577981651376
0.32292592592592606 0.3667706422018349
0.36133333333333334 0.29541284403669715
0.3942592592592593 0.25463302752293576
0.4354074074074074 0.21386238532110072
}
