version: 2
n_points: 55
{
0.8905909090909092 0.3501009174311922
0.9345795454545454 0.4892018348623851
0.9694034090909092 0.6430917431192659
0.9455738636363636 0.7437155963302757
0.9107499999999998 0.8620917431192657
0.8374375000000001 0.9005596330275224
0.7751193181818181 0.944954128440367
0.6724829545454547 0.9538348623853208
0.5735056818181818 0.9331192660550462
0.4672045454545455 0.8887247706422017
0.3755568181818183 0.8561743119266053
0.274755681818182 0.7821834862385324
0.21610227272727267 0.6786055045871556
0.1592840909090909 0.5424678899082571
0.10979545454545458 0.4181743119266057
0.07130681818181828 0.34122935779816477
0.04198295454545464 0.24652293577981632
0.027318181818181797 0.14294495412844055
0.07314204545454539 0.060073394495412824
0.1464545454545455 0.03935779816513729
0.5295170454545455 0.3441834862385318
0.6156647727272728 0.358981651376147
0.747625 0.39449541284403666
0.8319375 0.45368807339449535
0.8759261363636364 0.4951192660550455
0.9015852272727272 0.5986972477064223
0.8905909090909092 0.6756422018348622
0.8447670454545453 0.7377889908256879
0.7879488636363635 0.7969816513761466
0.6981420454545454 0.8058623853211014
0.622994318181818 0.7910642201834862
0.5313522727272726 0.8028990825688069
0.448875 0.79994495412844
0.35906249999999995 0.7555504587155966
0.2820852272727272 0.5779816513761468
0.5533465909090909 0.2346880733944956
0.5075227272727274 0.27020183486238536
0.4103863636363637 0.2790733944954127
0.36089772727272706 0.19029357798165103
0.3260738636363637 0.21988990825688037
0.3407329545454545 0.2879541284403665
0.37006249999999985 0.3678623853211007
0.35906249999999995 0.4832752293577983
0.40122159090909093 0.5750183486238534
0.4672045454545455 0.5631834862385316
0.5368522727272727 0.5602293577981656
0.6028295454545456 0.5454311926605504
0.6339886363636363 0.5217522935779815
0.6633181818181819 0.44480733944954165
0.7073068181818181 0.39745871559633006
0.6816420454545454 0.7762660550458721
0.7384602272727272 0.7733027522935776
0.8081136363636364 0.7496330275229361
0.8520965909090908 0.6963577981651379
0.8722613636363634 0.6638073394495414
}
