version: 2
n_points: 55
{
0.06397348484848489 0.47986577181208057
0.032409090909090846 0.5991812080536912
0.019780303030302954 0.7035771812080537
0.019780303030302954 0.7856107382550337
0.04924242424242424 0.8713624161073825
0.11026893939393935 0.9049194630872484
0.17550378787878798 0.9347516778523489
0.25757575757575757 0.9608523489932886
0.35858712121212133 0.9459328859060402
0.44696969696969696 0.8900067114093959
0.5353522727272726 0.8079798657718121
0.606901515151515 0.7483221476510067
0.6889734848484849 0.6737516778523491
0.7647310606060607 0.5954496644295302
0.8341742424242423 0.4649530201342281
0.9015151515151515 0.38292617449664434
0.9646477272727274 0.27479194630872494
0.9814810606060606 0.1517516778523489
0.9688560606060607 0.06599328859060416
0.928871212121212 0.03243624161073844
0.4006742424242425 0.2971677852348995
0.31650000000000017 0.3605503355704699
0.2323219696969698 0.45376510067114084
0.16498484848484843 0.539523489932886
0.12289393939393946 0.6364630872483221
0.08501515151515159 0.7259530201342281
0.09764393939393946 0.7967919463087249
0.1586704545454546 0.8154362416107382
0.22180303030303025 0.8452617449664429
0.29545454545454547 0.8601812080536912
0.38173484848484857 0.8378053691275168
0.4511780303030303 0.7632348993288591
0.5164128787878787 0.7073087248322149
0.5963787878787877 0.632738255033557
0.6384696969696971 0.5208791946308724
0.43013636363636376 0.30089261744966456
0.46801515151515166 0.31953691275167784
0.5648143939393939 0.30089261744966456
0.6026931818181818 0.23751006711409406
0.6658257575757577 0.16666442953020155
0.5900681818181819 0.2710671140939598
0.5900681818181819 0.3419060402684563
0.6045492424242425 0.41681208053691265
0.5800416666666666 0.4483892617449664
0.5354772727272726 0.4681342281879195
0.4842310606060606 0.49181879194630873
0.43743939393939407 0.49971812080536915
0.3906477272727272 0.4681342281879195
0.3549962121212123 0.4247046979865772
0.33271590909090903 0.38917449664429526
0.5577575757575759 0.6339463087248323
0.44857954545454526 0.6615771812080535
0.33939772727272727 0.6576308724832214
0.24804545454545446 0.6655234899328859
0.1722878787878787 0.6378926174496644
}
