version: 2
n_points: 55
{
0.12896825396825395 0.1504950495049505
0.2678571428571429 0.07524752475247524
0.4107142857142857 0.02178217821782178
0.5694444444444444 0.009900990099009901
0.7162698412698413 0.03564356435643564
0.8194444444444444 0.08514851485148515
0.8948412698412699 0.15445544554455445
0.9543650793650794 0.22772277227722773
0.9781746031746031 0.3227722772277228
0.9623015873015873 0.41188118811881186
0.9424603174603174 0.5148514851485149
0.9027777777777778 0.6257425742574257
0.8273809523809523 0.7386138613861386
0.7123015873015873 0.8158415841584158
0.6170634920634921 0.8811881188118812
0.498015873015873 0.9405940594059405
0.375 0.9821782178217822
0.23611111111111116 0.9900990099009901
0.11706349206349209 0.9643564356435643
0.017857142857142905 0.9247524752475248
0.20833333333333337 0.4752475247524752
0.1686507936507936 0.4099009900990099
0.18452380952380953 0.3207920792079208
0.24801587301587302 0.2316831683168317
0.3234126984126984 0.15841584158415842
0.4305555555555556 0.12475247524752475
0.5615079365079365 0.09504950495049505
0.6964285714285714 0.10891089108910891
0.7638888888888888 0.1603960396039604
0.8115079365079365 0.22376237623762377
0.8472222222222222 0.32673267326732675
0.8472222222222222 0.4079207920792079
0.8432539682539683 0.500990099009901
0.7996031746031746 0.592079207920792
0.6884920634920635 0.6693069306930693
0.125 0.5188118811881188
0.13690476190476186 0.5801980198019802
0.1527777777777778 0.6336633663366337
0.08531746031746035 0.689108910891089
0.06944444444444442 0.7445544554455445
0.22023809523809523 0.7227722772277227
0.36309523809523814 0.6138613861386139
0.4742063492063492 0.6
0.5773809523809523 0.5702970297029702
0.5972222222222222 0.5148514851485149
0.5456349206349207 0.45742574257425744
0.4742063492063492 0.401980198019802
0.40674603174603174 0.36633663366336633
0.29166666666666663 0.35445544554455444
0.20833333333333337 0.3465346534653465
0.8075396825396826 0.4079207920792079
0.7638888888888888 0.36237623762376237
0.7440476190476191 0.27920792079207923
0.7321428571428572 0.22376237623762377
0.7123015873015873 0.16435643564356436
}
