version: 2
n_points: 55
{
0.074072796934866 0.45236756756756746
0.030969348659003935 0.5503405405405405
0.021390804597701252 0.6516918918918918
0.033363984674329605 0.7665567567567567
0.0908352490421457 0.8645297297297296
0.1722528735632185 0.938854054054054
0.2728275862068967 0.9692594594594593
0.3829808429118775 0.9625027027027027
0.4787662835249043 0.9152054054054053
0.5553946360153258 0.840881081081081
0.6224444444444446 0.7665567567567567
0.7110459770114943 0.6820972972972972
0.7852796934865899 0.6010162162162161
0.849934865900383 0.48952972972972963
0.8978275862068964 0.4219621621621621
0.9529042145593869 0.34425945945945935
0.9816398467432949 0.23615135135135124
0.9840344827586206 0.14493513513513512
0.9481149425287355 0.07061081081081078
0.8930383141762451 0.023313513513513406
0.4212950191570882 0.3949351351351351
0.3039578544061304 0.4084486486486486
0.22254022988505756 0.4422324324324324
0.1483065134099618 0.5030432432432432
0.09562452107279704 0.6111513513513513
0.12914942528735643 0.7530432432432432
0.22493486590038325 0.867908108108108
0.32790421455938706 0.8881783783783783
0.4117164750957855 0.8712864864864864
0.473977011494253 0.813854054054054
0.5362375478927204 0.7564216216216215
0.5913141762452109 0.7023675675675676
0.6392068965517242 0.6449351351351351
0.6894942528735634 0.5841243243243243
0.7373869731800765 0.5097999999999999
0.42608429118773955 0.23277297297297295
0.495528735632184 0.23277297297297295
0.5673678160919541 0.22601621621621615
0.6176551724137932 0.1516918918918918
0.6823103448275863 0.13817837837837832
0.677521072796935 0.21250270270270266
0.6272337164750958 0.32736756756756746
0.6344176245210729 0.45912432432432426
0.6200498084291188 0.5503405405405405
0.5601839080459771 0.6280432432432432
0.495528735632184 0.6685837837837838
0.42608429118773955 0.6483135135135134
0.3781915708812262 0.5706108108108108
0.35424521072796944 0.5097999999999999
0.3111417624521074 0.45236756756756746
0.4859501915708813 0.7766918918918918
0.4069272030651342 0.813854054054054
0.3350881226053641 0.8070972972972972
0.2512758620689656 0.7902054054054053
0.16506896551724148 0.7327729729729728
}
