version: 2
n_points: 55
{
0.7909407665505226 0.29299363057324845
0.8989547038327526 0.4713375796178344
0.975609756097561 0.6878980891719746
0.9825783972125436 0.8280254777070064
0.9128919860627178 0.9235668789808917
0.8327526132404182 0.9554140127388535
0.7386759581881532 0.9681528662420382
0.6445993031358885 0.9490445859872612
0.5505226480836236 0.9044585987261147
0.45993031358885017 0.8726114649681529
0.3972125435540069 0.8407643312101911
0.3310104529616724 0.821656050955414
0.27177700348432055 0.7579617834394905
0.2090592334494773 0.6687898089171975
0.1533101045296167 0.5668789808917197
0.08710801393728218 0.49044585987261147
0.04529616724738672 0.39490445859872614
0.017421602787456414 0.2738853503184714
0.024390243902439046 0.1273885350318471
0.059233449477351874 0.031847133757961776
0.5644599303135889 0.39490445859872614
0.662020905923345 0.4267515923566879
0.7665505226480837 0.4840764331210191
0.8257839721254355 0.6050955414012739
0.8710801393728222 0.7070063694267517
0.8954703832752613 0.7770700636942676
0.8780487804878049 0.89171974522293
0.7909407665505226 0.910828025477707
0.7142857142857143 0.910828025477707
0.627177700348432 0.8471337579617835
0.5505226480836236 0.8535031847133758
0.4738675958188153 0.8662420382165605
0.40418118466898956 0.8535031847133758
0.3449477351916377 0.8089171974522293
0.29268292682926833 0.6369426751592357
0.5505226480836236 0.2993630573248408
0.47038327526132406 0.3312101910828026
0.4181184668989547 0.33757961783439494
0.3693379790940766 0.28025477707006374
0.28919860627177696 0.24840764331210186
0.3310104529616724 0.3184713375796179
0.37630662020905925 0.40764331210191085
0.372822299651568 0.5095541401273885
0.37630662020905925 0.6687898089171975
0.3972125435540069 0.7579617834394905
0.4947735191637631 0.7324840764331211
0.5400696864111498 0.6496815286624205
0.5853658536585367 0.5859872611464968
0.627177700348432 0.554140127388535
0.6550522648083623 0.4840764331210191
0.6550522648083623 0.821656050955414
0.7038327526132404 0.7898089171974523
0.7526132404181185 0.7707006369426752
0.8083623693379791 0.7643312101910829
0.8432055749128919 0.7643312101910829
}
