version: 2
n_points: 55
{
0.13942038216560507 0.014768987341772233
0.07377866242038221 0.1523512658227849
0.02600796178343953 0.3246424050632911
0.00831528662420379 0.5074841772151899
0.052547770700636945 0.6832943037974684
0.12154936305732489 0.7922943037974683
0.19585987261146498 0.8731677215189872
0.2914012738853503 0.918876582278481
0.3780955414012738 0.9294240506329113
0.45063694267515925 0.9540379746835443
0.5231783439490446 0.9821677215189873
0.5939490445859873 0.9716202531645569
0.6877213375796178 0.9259082278481012
0.7584920382165604 0.813392405063291
0.8080318471337579 0.6938417721518988
0.8416496815286625 0.6129683544303797
0.8805732484076433 0.5145158227848101
0.9071130573248408 0.41254746835443046
0.928343949044586 0.2613512658227848
0.9920382165605095 0.19102848101265824
0.45063694267515925 0.3422246835443039
0.3745573248407643 0.2859651898734178
0.2843248407643312 0.2929968354430379
0.21532165605095538 0.27541772151898747
0.16047452229299367 0.27190189873417736
0.11093471337579613 0.321126582278481
0.13393471337579615 0.535613924050633
0.15516560509554142 0.6692278481012659
0.218859872611465 0.7219715189873417
0.26663057324840767 0.785262658227848
0.30555573248407647 0.813392405063291
0.35332643312101913 0.8626170886075949
0.4364824840764331 0.8872310126582279
0.5337929936305732 0.8766835443037975
0.5904108280254777 0.7887784810126584
0.47186783439490443 0.1488354430379748
0.528485668789809 0.21212658227848114
0.6010254777070063 0.2367405063291137
0.671797770700637 0.24728797468354435
0.6841831210191083 0.3246424050632911
0.6611815286624203 0.41957911392405056
0.6010254777070063 0.4582594936708859
0.5797945859872611 0.535613924050633
0.5797945859872611 0.6481329113924048
0.5161003184713375 0.7395506329113923
0.452406050955414 0.704389240506329
0.4099426751592356 0.6200031645569621
0.3657117834394905 0.5320981012658228
0.34624840764331205 0.41957911392405056
0.3285557324840765 0.3070632911392406
0.30555573248407647 0.8063607594936709
0.2542468152866242 0.7465854430379746
0.21001433121019109 0.6868101265822784
0.17639808917197455 0.6270348101265824
0.15162738853503183 0.5602278481012659
}
