version: 2
n_points: 55
{
0.8043560975609755 0.9638972972972968
0.9036585365853659 0.8210432432432434
0.9559243902439024 0.6357135135135134
0.9872829268292681 0.44652432432432415
0.9506975609756096 0.2882216216216211
0.8601048780487806 0.16467027027026995
0.7712536585365855 0.0604270270270275
0.6911146341463414 0.03725945945945962
0.5952951219512196 0.02953513513513482
0.4942512195121952 0.056562162162161846
0.41236829268292685 0.10289729729729762
0.33048780487804874 0.15695135135135166
0.2573170731707317 0.22258918918918966
0.19285609756097544 0.3036702702702707
0.12839756097560984 0.43108108108108106
0.07787560975609775 0.5160216216216214
0.03780487804878052 0.5971027027027024
0.011673170731707483 0.7399621621621624
0.023868292682927006 0.8557891891891887
0.06393658536585356 0.9754810810810808
0.5064463414634147 0.7129351351351353
0.5831000000000001 0.8017351351351346
0.6998268292682925 0.8596540540540544
0.8217780487804878 0.7940162162162163
0.889721951219512 0.6704648648648652
0.8862365853658536 0.49671891891891906
0.8217780487804878 0.3345567567567569
0.7155048780487805 0.24961621621621669
0.6196853658536585 0.20714054054054007
0.5203829268292682 0.22258918918918966
0.4594073170731706 0.23030810810810795
0.3984317073170731 0.2611945945945941
0.33048780487804874 0.32297297297297295
0.28519268292682953 0.35772432432432477
0.2294414634146339 0.44652432432432415
0.5238682926829267 0.8673729729729727
0.46114878048780494 0.8249027027027025
0.3966902439024391 0.8326270270270273
0.3461682926829268 0.9330108108108106
0.276480487804878 0.9561783783783785
0.2939024390243903 0.8171837837837842
0.36881463414634164 0.7206540540540536
0.3757829268292684 0.5623567567567571
0.44198536585365866 0.44652432432432415
0.5047048780487804 0.4349405405405402
0.5796170731707317 0.48899459459459427
0.6144609756097561 0.5662162162162162
0.6405926829268294 0.6627405405405404
0.6440756097560976 0.7283783783783784
0.6545292682926829 0.8210432432432434
0.31480731707317056 0.4194972972972971
0.45069756097560965 0.2959459459459459
0.5935536585365853 0.2689189189189189
0.7364121951219511 0.377027027027027
0.8461682926829268 0.53532972972973
}
