version: 2
n_points: 55
{
0.7455771812080537 0.14689855072463798
0.8340469798657719 0.3313623188405793
0.904208053691275 0.4828695652173911
0.9621744966442951 0.687086956521739
0.9133624161073826 0.8254347826086954
0.7974362416107381 0.8583623188405793
0.7028657718120803 0.8715362318840583
0.602194630872483 0.8913043478260869
0.5076241610738257 0.9242463768115946
0.4222080536912751 0.9110724637681156
0.3184899328859059 0.8781304347826088
0.23002013422818812 0.7793188405797105
0.18120805369127513 0.6739130434782609
0.12019463087248317 0.5816811594202902
0.07138255033557062 0.4565217391304348
0.05003355704697976 0.37088405797101465
0.031724832214764964 0.3115942028985508
0.02867785234899345 0.23253623188405825
0.031724832214764964 0.14031884057971034
0.04392617449664438 0.06785507246376832
0.5655906040268458 0.2523043478260868
0.663208053691275 0.26547826086956494
0.754731543624161 0.37088405797101465
0.8218456375838925 0.542159420289855
0.8737046979865772 0.6607391304347827
0.8950604026845635 0.7727246376811592
0.7882885906040267 0.7793188405797105
0.6906644295302014 0.7990724637681164
0.6113489932885907 0.8122463768115944
0.5167785234899329 0.8386086956521736
0.4344093959731542 0.8451884057971012
0.36729530201342264 0.7924927536231886
0.32153691275167784 0.7266086956521742
0.26967785234899344 0.6343913043478264
0.2239194630872482 0.5289855072463768
0.5320335570469801 0.17984057971014478
0.48627516778523483 0.24572463768115915
0.4161073825503355 0.23253623188405825
0.3428926174496645 0.14031884057971034
0.2574765100671139 0.10079710144927512
0.2544228187919463 0.2918260869565221
0.33983892617449685 0.42357971014492724
0.3520469798657717 0.6080434782608694
0.42526174496644276 0.6212173913043475
0.48627516778523483 0.6212173913043475
0.5350805369127516 0.5816811594202902
0.5686375838926172 0.542159420289855
0.5960939597315436 0.4894637681159424
0.608295302013423 0.4104057971014491
0.6113489932885907 0.3313623188405793
0.5320335570469801 0.7332028985507247
0.5991476510067115 0.7002608695652172
0.6815100671140941 0.6607391304347827
0.7394765100671141 0.6343913043478264
0.8218456375838925 0.6277971014492751
}
