version: 2
n_points: 55
{
0.8105263157894737 0.11449367088607576
0.8775105263157893 0.22956962025316452
0.9349263157894738 0.33889873417721517
0.9708157894736841 0.47122784810126583
0.9708157894736841 0.6380886075949366
0.9492842105263156 0.7704303797468355
0.8894736842105263 0.8509746835443038
0.7961736842105265 0.908518987341772
0.6956947368421054 0.9257721518987341
0.5808631578947367 0.8912531645569619
0.492342105263158 0.8567341772151897
0.3775105263157893 0.8509746835443038
0.2866052631578947 0.8106962025316454
0.20286842105263136 0.7301518987341771
0.10717894736842126 0.6265822784810127
0.06172105263157879 0.5575316455696201
0.035405263157894606 0.47122784810126583
0.023447368421052883 0.3619113924050634
0.025042105263158088 0.2631392405063292
0.026636842105263292 0.17874683544303804
0.5107631578947369 0.12034177215189878
0.5871631578947367 0.14484810126582293
0.6550736842105263 0.1611772151898735
0.7331736842105263 0.1734303797468354
0.7790157894736841 0.2673417721518988
0.852021052631579 0.4960126582278481
0.8774842105263156 0.6920126582278483
0.8095736842105264 0.7573417721518989
0.739963157894737 0.7981772151898736
0.666957894736842 0.8104177215189873
0.6007473684210526 0.8022531645569618
0.5192526315789474 0.7981772151898736
0.4530368421052632 0.7900126582278482
0.39361578947368414 0.7246708860759493
0.33758947368421055 0.618506329113924
0.4802052631578946 0.06317721518987318
0.43945789473684216 0.12443037974683557
0.3970105263157896 0.14892405063291125
0.34947368421052616 0.14892405063291125
0.30023684210526325 0.19384810126582275
0.33079473684210525 0.25917721518987336
0.37663684210526305 0.29592405063291116
0.39531052631578933 0.39392405063291147
0.4292684210526315 0.5041772151898736
0.46831578947368435 0.4837594936708862
0.5124631578947368 0.4592658227848102
0.532836842105263 0.385759493670886
0.5684894736842103 0.3367594936708862
0.5990473684210527 0.26326582278481014
0.6177263157894737 0.1611772151898735
0.5769789473684209 0.7491772151898735
0.6448894736842106 0.7124303797468357
0.6941263157894737 0.667506329113924
0.7552473684210527 0.6225949367088608
0.8197631578947369 0.5490886075949366
}
