version: 2
n_points: 55
{
0.8441891891891892 0.7186330275229358
0.9230202702702704 0.5937614678899082
0.9812027027027028 0.4077293577981651
0.9624324324324324 0.22678899082568807
0.8723445945945948 0.08407798165137612
0.7916385135135137 0.040756880733944977
0.6940405405405407 0.025463302752293585
0.6152128378378376 0.0382064220183486
0.5251216216216217 0.08153211009174312
0.4275236486486488 0.17072477064220185
0.33931081081081094 0.24717889908256876
0.267989864864865 0.31343577981651377
0.2060506756756756 0.3898899082568808
0.14599324324324348 0.47144036697247704
0.10282432432432442 0.5580825688073395
0.0671621621621622 0.6396330275229357
0.029625000000000012 0.7339266055045872
0.01648648648648643 0.8435091743119265
0.0502702702702702 0.9377981651376147
0.115962837837838 0.9785733944954129
0.5416385135135137 0.6770963302752293
0.6092060810810812 0.6893302752293577
0.7038006756756758 0.6434587155963303
0.7871317567567567 0.5853532110091743
0.8546993243243243 0.5150183486238532
0.8952398648648648 0.4018669724770642
0.888483108108108 0.2611926605504587
0.8389358108108109 0.16944954128440365
0.7578547297297299 0.13275229357798163
0.6722668918918918 0.12357798165137614
0.6024493243243245 0.1449862385321101
0.5101047297297296 0.18168348623853212
0.4177635135135136 0.2520183486238532
0.33668243243243245 0.3376467889908257
0.24208783783783794 0.4599724770642202
0.4673141891891893 0.8085963302752294
0.41551013513513513 0.8024770642201835
0.35695270270270274 0.8697568807339451
0.28488175675675687 0.8881055045871561
0.29839527027027046 0.7933027522935779
0.3411858108108108 0.7046192660550459
0.3862331081081083 0.6556880733944954
0.365962837837838 0.5547706422018348
0.392989864864865 0.4630275229357798
0.44028716216216235 0.4079816513761468
0.5078547297297299 0.3988073394495413
0.5551520270270272 0.43856422018348623
0.6069527027027027 0.48443577981651376
0.638483108108108 0.5608899082568808
0.6767736486486489 0.6342844036697248
0.3997466216216218 0.30094954128440365
0.5168614864864864 0.23672935779816515
0.6429898648648651 0.2520183486238532
0.7578547297297299 0.29177522935779815
0.8434391891891893 0.3926926605504587
}
