version: 2
n_points: 55
{
0.2429786324786326 0.9549818181818182
0.09619230769230776 0.7929272727272726
0.027444444444444552 0.5992545454545455
0.02558974358974359 0.4134818181818183
0.044166666666666576 0.21980909090909062
0.09619230769230776 0.13680000000000003
0.15750854700854713 0.09332727272727293
0.2318290598290598 0.05380000000000007
0.31915811965811963 0.0656545454545453
0.4027692307692307 0.12099090909090937
0.47709401709401705 0.13680000000000003
0.5495555555555556 0.13285454545454523
0.6313119658119657 0.16842727272727265
0.7186367521367519 0.2079545454545455
0.7929615384615385 0.2751454545454548
0.8728547008547011 0.3700090909090912
0.9527521367521365 0.4846272727272729
0.978764957264957 0.6387818181818183
0.945320512820513 0.7494545454545455
0.8951538461538462 0.8126909090909092
0.439931623931624 0.8087363636363637
0.3563205128205129 0.804790909090909
0.25412820512820516 0.7771181818181818
0.17423076923076916 0.7296909090909093
0.10548290598290595 0.6585454545454545
0.07389743589743578 0.5004363636363637
0.055316239316239385 0.3621000000000001
0.07761111111111112 0.24747272727272707
0.1092008547008547 0.18028181818181832
0.1983846153846155 0.13680000000000003
0.2745641025641025 0.1447090909090909
0.3563205128205129 0.1960909090909091
0.439931623931624 0.2119000000000002
0.536551282051282 0.21585454545454574
0.648034188034188 0.30280909090909114
0.4547948717948719 0.8680272727272728
0.47709401709401705 0.8166454545454547
0.627594017094017 0.7020181818181817
0.6851923076923079 0.7771181818181818
0.7390769230769229 0.8245545454545457
0.6963418803418802 0.7573545454545457
0.6517478632478633 0.6941181818181819
0.6406025641025639 0.536009090909091
0.5723717948717949 0.4634454545454544
0.4851923076923078 0.4270818181818181
0.430491452991453 0.5398090909090911
0.39630341880341885 0.6088999999999999
0.37066239316239324 0.6925363636363634
0.3433119658119657 0.7288999999999998
0.3296367521367521 0.7834454545454543
0.42023504273504264 0.25253636363636356
0.33818376068376066 0.2743545454545453
0.2817735042735043 0.29617272727272737
0.20826923076923082 0.3216272727272729
0.1210897435897435 0.44162727272727276
}
