version: 2
n_points: 55
{
0.4261168384879725 0.072992700729927
0.27147766323024053 0.025547445255474453
0.140893470790378 0.01824817518248175
0.05154639175257732 0.0948905109489051
0.01718213058419244 0.18248175182481752
0.044673539518900345 0.3248175182481752
0.10309278350515463 0.40875912408759124
0.15807560137457044 0.49635036496350365
0.18556701030927836 0.5875912408759124
0.2268041237113402 0.6678832116788321
0.29553264604810997 0.7591240875912408
0.37800687285223367 0.8321167883211679
0.4639175257731959 0.8941605839416058
0.5429553264604811 0.927007299270073
0.6391752577319587 0.948905109489051
0.7216494845360825 0.9708029197080292
0.8213058419243986 0.9817518248175182
0.9209621993127147 0.9416058394160584
0.9621993127147767 0.8978102189781022
0.9828178694158075 0.8248175182481752
0.5360824742268041 0.36496350364963503
0.49828178694158076 0.2846715328467153
0.43986254295532645 0.21897810218978103
0.3711340206185567 0.17518248175182483
0.28865979381443296 0.16058394160583941
0.21993127147766323 0.14233576642335766
0.16838487972508592 0.1386861313868613
0.1134020618556701 0.20437956204379562
0.12027491408934708 0.2846715328467153
0.15463917525773196 0.3722627737226277
0.19931271477663232 0.4562043795620438
0.24054982817869416 0.5255474452554745
0.26804123711340205 0.6094890510948905
0.29896907216494845 0.6715328467153284
0.3642611683848797 0.7408759124087592
0.5979381443298969 0.3905109489051095
0.6288659793814433 0.45255474452554745
0.6838487972508591 0.5036496350364964
0.7216494845360825 0.5036496350364964
0.7766323024054983 0.583941605839416
0.7353951890034365 0.656934306569343
0.6529209621993127 0.6423357664233577
0.5876288659793815 0.6788321167883211
0.5120274914089347 0.6934306569343066
0.41237113402061853 0.6532846715328468
0.3917525773195876 0.5802919708029197
0.3848797250859107 0.5036496350364964
0.3917525773195876 0.42700729927007297
0.41924398625429554 0.3722627737226277
0.44673539518900346 0.3284671532846715
0.24054982817869416 0.41605839416058393
0.20618556701030927 0.35766423357664234
0.17869415807560138 0.29927007299270075
0.16151202749140894 0.22992700729927007
0.17869415807560138 0.17518248175182483
}
