version: 2
n_points: 55
{
0.8786176470588235 0.726646017699115
0.9312696078431372 0.5988230088495577
0.9675784313725492 0.4251061946902658
0.9712107843137255 0.3071150442477872
0.9439754901960785 0.19895575221238912
0.8695392156862747 0.11046017699115018
0.7769460784313726 0.06784955752212415
0.686171568627451 0.04818584070796504
0.5917598039215686 0.05146017699115093
0.4973529411764708 0.0809557522123896
0.38297549019607824 0.1333982300884952
0.28311764705882336 0.18911504424778766
0.18871078431372523 0.28416814159292025
0.14150980392156887 0.3398849557522127
0.08159313725490192 0.41200000000000037
0.04891666666666683 0.5365486725663716
0.027127450980392154 0.6184867256637169
0.021681372549019584 0.769256637168142
0.05254411764705902 0.8905309734513274
0.16148039215686283 0.9560796460176995
0.6026568627450981 0.7233716814159291
0.7279264705882353 0.6742035398230084
0.8132598039215685 0.5988230088495577
0.8586470588235293 0.4906637168141597
0.8931421568627452 0.36283185840707965
0.88225 0.2808938053097344
0.8223333333333331 0.2317256637168137
0.7587941176470587 0.19567256637168132
0.7006960784313726 0.17273451327433634
0.6189950980392156 0.16945132743362853
0.5318480392156861 0.17600884955752222
0.41928431372549013 0.23828318584070837
0.3230637254901959 0.31038938053097304
0.23228431372549008 0.40544247787610666
0.17781862745098032 0.5398230088495575
0.5736078431372547 0.7332035398230087
0.5064313725490197 0.7168141592920354
0.46104411764705877 0.7430353982300882
0.4392549019607841 0.8053097345132744
0.361186274509804 0.8970796460176992
0.33576960784313703 0.8938053097345132
0.3285098039215685 0.7758141592920357
0.350294117647059 0.7004247787610621
0.350294117647059 0.5889911504424782
0.31943137254901954 0.5103274336283189
0.3902352941176468 0.4316637168141595
0.49917156862745105 0.4283805309734517
0.5699754901960783 0.4775486725663714
0.6189950980392156 0.5660442477876103
0.6462303921568628 0.680761061946903
0.45733823529411777 0.2879734513274341
0.5632205882352943 0.29151327433628343
0.6730245098039217 0.26673451327433595
0.7161617647058822 0.2631946902654866
0.7906715686274511 0.2631946902654866
}
