version: 2
n_points: 55
{
0.1087857142857143 0.06252564102564118
0.06365306122448978 0.2153846153846155
0.03225510204081634 0.3583846153846155
0.03029591836734688 0.5063205128205128
0.06365306122448978 0.6641025641025642
0.14018367346938776 0.7923076923076925
0.22652551020408163 0.8662820512820512
0.31286734693877555 0.9205128205128207
0.37958673469387755 0.9057307692307691
0.45611734693877554 0.9057307692307691
0.5405 0.9155897435897435
0.607219387755102 0.925448717948718
0.6817857142857142 0.8662820512820512
0.7563520408163266 0.8071025641025642
0.8191479591836734 0.7232820512820513
0.8740918367346939 0.634525641025641
0.9192244897959184 0.5457692307692307
0.9584744897959183 0.45207692307692304
0.9761326530612245 0.3435897435897437
0.9741734693877551 0.25483333333333347
0.3423061224489795 0.19073076923076937
0.2638112244897959 0.1611538461538461
0.17942857142857147 0.14635897435897427
0.13429591836734694 0.25976923076923075
0.11271428571428564 0.45701282051282044
0.12644897959183668 0.5556282051282051
0.17550510204081632 0.7134230769230768
0.2226020408163265 0.7627307692307692
0.27951020408163263 0.7873846153846153
0.32660714285714276 0.8071025641025642
0.37566326530612243 0.8071025641025642
0.43257142857142855 0.8317564102564103
0.47770408163265304 0.8662820512820512
0.564045918367347 0.8613461538461539
0.6248775510204082 0.7627307692307692
0.43060714285714285 0.13156410256410256
0.4894795918367346 0.23017948717948733
0.5601224489795918 0.2745641025641026
0.6268418367346938 0.19566666666666666
0.6915969387755102 0.20060256410256394
0.6719744897959183 0.2992179487179487
0.607219387755102 0.37317948717948723
0.5895561224489796 0.5161794871794871
0.5797448979591836 0.6591794871794872
0.5091020408163265 0.7528589743589745
0.4423826530612245 0.7528589743589745
0.3992091836734694 0.6739743589743589
0.3540765306122449 0.5704230769230769
0.33248979591836736 0.4076923076923078
0.2912857142857142 0.24497435897435904
0.35015306122448975 0.7725897435897435
0.2932448979591837 0.718346153846154
0.24811224489795916 0.6887564102564104
0.20493877551020412 0.6049358974358975
0.1598061224489796 0.5260384615384617
}
