version: 2
n_points: 55
{
0.7708354430379749 0.18107058823529434
0.6749367088607594 0.09551176470588249
0.5291772151898735 0.038470588235294235
0.3450506329113926 0.02955882352941163
0.1954556962025313 0.056294117647058786
0.10339240506329123 0.11155294117647058
0.07654430379746868 0.1828529411764708
0.07270886075949402 0.2595058823529411
0.07270886075949402 0.3450647058823526
0.06887341772151866 0.4252823529411765
0.08805063291139262 0.5161882352941174
0.15710126582278483 0.6106647058823529
0.24915189873417712 0.690876470588235
0.3412151898734179 0.7425705882352939
0.43327848101265803 0.8013941176470586
0.5100000000000002 0.8780411764705885
0.6058860759493672 0.9297352941176468
0.7439746835443038 0.9689529411764705
0.83220253164557 0.9760823529411763
0.947278481012658 0.9760823529411763
0.6135569620253165 0.4163647058823532
0.6404177215189876 0.33971764705882324
0.6135569620253165 0.25237647058823526
0.5253417721518988 0.1792882352941179
0.43327848101265803 0.13829411764705876
0.3373797468354433 0.10798823529411768
0.25683544303797495 0.1026411764705883
0.18778481012658202 0.15968235294117622
0.15710126582278483 0.22385294117647028
0.14559493670886087 0.2915882352941179
0.14559493670886087 0.3521941176470591
0.14559493670886087 0.4163647058823532
0.15326582278481019 0.491235294117647
0.17627848101265808 0.5500588235294117
0.206962025316456 0.6106647058823529
0.6749367088607594 0.49301764705882345
0.6288987341772151 0.5411470588235294
0.6365822784810129 0.5803588235294115
0.690278481012658 0.6231411764705881
0.7286329113924052 0.6926588235294114
0.6595949367088608 0.6427470588235297
0.5828734177215193 0.6053176470588235
0.48697468354430384 0.5928352941176472
0.3987594936708862 0.5732294117647057
0.329708860759494 0.5429294117647059
0.2913544303797468 0.48945294117647054
0.31053164556962004 0.4395411764705881
0.3910886075949369 0.3878470588235292
0.47930379746835455 0.3700235294117647
0.5867088607594939 0.35041176470588264
0.253379746835443 0.44818823529411767
0.2945189873417721 0.3834823529411765
0.313506329113924 0.31877647058823533
0.32932911392405056 0.25112941176470593
0.35781012658227845 0.189364705882353
}
