version: 2
n_points: 55
{
0.23587500000000006 0.11966451612903227
0.40132291666666653 0.07032903225806458
0.5575729166666665 0.03617419354838727
0.7138229166666665 0.03807096774193555
0.85475 0.07601935483870978
0.92828125 0.15002580645161304
0.9466666666666667 0.25628387096774186
0.92828125 0.35685161290322587
0.8424999999999999 0.45742580645161296
0.7413958333333335 0.5504000000000001
0.6678645833333334 0.6206129032258064
0.6035312499999999 0.6984129032258066
0.5177395833333334 0.7629290322580646
0.45034375000000004 0.825548387096774
0.38616666666666666 0.8855677419354837
0.30666666666666664 0.919522580645161
0.21072916666666652 0.9585741935483868
0.12848958333333338 0.9738516129032259
0.06817708333333317 0.929709677419355
0.04351041666666655 0.8567032258064515
0.2189479166666667 0.3949032258064515
0.27651041666666654 0.2930387096774193
0.34778125000000004 0.19965806451612905
0.43276041666666654 0.15042580645161274
0.5040312499999999 0.13344516129032274
0.6575416666666667 0.12665161290322563
0.7452604166666665 0.13344516129032274
0.8329791666666666 0.16400645161290317
0.8713645833333333 0.28115483870967745
0.8220208333333333 0.359251612903226
0.7370416666666666 0.43565161290322585
0.6383541666666668 0.5290322580645161
0.5807916666666666 0.5850580645161292
0.5396666666666665 0.6410838709677419
0.46565625 0.7089999999999999
0.17508333333333326 0.37452903225806466
0.20797916666666671 0.42376774193548405
0.2025 0.5409161290322579
0.12575000000000003 0.5952451612903225
0.1120416666666667 0.6512709677419355
0.18879166666666658 0.6325935483870969
0.26555208333333324 0.6020387096774192
0.33682291666666675 0.591851612903226
0.3943854166666666 0.5477096774193547
0.46291666666666664 0.4763999999999999
0.47662499999999997 0.4271612903225805
0.43276041666666654 0.38301935483870964
0.38341666666666663 0.3524580645161289
0.3340833333333334 0.32529677419354835
0.2929583333333333 0.299825806451613
0.6356145833333333 0.4679096774193549
0.6767291666666668 0.3626451612903224
0.6959166666666665 0.2828516129032257
0.6712499999999999 0.2166387096774194
0.6630312500000002 0.15890967741935466
}
