version: 2
n_points: 55
{
0.2848320000000001 0.05602631578947348
0.1675039999999999 0.09549999999999981
0.0875039999999999 0.17006578947368434
0.04750399999999991 0.30164473684210547
0.05016799999999989 0.4946315789473682
0.0848320000000001 0.6437500000000002
0.1435039999999999 0.749013157894737
0.2235039999999999 0.8235789473684209
0.29016799999999987 0.871815789473684
0.3915039999999999 0.9112894736842103
0.4981680000000001 0.9288421052631577
0.5941680000000001 0.9288421052631577
0.6661680000000001 0.9200657894736843
0.7408319999999999 0.9025263157894735
0.8048319999999999 0.867434210526316
0.8635039999999999 0.8454999999999997
0.9195039999999999 0.7841052631578945
0.9408319999999999 0.7226973684210527
0.9621680000000001 0.6612894736842103
0.9541680000000001 0.5779605263157896
0.4848319999999999 0.5604210526315787
0.47950399999999993 0.44199999999999984
0.4341680000000001 0.3454999999999998
0.3595039999999999 0.26217105263157914
0.2795039999999999 0.20953947368421066
0.2128320000000001 0.21392105263157868
0.1675039999999999 0.2753289473684212
0.1595039999999999 0.4069078947368423
0.1541679999999999 0.5516447368421054
0.2021679999999999 0.6437500000000002
0.2795039999999999 0.7270789473684208
0.3621679999999999 0.7753289473684212
0.4395039999999999 0.8060263157894735
0.5221680000000001 0.8016447368421054
0.5835039999999999 0.8016447368421054
0.5781680000000001 0.4112894736842103
0.6341680000000001 0.42006578947368434
0.6608319999999999 0.4726973684210528
0.7381680000000002 0.4726973684210528
0.7461680000000002 0.5297105263157893
0.6738560000000002 0.5267105263157892
0.6254879999999998 0.5450657894736843
0.590136 0.6001447368421051
0.5566480000000001 0.6644078947368421
0.5026959999999999 0.6766447368421054
0.44502399999999986 0.6491052631578946
0.40967200000000004 0.6001447368421051
0.3668800000000001 0.5328289473684211
0.34828 0.4502105263157896
0.3892080000000001 0.32474999999999976
0.3371120000000001 0.7439605263157893
0.28688000000000013 0.6582894736842102
0.2608320000000001 0.542
0.23851199999999995 0.4196052631578946
0.24036799999999994 0.2972105263157898
}
