version: 2
n_points: 55
{
0.7931034482758621 0.7732558139534884
0.8862068965517241 0.6724806201550387
0.9534482758620689 0.5096899224806202
0.9913793103448276 0.37790697674418605
0.9896551724137931 0.2810077519379845
0.9586206896551724 0.1686046511627907
0.9120689655172414 0.07945736434108527
0.8293103448275863 0.02131782945736434
0.753448275862069 0.025193798449612403
0.6913793103448276 0.07945736434108527
0.6068965517241379 0.16085271317829458
0.5103448275862069 0.18023255813953487
0.3982758620689655 0.18410852713178294
0.2896551724137931 0.20736434108527133
0.19482758620689655 0.24224806201550386
0.10862068965517246 0.3236434108527132
0.04482758620689653 0.4631782945736434
0.008620689655172376 0.6182170542635659
0.01551724137931032 0.8197674418604651
0.07241379310344831 0.9825581395348837
0.5775862068965517 0.7034883720930233
0.6948275862068966 0.6143410852713178
0.8051724137931034 0.5135658914728682
0.8982758620689655 0.3856589147286822
0.9293103448275862 0.25775193798449614
0.8982758620689655 0.1686046511627907
0.8137931034482758 0.11434108527131782
0.7379310344827585 0.11434108527131782
0.6741379310344828 0.20348837209302326
0.6137931034482759 0.2771317829457364
0.5637931034482759 0.2810077519379845
0.4948275862068966 0.2655038759689923
0.42586206896551726 0.2693798449612403
0.3793103448275862 0.3236434108527132
0.3448275862068966 0.38953488372093026
0.5189655172413793 0.8585271317829457
0.4568965517241379 0.7616279069767442
0.3793103448275862 0.6996124031007752
0.3224137931034483 0.7344961240310077
0.2741379310344828 0.75
0.33965517241379306 0.6996124031007752
0.36896551724137927 0.6453488372093024
0.37758620689655176 0.4903100775193798
0.4413793103448276 0.42054263565891475
0.4948275862068966 0.43992248062015504
0.5534482758620689 0.49806201550387597
0.5913793103448276 0.560077519379845
0.6120689655172413 0.5949612403100775
0.6189655172413793 0.6143410852713178
0.6224137931034484 0.6569767441860465
0.6482758620689655 0.31976744186046513
0.6810344827586207 0.34689922480620156
0.7482758620689656 0.2926356589147287
0.7948275862068965 0.29651162790697677
0.8362068965517242 0.3236434108527132
}
