version: 2
n_points: 55
{
0.21054088050314465 0.20019718309859158
0.1266855345911948 0.3222676056338024
0.06798742138364781 0.416169014084507
0.03234591194968536 0.5570140845070423
0.05540880503144655 0.7072394366197183
0.11830188679245285 0.8293098591549292
0.18328930817610045 0.8950422535211268
0.2608553459119497 0.9185070422535211
0.35310062893081745 0.8997323943661968
0.428572327044025 0.8574788732394363
0.5208176100628931 0.8574788732394363
0.6088679245283019 0.8293098591549292
0.6822389937106919 0.7870563380281687
0.749327044025157 0.6978591549295775
0.8227044025157233 0.5992676056338029
0.8939811320754719 0.5006760563380281
0.9442955974842769 0.4020845070422535
0.9631635220125788 0.2753239436619719
0.9694528301886794 0.16264788732394364
0.9484905660377355 0.06874647887323904
0.48937106918238993 0.20490140845070426
0.40550943396226413 0.21898591549295776
0.3258490566037736 0.2612394366197184
0.25456603773584907 0.3081830985915489
0.18328930817610045 0.41146478873239434
0.14974842767295599 0.6227323943661971
0.1749056603773585 0.7635774647887323
0.23989308176100613 0.7917464788732395
0.29859119496855346 0.7964507042253521
0.3593899371069181 0.7917464788732395
0.40761006289308177 0.8246197183098591
0.4642138364779874 0.8387042253521126
0.5271069182389937 0.8246197183098591
0.5774213836477987 0.7776619718309858
0.6214465408805031 0.7072394366197183
0.5779874213836477 0.16712676056338005
0.6294465408805031 0.21407042253521147
0.6828113207547171 0.18846478873239392
0.7018679245283017 0.14578873239436618
0.7437987421383648 0.1415211267605634
0.7152138364779874 0.2567464788732392
0.6580377358490566 0.2909014084507042
0.6199182389937108 0.39759154929577445
0.6161069182389938 0.5299014084507041
0.5703647798742137 0.6536760563380282
0.501754716981132 0.7134366197183097
0.4445786163522012 0.6920985915492959
0.39693710691823897 0.5896619718309857
0.37025157232704403 0.4701549295774644
0.35691194968553475 0.3037042253521125
0.34738364779874203 0.764647887323944
0.3054528301886793 0.7219718309859153
0.26161635220125773 0.6792816901408449
0.2235031446540879 0.657943661971831
0.18919496855345908 0.6451408450704226
}
