version: 2
n_points: 55
{
0.15013043478260882 0.07752577319587606
0.07794565217391296 0.26082474226804075
0.03236413043478252 0.4537113402061854
0.034114130434782536 0.6199896907216496
0.08495652173913046 0.7762886597938139
0.16910869565217385 0.8827113402061855
0.2550108695652175 0.942567010309278
0.347929347826087 0.942567010309278
0.4303260869565218 0.9259381443298966
0.5057119565217391 0.8893608247422677
0.5810978260869567 0.8627525773195878
0.6635 0.8062164948453605
0.7494021739130434 0.739711340206185
0.8142717391304349 0.6100103092783511
0.884396739130435 0.4969381443298967
0.9194565217391302 0.4237835051546389
0.9545217391304345 0.3273402061855665
0.970298913043478 0.24087628865979394
0.9755597826086959 0.15773195876288615
0.9597826086956524 0.04467010309278319
0.4268206521739132 0.2441958762886599
0.347929347826087 0.20761855670103102
0.2655326086956522 0.21094845360824732
0.19189673913043492 0.27413402061855674
0.1428097826086956 0.3605979381443294
0.1287880434782609 0.4703402061855675
0.13229347826086948 0.6499175257731962
0.1831358695652174 0.7363814432989688
0.2778043478260869 0.8095463917525768
0.3549402173913045 0.8161958762886603
0.43208152173913034 0.8195257731958766
0.4899347826086958 0.7962474226804123
0.5583097826086956 0.7663195876288657
0.6144076086956521 0.7064536082474222
0.6670054347826087 0.6432680412371139
0.4636358695652175 0.10119587628866011
0.5127282608695651 0.11450515463917499
0.5881141304347828 0.15773195876288615
0.6196684782608696 0.09454639175257784
0.6950543478260869 0.0745979381443298
0.6810271739130436 0.21094845360824732
0.6179184782608695 0.3506185567010308
0.6003858695652174 0.4969381443298967
0.5670760869565217 0.5900618556701029
0.5179836956521741 0.6598969072164947
0.45311956521739144 0.666546391752577
0.38824999999999993 0.6366185567010305
0.36195652173913057 0.5634536082474224
0.36195652173913057 0.44706185567010315
0.347929347826087 0.24087628865979394
0.45311956521739144 0.7862680412371137
0.36020108695652164 0.7729690721649479
0.30585326086956516 0.7264123711340205
0.24975543478260862 0.6865051546391754
0.17261413043478274 0.663226804123711
}
