version: 2
n_points: 55
{
0.7751479289940828 0.6944444444444444
0.8609467455621302 0.5611111111111111
0.9349112426035503 0.45555555555555555
0.985207100591716 0.3
0.9319526627218935 0.1388888888888889
0.849112426035503 0.027777777777777776
0.7366863905325444 0.044444444444444446
0.6420118343195267 0.08333333333333333
0.5591715976331362 0.13333333333333333
0.485207100591716 0.18333333333333332
0.3905325443786982 0.22777777777777777
0.31065088757396453 0.26666666666666666
0.257396449704142 0.3111111111111111
0.18934911242603547 0.37777777777777777
0.11538461538461542 0.4722222222222222
0.062130177514792884 0.5722222222222222
0.03254437869822491 0.6722222222222223
0.014792899408283988 0.8055555555555556
0.038461538461538436 0.9166666666666666
0.07396449704142016 0.9722222222222222
0.5710059171597632 0.7055555555555556
0.6568047337278107 0.6333333333333333
0.7248520710059172 0.5444444444444444
0.8047337278106509 0.4722222222222222
0.9023668639053255 0.3611111111111111
0.9378698224852071 0.2777777777777778
0.8994082840236687 0.14722222222222223
0.849112426035503 0.09166666666666666
0.7928994082840237 0.09166666666666666
0.7189349112426036 0.11944444444444445
0.6568047337278107 0.14166666666666666
0.6183431952662721 0.15833333333333333
0.5502958579881656 0.15833333333333333
0.5 0.175
0.4349112426035503 0.20277777777777778
0.5207100591715976 0.725
0.46153846153846156 0.6916666666666667
0.3994082840236687 0.7305555555555555
0.3905325443786982 0.7694444444444445
0.31065088757396453 0.8083333333333333
0.32840236686390534 0.7027777777777777
0.34911242603550297 0.5805555555555556
0.3905325443786982 0.5083333333333333
0.3846153846153846 0.38055555555555554
0.39349112426035504 0.3194444444444444
0.4822485207100592 0.2638888888888889
0.5384615384615384 0.25833333333333336
0.6331360946745562 0.24722222222222223
0.742603550295858 0.25277777777777777
0.8195266272189349 0.2861111111111111
0.6863905325443787 0.1638888888888889
0.7396449704142012 0.14722222222222223
0.757396449704142 0.1361111111111111
0.7899408284023669 0.1361111111111111
0.8254437869822485 0.13055555555555556
}
