version: 2
n_points: 55
{
0.8351083032490976 0.1765119047619047
0.9093140794223826 0.29886309523809496
0.9674765342960289 0.45759523809523794
0.9815162454873646 0.6229404761904762
0.9454151624548737 0.7651369047619048
0.8712093862815886 0.8775714285714287
0.7809566787003612 0.9437083333333334
0.6987256317689532 0.970160714285714
0.5964404332129967 0.9106369047619045
0.5061877256317692 0.8577261904761903
0.4099169675090254 0.808125
0.3176570397111913 0.732065476190476
0.23141877256317667 0.6460892857142857
0.1612202166064982 0.5402678571428571
0.12311552346570376 0.4642083333333331
0.05893501805054169 0.3848452380952381
0.020826714801444046 0.2856369047619045
0.01681588447653437 0.16989880952380954
0.03286281588447637 0.09714880952380966
0.0529169675090253 0.024392857142856883
0.5924296028880864 0.24926190476190457
0.7027364620938629 0.262488095238095
0.8010108303249097 0.34516071428571404
0.8772238267148014 0.46090476190476204
0.8932707581227438 0.6031011904761907
0.869202166064982 0.7452916666666664
0.794996389891697 0.8643392857142854
0.7207870036101083 0.8544226190476191
0.6525956678700362 0.8478095238095239
0.5864115523465705 0.8312738095238095
0.532259927797834 0.8048154761904759
0.4720902527075812 0.7618273809523808
0.4099169675090254 0.7155297619047616
0.3577725631768951 0.6460892857142857
0.32167148014440416 0.5568035714285715
0.5182202166064983 0.10706547619047602
0.4560469314079424 0.10045238095238085
0.3898592057761733 0.12029166666666635
0.32167148014440416 0.07730357142857125
0.28757400722021664 0.10376190476190483
0.2955956678700361 0.20957738095238065
0.3417256317689531 0.3153988095238093
0.3878555956678702 0.381535714285714
0.39387364620938614 0.48405357142857164
0.42395667870036113 0.576642857142857
0.48011191335740067 0.6427797619047617
0.5523140794223826 0.6394761904761905
0.610480144404332 0.5700297619047618
0.646581227436823 0.4443690476190476
0.6766642599277979 0.3120952380952382
0.5122021660649819 0.7419880952380953
0.6024548736462094 0.7519107142857144
0.6706462093862816 0.7486011904761904
0.722794223826715 0.7552142857142856
0.7709277978339351 0.8048154761904759
}
