version: 2
n_points: 55
{
0.2543084577114427 0.9618211382113819
0.1591343283582089 0.8239674796747969
0.07909950248756219 0.6719674796747966
0.02501990049751242 0.5023008130081302
0.027184079601990045 0.3467642276422763
0.08991044776119404 0.18769918699186983
0.174273631840796 0.08165040650406508
0.2629601990049752 0.04277235772357746
0.3451592039800995 0.05337398373983737
0.4641293532338309 0.06751219512195106
0.5463283582089553 0.0887235772357724
0.6458308457711444 0.11700000000000021
0.725865671641791 0.15942276422764212
0.7821044776119401 0.2195121951219512
0.8405074626865672 0.2972764227642276
0.8967462686567164 0.36090243902439045
0.952990049751244 0.4563414634146341
0.9755671641791047 0.5539837398373982
0.9704228855721391 0.6408943089430893
0.9515472636815919 0.7137804878048781
0.40257213930348246 0.7165853658536584
0.31336318407960195 0.7221951219512194
0.24988557213930335 0.6969593495934959
0.18469154228855716 0.6240731707317075
0.13494029850746264 0.5175365853658536
0.10577611940298519 0.3773658536585365
0.11264179104477622 0.24279674796747952
0.15896019900497524 0.15308943089430882
0.24302487562189062 0.0942113821138213
0.3236567164179105 0.10262601626016254
0.3939900497512438 0.11103252032520317
0.4626169154228855 0.12785365853658537
0.5363830845771144 0.14467479674796757
0.5947114427860696 0.16710569105691042
0.6633333333333332 0.20915447154471545
0.4403134328358208 0.8399349593495936
0.49178109452736324 0.7614390243902438
0.5912835820895523 0.7165853658536584
0.6564726368159205 0.7277967479674797
0.7045074626865672 0.7109756097560974
0.6770597014925374 0.5792113821138211
0.6050049751243781 0.5231463414634144
0.5878507462686567 0.41381300813008126
0.5672636815920397 0.3240975609756096
0.5243731343283582 0.3184878048780486
0.48834825870646775 0.3605447154471544
0.46776119402985067 0.41100813008130066
0.43001990049751254 0.4838943089430895
0.39742288557213934 0.5623902439024389
0.37683582089552253 0.6997642276422766
0.606721393034826 0.22597560975609765
0.5432437810945274 0.18112195121951236
0.45060696517412935 0.17551219512195138
0.3511044776119403 0.2596178861788617
0.2567462686567164 0.3437235772357725
}
