version: 2
n_points: 55
{
0.8777464788732393 0.6180714285714286
0.9104436619718311 0.4862619047619048
0.9607394366197184 0.3162023809523807
0.9582253521126759 0.23966666666666672
0.928049295774648 0.18439285714285686
0.8752323943661973 0.10786904761904736
0.8148661971830987 0.06959523809523814
0.7243239436619717 0.06534523809523815
0.6413239436619718 0.07810714285714294
0.558330985915493 0.1036071428571429
0.47533098591549305 0.1333690476190473
0.3898169014084506 0.13763095238095213
0.2942464788732395 0.1886428571428572
0.23136619718309848 0.2481666666666667
0.14585211267605647 0.3629642857142854
0.0854929577464788 0.4820119047619045
0.05279577464788743 0.6138214285714283
0.030161971830986012 0.7413690476190473
0.03519014084507055 0.8731666666666668
0.10058450704225363 0.9497023809523807
0.585992957746479 0.6393214285714283
0.6790492957746479 0.6095595238095235
0.7570211267605635 0.5372857142857144
0.8073239436619717 0.47776190476190483
0.8400211267605635 0.35446428571428545
0.845049295774648 0.26517857142857115
0.8198943661971831 0.17589285714285688
0.7695985915492959 0.1546309523809521
0.6740211267605635 0.18014285714285722
0.5784507042253519 0.19715476190476164
0.49293661971830993 0.2269166666666664
0.382274647887324 0.23541666666666639
0.31436619718309855 0.2821785714285711
0.2539999999999999 0.34170238095238065
0.21124647887323955 0.43098809523809495
0.588507042253521 0.715857142857143
0.5256338028169013 0.6775952380952381
0.4451478873239437 0.7201071428571426
0.37723943661971815 0.7881309523809521
0.31436619718309855 0.8306547619047616
0.2841830985915492 0.7711309523809521
0.3118521126760564 0.6818452380952378
0.31436619718309855 0.5797976190476187
0.319394366197183 0.4820119047619045
0.37723943661971815 0.3757261904761902
0.4577253521126762 0.36721428571428577
0.5231197183098593 0.405488095238095
0.5658732394366196 0.4650119047619045
0.6136619718309858 0.5160238095238096
0.6337816901408452 0.6180714285714286
0.5306619718309857 0.2481666666666667
0.6086267605633804 0.27792857142857147
0.6815704225352114 0.2949404761904759
0.7369014084507042 0.3034404761904759
0.8048098591549298 0.34596428571428545
}
