version: 2
n_points: 55
{
0.8798518518518517 0.6930759493670884
0.9252518518518518 0.5664936708860757
0.9515407407407407 0.47665822784810136
0.9610962962962962 0.3786582278481011
0.9276444444444445 0.247987341772152
0.8655185185185187 0.15407594936708857
0.7938296296296294 0.08874683544303792
0.7484296296296298 0.06832911392405058
0.6719703703703704 0.1132405063291139
0.5692222222222224 0.15407594936708857
0.4784222222222222 0.2112405063291138
0.39957037037037046 0.2561645569620252
0.29682222222222243 0.34191139240506324
0.2275851851851851 0.4161772151898732
0.14980740740740728 0.4763037974683543
0.09795555555555546 0.5332658227848099
0.05165925925925918 0.6250379746835442
0.03314074074074069 0.7263037974683543
0.03128888888888881 0.8307341772151897
0.034992592592592464 0.944658227848101
0.5961037037037036 0.7199746835443036
0.6683259259259258 0.694658227848101
0.7683259259259259 0.6313670886075947
0.829437037037037 0.5332658227848099
0.8442518518518518 0.46681012658227833
0.8312888888888887 0.37187341772151883
0.8127703703703703 0.2516202531645568
0.7442518518518517 0.21048101265822766
0.6849925925925926 0.20098734177215172
0.629437037037037 0.213645569620253
0.5720296296296296 0.24529113924050616
0.5220296296296296 0.2674430379746834
0.48128888888888877 0.2959240506329112
0.43128888888888883 0.3497215189873416
0.3794370370370369 0.4225063291139239
0.5701777777777777 0.8275696202531644
0.5257333333333333 0.7674430379746834
0.4627703703703703 0.7136455696202529
0.3961037037037036 0.7389620253164555
0.3423999999999999 0.8054177215189872
0.3609185185185184 0.6725063291139238
0.4257333333333333 0.6187088607594935
0.4349925925925925 0.5269367088607593
0.4775851851851851 0.45731645569620233
0.5294370370370369 0.4288354430379745
0.5942518518518518 0.43199999999999983
0.6368444444444443 0.47313924050632894
0.6627703703703702 0.5395949367088606
0.6701777777777778 0.6092151898734175
0.6738814814814814 0.6725063291139238
0.5979555555555555 0.2611139240506327
0.6572148148148147 0.2674430379746834
0.7146222222222222 0.2864303797468353
0.7646222222222221 0.30541772151898716
0.7923999999999999 0.3465569620253163
}
