version: 2
n_points: 55
{
0.23306358381502887 0.9281558441558441
0.14100578034682085 0.9377792207792208
0.07035838150289016 0.9089220779220779
0.03395953757225433 0.8175194805194806
0.02968208092485544 0.6443636363636366
0.0660751445086706 0.5193116883116883
0.1303005780346821 0.38462337662337687
0.1945260115606936 0.27400000000000024
0.29086705202312135 0.20664935064935075
0.3850635838150288 0.1393116883116884
0.46641618497109827 0.11045454545454536
0.5456300578034683 0.08159740259740245
0.6291213872832371 0.07677922077922084
0.6976300578034682 0.07677922077922084
0.7597167630057803 0.10083116883116894
0.8196589595375722 0.0912207792207792
0.8860289017341041 0.11045454545454536
0.9224219653179191 0.15374025974025962
0.9652427745664741 0.2451298701298701
0.975942196531792 0.33171428571428574
0.2608959537572254 0.7934805194805197
0.1945260115606936 0.7598051948051947
0.13672254335260112 0.6972727272727273
0.11317341040462432 0.5914545454545455
0.15384971098265904 0.4760129870129869
0.22235838150289028 0.375
0.2823005780346822 0.30766233766233764
0.3358265895953758 0.25475324675324695
0.4000520231213873 0.2451298701298701
0.46641618497109827 0.19222077922077907
0.5156589595375722 0.15855844155844157
0.5606184971098267 0.1633636363636365
0.6119942196531792 0.18261038961038967
0.6462485549132947 0.22589610389610393
0.6783641618497112 0.23070129870129885
0.5006705202312138 0.7020909090909092
0.5413468208092487 0.6203116883116885
0.5905895953757226 0.5529740259740261
0.6291213872832371 0.5577792207792209
0.6826473988439307 0.5625974025974025
0.6291213872832371 0.5241168831168831
0.6055722543352602 0.49044155844155857
0.5948670520231213 0.38944155844155837
0.5584739884393063 0.27400000000000024
0.5199364161849712 0.2884285714285715
0.4599942196531792 0.3172857142857144
0.4128959537572253 0.375
0.3829248554913294 0.48083116883116883
0.3636531791907513 0.5625974025974025
0.3679364161849712 0.6732207792207792
0.44501156069364173 0.24994805194805203
0.36579768786127176 0.3269090909090908
0.3079942196531793 0.40387012987013005
0.2459075144508669 0.49525974025974007
0.18596531791907514 0.5962597402597404
}
