version: 2
n_points: 55
{
0.27992473118279554 0.21288636363636404
0.17884946236559152 0.3265227272727277
0.1057311827956989 0.4310681818181815
0.056268817204301116 0.5947045454545448
0.08637634408602136 0.7537954545454539
0.18315053763440847 0.858340909090909
0.26056989247311835 0.8674318181818176
0.3508924731182797 0.858340909090909
0.42401075268817195 0.8492500000000004
0.499279569892473 0.8174318181818179
0.5788494623655914 0.7992499999999993
0.6390645161290321 0.7856136363636366
0.7164838709677417 0.7356136363636367
0.7723978494623659 0.6628863636363631
0.8304623655913979 0.6128863636363633
0.8756236559139784 0.5401590909090908
0.927236559139785 0.4219772727272729
0.9530430107526879 0.29015909090909087
0.948741935483871 0.17197727272727292
0.9250860215053766 0.09470454545454488
0.44309677419354837 0.3075454545454541
0.36970967741935495 0.33640909090909143
0.26559139784946223 0.40854545454545454
0.19732258064516128 0.5059545454545455
0.1563548387096774 0.5997500000000002
0.18366666666666653 0.7151818181818186
0.2382795698924731 0.7981590909090915
0.2963118279569891 0.8162045454545457
0.3526344086021504 0.7801136363636361
0.41408602150537627 0.7729090909090905
0.48405376344086015 0.7801136363636361
0.5506236559139784 0.7440454545454545
0.6001182795698925 0.6935454545454549
0.6530322580645165 0.6322045454545456
0.6991075268817204 0.5997500000000002
0.48747311827956996 0.16324999999999978
0.5301397849462365 0.2678636363636364
0.6240107526881719 0.28588636363636377
0.6956989247311827 0.22095454545454496
0.7349569892473118 0.2281818181818186
0.6308387096774194 0.3291818181818177
0.5847634408602151 0.41215909090909075
0.5779354838709676 0.5095681818181816
0.5711075268817204 0.6141818181818182
0.5079569892473119 0.6574772727272722
0.4465053763440861 0.6105681818181821
0.397010752688172 0.5384090909090908
0.3748279569892474 0.46988636363636394
0.37311827956989235 0.41577272727272685
0.3799462365591399 0.3544318181818188
0.3645806451612904 0.7548636363636363
0.3167956989247311 0.7368409090909089
0.26899999999999996 0.7260000000000004
0.22804301075268815 0.7115909090909092
0.200731182795699 0.6971590909090912
}
