version: 2
n_points: 55
{
0.2276994219653179 0.9403972602739726
0.12804046242774572 0.7892328767123288
0.06426011560693652 0.6144657534246575
0.03236416184971092 0.4113424657534246
0.07820809248554897 0.246013698630137
0.1539537572254336 0.13736986301369858
0.25560693641618515 0.08068493150684919
0.34928901734104056 0.07595890410958883
0.4190520231213872 0.07123287671232859
0.49280346820809245 0.08068493150684919
0.5645549132947977 0.10430136986301375
0.6263468208092485 0.15153424657534265
0.7000982658959539 0.18460273972602737
0.7658728323699421 0.25073972602739736
0.8376300578034683 0.30742465753424675
0.8994161849710985 0.3735479452054795
0.9472543352601156 0.468027397260274
0.9731676300578032 0.586123287671233
0.9731676300578032 0.7042054794520549
0.957219653179191 0.8034109589041096
0.43845086705202296 0.8623698630136987
0.36330635838150277 0.8121506849315069
0.2785317919075143 0.7801780821917809
0.20531213872832374 0.6979863013698631
0.1455838150289016 0.561
0.10319075144508656 0.3874931506849315
0.12824277456647387 0.25963013698630144
0.19567630057803453 0.20941095890410966
0.2708208092485548 0.17743835616438364
0.3344046242774565 0.1957123287671234
0.41340462427745667 0.18201369863013706
0.49818497109826576 0.18201369863013706
0.5791098265895952 0.23680821917808226
0.6484739884393063 0.34182191780821924
0.7236184971098265 0.4422876712328768
0.4712080924855492 0.8715068493150686
0.5347919075144509 0.7162602739726028
0.6137919075144508 0.7208219178082192
0.6735202312138728 0.7847534246575343
0.7313236994219654 0.803013698630137
0.7139826589595376 0.7527808219178083
0.6446184971098267 0.6934246575342466
0.6118612716763004 0.5107808219178083
0.573329479768786 0.39661643835616445
0.530936416184971 0.39661643835616445
0.4480867052023122 0.47424657534246584
0.415329479768786 0.5655753424657535
0.4018439306358382 0.6386301369863014
0.38642774566473975 0.7208219178082192
0.37294219653179195 0.7756164383561645
0.4635028901734103 0.21853424657534248
0.3710173410404623 0.255068493150685
0.2881618497109825 0.29160273972602746
0.19760693641618485 0.3509589041095891
0.13594797687861274 0.41945205479452063
}
