version: 2
n_points: 55
{
0.7801396648044692 0.2287258064516131
0.8772960893854749 0.361967741935484
0.9550223463687152 0.537282258064516
0.9671675977653631 0.7125967741935486
0.8918715083798882 0.8879112903225806
0.7752793296089384 0.9545322580645161
0.6854078212290502 0.947524193548387
0.5591061452513966 0.9159677419354839
0.47651955307262583 0.8879112903225806
0.39636312849162014 0.8283064516129031
0.3210670391061453 0.7511693548387095
0.25548603351955324 0.6915645161290325
0.1826145251396647 0.5933870967741934
0.14132402234636887 0.48468548387096777
0.09517318435754196 0.41456451612903233
0.053882681564245694 0.3374274193548388
0.027162011173184508 0.27430645161290335
0.024737430167597774 0.20769354838709697
0.0344525139664803 0.09899193548387075
0.09031843575418974 0.03938709677419372
0.5518156424581004 0.29534677419354827
0.6368324022346368 0.31638709677419374
0.7364189944134079 0.400540322580645
0.819 0.5022177419354836
0.8432905027932962 0.6249435483870968
0.8384357541899441 0.7792177419354838
0.7509944134078212 0.8633709677419354
0.6708379888268156 0.8703870967741936
0.566391061452514 0.8388225806451614
0.4959497206703909 0.8037661290322579
0.418223463687151 0.7476612903225806
0.3356424581005586 0.6985725806451613
0.2919217877094973 0.5933870967741934
0.2579162011173183 0.477677419354839
0.18504469273743007 0.39001612903225824
0.5323854748603354 0.24625806451612908
0.4595195530726258 0.2532741935483871
0.4012234636871509 0.2532741935483871
0.35021229050279323 0.17262903225806459
0.2894916201117319 0.1480806451612905
0.3089217877094973 0.2287258064516131
0.3842178770949719 0.31638709677419374
0.3793631284916201 0.41456451612903233
0.3793631284916201 0.5057258064516128
0.40850837988826816 0.5478064516129032
0.4910949720670391 0.5688387096774193
0.578536312849162 0.5407903225806451
0.6173966480446929 0.48468548387096777
0.6465474860335196 0.46014516129032257
0.6684078212290502 0.38651612903225807
0.3672178770949722 0.6740322580645159
0.46923463687150835 0.7301290322580645
0.5809664804469273 0.7301290322580645
0.6854078212290502 0.7020806451612902
0.7752793296089384 0.6810403225806453
}
