version: 2
n_points: 55
{
0.24516176470588244 0.17884466019417466
0.1426066176470588 0.2350582524271846
0.07294852941176465 0.3168155339805826
0.020705882352941195 0.536533980582524
0.026511029411764753 0.7307087378640778
0.07101470588235284 0.8431262135922332
0.13680514705882357 0.9095533980582524
0.20065808823529416 0.9299902912621358
0.27031617647058825 0.9453203883495145
0.36126102941176463 0.9095533980582524
0.4502720588235294 0.8737864077669903
0.539279411764706 0.8737864077669903
0.5992647058823529 0.8380194174757282
0.6747279411764704 0.8124660194174758
0.752128676470588 0.7664757281553398
0.8392022058823531 0.715378640776699
0.9127316176470589 0.5978543689320389
0.9553014705882352 0.41900970873786425
0.9785220588235295 0.22483495145631083
0.9843272058823528 0.04599029126213616
0.4638161764705883 0.19417475728155342
0.3709374999999999 0.1992815533980583
0.2587058823529412 0.2912621359223301
0.18324264705882348 0.3730194174757281
0.13486764705882362 0.4905436893203885
0.131 0.7204951456310681
0.16969852941176478 0.8022524271844661
0.23548897058823529 0.8073592233009708
0.3186911764705883 0.7766990291262136
0.38641544117647064 0.8175825242718447
0.4328566176470589 0.8635631067961165
0.5199301470588235 0.8584563106796116
0.585720588235294 0.8380194174757282
0.6360294117647058 0.7511456310679612
0.6611838235294117 0.6591747572815535
0.5141249999999999 0.14307766990291282
0.5489558823529411 0.19417475728155342
0.5953933823529411 0.21972815533980583
0.6515110294117648 0.17373786407766978
0.6979485294117647 0.1686213592233009
0.6418345588235292 0.24527184466019392
0.5934595588235296 0.35258252427184444
0.5953933823529411 0.5058737864077671
0.5818492647058823 0.6540582524271844
0.5276691176470588 0.7256019417475728
0.4754264705882352 0.7051650485436893
0.42511764705882354 0.6489514563106795
0.3883529411764706 0.5723009708737865
0.3709374999999999 0.4496699029126211
0.36126102941176463 0.27082524271844644
0.33997794117647057 0.7562621359223302
0.2974080882352941 0.7307087378640778
0.2567720588235294 0.7000485436893202
0.2064632352941177 0.6693883495145632
0.15808823529411764 0.6438446601941745
}
