version: 2
n_points: 55
{
0.06493650793650807 0.1886013986013988
0.18999999999999995 0.12714685314685326
0.29580952380952374 0.07204895104895102
0.4834126984126986 0.03814685314685304
0.6902380952380954 0.07416783216783213
0.8104920634920636 0.12926573426573437
0.8970634920634919 0.2034335664335665
0.9066825396825399 0.30090909090909074
0.8585873015873017 0.3877972027972027
0.8008730158730161 0.4746783216783218
0.7912380952380954 0.5446083916083917
0.7912380952380954 0.620895104895105
0.7768095238095237 0.6908251748251749
0.7527619047619049 0.7692307692307693
0.6902380952380954 0.8391608391608392
0.6565714285714286 0.906972027972028
0.5603650793650794 0.9514755244755243
0.39201587301587304 0.9705454545454546
0.2813809523809524 0.9514755244755243
0.18519047619047624 0.9387552447552449
0.14188888888888873 0.428055944055944
0.14669841269841255 0.35812587412587404
0.1707619047619049 0.2839580419580419
0.21885714285714308 0.22250349650349638
0.3294920634920636 0.15893006993006975
0.4834126984126986 0.12714685314685326
0.6902380952380954 0.14621678321678316
0.7912380952380954 0.2097902097902098
0.8104920634920636 0.2881958041958041
0.7912380952380954 0.36024475524475513
0.7383333333333331 0.42381818181818176
0.7046666666666668 0.4937482517482517
0.7094761904761906 0.5552027972027972
0.7046666666666668 0.6378461538461537
0.5940317460317461 0.7162517482517481
0.14188888888888873 0.4725594405594407
0.19961904761904747 0.5106993006993005
0.2236666666666668 0.572153846153846
0.1274603174603175 0.6272517482517482
0.18038095238095242 0.6653986013986013
0.30542857142857127 0.644202797202797
0.3823968253968255 0.642083916083916
0.4834126984126986 0.6463216783216782
0.5507460317460318 0.6187762237762239
0.5796031746031745 0.5552027972027972
0.5747936507936506 0.500104895104895
0.5315079365079367 0.4577272727272726
0.44492063492063494 0.42169930069930067
0.3246825396825399 0.4047482517482519
0.19961904761904747 0.38355244755244766
0.7046666666666668 0.4450069930069932
0.6758095238095236 0.3899160839160838
0.6276984126984124 0.32846153846153864
0.5796031746031745 0.2564125874125872
0.47860317460317436 0.19072027972027988
}
