version: 2
n_points: 55
{
0.10770868347338936 0.36480116959064324
0.05368907563025203 0.2624619883040935
0.0156722689075631 0.1580350877192982
0.019675070028011207 0.09746491228070187
0.057689075630252176 0.05778362573099416
0.10570868347338935 0.03271929824561404
0.1897422969187675 0.0160116959064327
0.28177871148459394 0.02854385964912276
0.37181512605042033 0.049429824561403435
0.46585434173669454 0.08493567251461986
0.5718963585434175 0.14550292397660813
0.6899439775910363 0.2541081871345028
0.7859803921568628 0.3522690058479532
0.8720168067226889 0.4754941520467837
0.9540476190476191 0.6154269005847953
0.9800588235294116 0.7135906432748538
0.9880616246498601 0.8138391812865496
0.9800588235294116 0.886938596491228
0.9520476190476189 0.9349766081871344
0.9300392156862746 0.9871900584795322
0.41983473389355735 0.5506812865497077
0.30578991596638666 0.47967251461988303
0.20374789915966388 0.3982163742690059
0.13371988795518208 0.30423391812865497
0.0957058823529411 0.21233625730994166
0.10770868347338936 0.1371491228070174
0.14572549019607844 0.08493567251461986
0.21175070028011211 0.061959064327485325
0.3177927170868347 0.07031578947368422
0.39982633053221306 0.09955555555555562
0.4958655462184874 0.14550292397660813
0.5999075630252102 0.22277777777777774
0.6979467787114847 0.3125877192982456
0.7439635854341737 0.40030701754385956
0.7599719887955181 0.49011403508771934
0.44584593837535025 0.6091608187134504
0.5238767507002802 0.6404912280701754
0.5778991596638654 0.6885263157894737
0.5999075630252102 0.7261198830409358
0.6519271708683475 0.7762456140350877
0.6519271708683475 0.692704678362573
0.6159131652661064 0.6070730994152047
0.6299187675070027 0.5506812865497077
0.6299187675070027 0.44207602339181284
0.5838991596638655 0.37106725146198816
0.519873949579832 0.34600292397660826
0.44584593837535025 0.36271345029239765
0.3938235294117648 0.39195321637426894
0.33780112044817934 0.3982163742690059
0.29378431372549013 0.4462543859649124
0.47585714285714276 0.1705643274853802
0.3938235294117648 0.1601228070175439
0.3097899159663866 0.1684766081871346
0.22175630252100834 0.1413245614035088
0.14772549019607842 0.17683040935672512
}
