version: 2
n_points: 55
{
0.8136666666666665 0.2940823529411767
0.8993137254901963 0.521258823529412
0.9443856209150325 0.6470235294117649
0.9646732026143793 0.7565529411764704
0.9376274509803921 0.8660941176470588
0.8722679738562091 0.9269411764705882
0.804653594771242 0.9391176470588234
0.7032352941176472 0.9309999999999999
0.601816993464052 0.8823176470588237
0.48686928104575156 0.7930705882352942
0.3831960784313727 0.7443882352941176
0.3178366013071897 0.6875882352941176
0.2502222222222221 0.6226823529411765
0.18937254901960776 0.5455999999999996
0.13302614379084932 0.4969294117647056
0.07443137254901988 0.43607058823529377
0.04513071895424814 0.314364705882353
0.031607843137254954 0.20483529411764712
0.03837254901960774 0.09530588235294113
0.054143790849673135 0.050670588235294356
0.599562091503268 0.2859647058823531
0.6694248366013074 0.3873882352941176
0.7528169934640522 0.5293764705882354
0.795640522875817 0.6470235294117649
0.8339542483660133 0.7890117647058824
0.8384575163398692 0.8579764705882352
0.7798627450980393 0.8741999999999999
0.7077385620915032 0.8376941176470589
0.6243529411764707 0.7971294117647059
0.5432156862745099 0.7443882352941176
0.45982352941176474 0.7200470588235295
0.3831960784313727 0.6997647058823528
0.33586928104575153 0.6632470588235295
0.32009150326797375 0.5658941176470589
0.2682549019607844 0.5172117647058826
0.48912418300653604 0.26974117647058815
0.41475163398692805 0.32248235294117644
0.3178366013071897 0.26974117647058815
0.2524771241830066 0.2656823529411768
0.272764705882353 0.2859647058823531
0.38770588235294123 0.3103058823529409
0.40122875816993453 0.3873882352941176
0.37192810457516323 0.48881176470588206
0.3809411764705882 0.5821176470588237
0.4305294117647057 0.6145764705882351
0.4913790849673202 0.618623529411765
0.5274379084967319 0.5861764705882352
0.5680065359477122 0.5334352941176469
0.6063202614379084 0.4604117647058823
0.6356209150326797 0.41578823529411746
0.5860392156862744 0.7322235294117647
0.6446339869281047 0.7200470588235295
0.7054901960784313 0.7362705882352941
0.7460588235294117 0.7525058823529411
0.7911307189542485 0.768729411764706
}
