version: 2
n_points: 55
{
0.8637402597402597 0.9457821782178218
0.9297056277056277 0.7289009900990102
0.9750562770562771 0.5214554455445541
0.970935064935065 0.3564356435643564
0.9152770562770562 0.17256435643564358
0.8328181818181818 0.07826732673267328
0.744177489177489 0.049980198019802
0.6307965367965368 0.0641188118811881
0.5236017316017316 0.10184158415841585
0.44114718614718607 0.13955445544554454
0.3648744588744589 0.1772772277227723
0.2968441558441559 0.22913861386138587
0.22469696969696962 0.2951485148514852
0.18140692640692624 0.34700990099009904
0.12162337662337674 0.3894356435643567
0.07627272727272738 0.47430693069306906
0.03504329004329021 0.5968910891089109
0.02061471861471864 0.7336138613861389
0.04122943722943728 0.8467722772277227
0.09070129870129873 0.9127722772277227
0.4947445887445887 0.8467722772277227
0.604 0.8326237623762379
0.7091341991341991 0.8279108910891092
0.7977748917748918 0.7194752475247522
0.8534329004329004 0.582742574257426
0.8884761904761904 0.42715841584158387
0.8740476190476191 0.29986138613861385
0.8451861471861472 0.22913861386138587
0.7750995670995671 0.16784158415841582
0.7235627705627705 0.148990099009901
0.6431645021645023 0.1772772277227723
0.5483419913419912 0.20085148514851486
0.4638225108225107 0.22442574257425715
0.3793030303030305 0.2527128712871287
0.3277662337662337 0.3375742574257428
0.4947445887445887 0.9504950495049505
0.4555757575757575 0.8892079207920792
0.303030303030303 0.879772277227723
0.25767965367965373 0.9504950495049505
0.21026406926406938 0.9222079207920789
0.2659264069264068 0.8184851485148512
0.34219913419913417 0.7854752475247527
0.35868831168831183 0.625178217821782
0.38961038961038963 0.5261683168316829
0.43908658008657997 0.5261683168316829
0.4968051948051948 0.5686039603960393
0.5421558441558442 0.611029702970297
0.5751385281385283 0.672326732673267
0.5936926406926406 0.7289009900990102
0.601939393939394 0.809049504950495
0.45145454545454544 0.29986138613861385
0.5586493506493506 0.2715742574257423
0.6617186147186148 0.3281485148514849
0.7400519480519481 0.413009900990099
0.8183896103896104 0.5355940594059408
}
