version: 2
n_points: 55
{
0.7059176470588233 0.18633333333333343
0.47874117647058806 0.10068627450980375
0.3529764705882351 0.055614379084967414
0.24344705882352954 0.03532679738562074
0.13390588235294124 0.062372549019607884
0.07305882352941186 0.1277320261437909
0.0608823529411766 0.195346405228758
0.0690000000000001 0.29676470588235276
0.11768235294117631 0.3981830065359479
0.20692941176470586 0.5131307189542484
0.25561176470588237 0.6168039215686273
0.31241176470588244 0.6821633986928103
0.37731764705882354 0.7497777777777779
0.4544000000000003 0.8106274509803922
0.5030705882352944 0.8669738562091507
0.5639294117647062 0.9255686274509801
0.685635294117647 0.9548692810457519
0.7951647058823529 0.968392156862745
0.9046941176470589 0.9616274509803923
0.9493294117647056 0.9458562091503269
0.7140352941176469 0.400437908496732
0.6126117647058824 0.33057516339869264
0.47062352941176455 0.24718300653594782
0.3529764705882351 0.20435947712418298
0.21098823529411762 0.16604575163398674
0.14202352941176474 0.16154248366013077
0.12580000000000013 0.22013725490196068
0.16230588235294108 0.2922614379084968
0.2028705882352941 0.37564705882352933
0.25561176470588237 0.45678431372549005
0.2799529411764705 0.5401764705882353
0.30023529411764716 0.6168039215686273
0.33675294117647053 0.6641307189542485
0.4341058823529412 0.6799084967320262
0.4827882352941174 0.7317450980392156
0.7302588235294118 0.510875816993464
0.6775176470588236 0.585248366013072
0.7302588235294118 0.6821633986928103
0.7343176470588232 0.7475228758169934
0.7140352941176469 0.727235294117647
0.6896941176470591 0.6122941176470588
0.6126117647058824 0.5987712418300655
0.5111882352941179 0.6280718954248368
0.41788235294117626 0.6190588235294118
0.385423529411765 0.5694705882352943
0.381376470588235 0.5086209150326798
0.4138235294117648 0.4725620915032681
0.4665647058823531 0.4319934640522878
0.5395882352941177 0.39367973856209154
0.5842117647058825 0.36437908496732024
0.2677764705882352 0.41396078431372557
0.2799529411764705 0.3553660130718953
0.2637294117647059 0.29450980392156867
0.2474941176470589 0.2539411764705883
0.23127058823529398 0.2088692810457516
}
