version: 2
n_points: 55
{
0.5397234042553192 0.24426126126126127
0.4156099290780142 0.1504189189189188
0.3092269503546099 0.06220720720720722
0.17920567375886526 0.022792792792792803
0.09055319148936171 0.05845045045045045
0.05213475177304964 0.095990990990991
0.04031914893617023 0.18795495495495496
0.043269503546099285 0.2555225225225225
0.0669148936170213 0.33247747747747747
0.11124113475177307 0.41693693693693695
0.17920567375886526 0.49576576576576575
0.2205744680851064 0.5839774774774773
0.26490070921985814 0.6477927927927926
0.34468794326241137 0.7378828828828826
0.4333404255319149 0.8242162162162162
0.5279078014184397 0.9049234234234236
0.6638368794326241 0.9649819819819819
0.7879503546099291 0.9799999999999998
0.8943333333333333 0.9612297297297299
0.9711702127659575 0.9349549549549547
0.6165602836879432 0.40754954954954953
0.5426808510638298 0.32684684684684684
0.47175886524822697 0.26115315315315313
0.39787943262411346 0.19358558558558558
0.3180921985815603 0.14478828828828816
0.20875886524822695 0.1354054054054054
0.12305673758865247 0.15980180180180178
0.11124113475177307 0.22924774774774762
0.1407872340425532 0.2986936936936937
0.18511347517730495 0.3700135135135134
0.1880709219858156 0.461981981981982
0.2205744680851064 0.5577027027027027
0.30036170212765956 0.644036036036036
0.36833333333333335 0.6740675675675677
0.4392553191489362 0.6965900900900902
0.7052127659574469 0.43945945945945947
0.6874822695035461 0.5201621621621622
0.6933900709219856 0.572716216216216
0.7465815602836877 0.6177612612612612
0.7554468085106381 0.6740675675675677
0.6963475177304965 0.6477927927927926
0.610645390070922 0.5971171171171171
0.49539716312056736 0.6121306306306306
0.39787943262411346 0.6064999999999999
0.3240070921985816 0.5633333333333334
0.30331914893617024 0.49388738738738724
0.3121843971631206 0.43195045045045033
0.359468085106383 0.39253603603603593
0.4392553191489362 0.37376576576576576
0.5367730496453901 0.3456126126126126
0.19693617021276597 0.3418603603603602
0.19989361702127662 0.3005675675675676
0.20284397163120566 0.24426126126126127
0.19693617021276597 0.1992162162162162
0.2058014184397163 0.16168018018018004
}
