version: 2
n_points: 55
{
0.7965933333333332 0.15014285714285724
0.8735133333333333 0.2661428571428571
0.9478733333333332 0.45539682539682536
0.9632599999999998 0.6873809523809524
0.8914599999999999 0.8827460317460317
0.8042866666666665 0.9132698412698412
0.7119733333333333 0.894952380952381
0.6068466666666665 0.8522222222222222
0.5273599999999998 0.8522222222222222
0.42735999999999985 0.8461111111111113
0.36838666666666653 0.8339047619047619
0.3119733333333333 0.7728571428571428
0.2529999999999999 0.7423333333333333
0.2042866666666665 0.6812857142857144
0.1504399999999998 0.6263333333333334
0.0965933333333332 0.5652857142857143
0.05043999999999982 0.46150793650793653
0.02735999999999994 0.3333015873015871
0.029926666666666546 0.17457142857142838
0.08120666666666654 0.07077777777777783
0.5632599999999999 0.10130158730158734
0.64018 0.1623650793650796
0.7247933333333333 0.2844603174603173
0.7965933333333332 0.4309841269841268
0.8555666666666666 0.5897142857142857
0.8940266666666665 0.7423333333333333
0.8324866666666666 0.7972857142857143
0.76582 0.8155873015873016
0.7042866666666665 0.7972857142857143
0.6478733333333333 0.7667460317460318
0.5863333333333333 0.778968253968254
0.5401799999999999 0.7850634920634921
0.47607999999999984 0.7728571428571428
0.4094133333333332 0.7301269841269842
0.3555666666666665 0.6812857142857144
0.5094133333333332 0.09520634920634907
0.4350533333333332 0.14404761904761887
0.35043999999999986 0.205095238095238
0.29145999999999994 0.07077777777777783
0.24274666666666656 0.09520634920634907
0.2812066666666666 0.21119047619047626
0.34274666666666653 0.2722539682539681
0.37351333333333325 0.4187619047619049
0.3863333333333333 0.546968253968254
0.45043999999999984 0.6385555555555555
0.5299266666666664 0.6812857142857144
0.5888999999999999 0.662968253968254
0.6222333333333332 0.540873015873016
0.6350533333333332 0.4004603174603176
0.6453066666666667 0.2417301587301589
0.6478733333333333 0.7362222222222223
0.6965933333333332 0.7056984126984127
0.7401799999999998 0.6934920634920634
0.7888999999999998 0.6690793650793652
0.8299266666666665 0.6934920634920634
}
