version: 2
n_points: 55
{
0.15151515151515152 0.6283185840707964
0.08484848484848485 0.5309734513274337
0.030303030303030304 0.3982300884955752
0.030303030303030304 0.24778761061946897
0.07272727272727272 0.1327433628318584
0.1393939393939394 0.06194690265486724
0.22424242424242424 0.04424778761061943
0.3151515151515151 0.06194690265486724
0.3939393939393939 0.09734513274336287
0.4909090909090909 0.1327433628318584
0.5818181818181818 0.18584070796460184
0.6787878787878788 0.24778761061946897
0.7575757575757576 0.32743362831858414
0.8181818181818182 0.415929203539823
0.8727272727272727 0.49557522123893805
0.9212121212121213 0.5752212389380531
0.9575757575757575 0.6991150442477876
0.9696969696969697 0.831858407079646
0.9151515151515152 0.911504424778761
0.8424242424242424 0.9557522123893806
0.3696969696969697 0.5929203539823009
0.2727272727272727 0.5575221238938053
0.18181818181818182 0.49557522123893805
0.12121212121212122 0.415929203539823
0.10303030303030303 0.3008849557522124
0.15757575757575756 0.24778761061946897
0.23030303030303031 0.20353982300884954
0.30303030303030304 0.20353982300884954
0.3575757575757576 0.19469026548672563
0.42424242424242425 0.20353982300884954
0.4909090909090909 0.22123893805309736
0.5575757575757576 0.23008849557522126
0.6121212121212121 0.24778761061946897
0.6484848484848484 0.33628318584070804
0.6606060606060606 0.4247787610619469
0.3878787878787879 0.6902654867256637
0.4484848484848485 0.6991150442477876
0.5151515151515151 0.672566371681416
0.6 0.7522123893805309
0.6545454545454545 0.7522123893805309
0.6484848484848484 0.6991150442477876
0.6060606060606061 0.584070796460177
0.6363636363636364 0.48672566371681414
0.6121212121212121 0.38053097345132736
0.5757575757575758 0.3097345132743363
0.4909090909090909 0.3008849557522124
0.3939393939393939 0.2920353982300885
0.36363636363636365 0.37168141592920356
0.3333333333333333 0.4601769911504425
0.2727272727272727 0.5309734513274337
0.5757575757575758 0.2654867256637168
0.5212121212121212 0.2566371681415929
0.45454545454545453 0.24778761061946897
0.41818181818181815 0.23008849557522126
0.3939393939393939 0.20353982300884954
}
