version: 2
n_points: 55
{
0.17024000000000006 0.2706722689075631
0.28524000000000005 0.18663865546218494
0.44523999999999997 0.10260504201680679
0.63524 0.05008403361344545
0.78024 0.07529411764705889
0.8309199999999999 0.13010084033613445
0.8263800000000003 0.2064957983193278
0.8536599999999999 0.2676134453781513
0.8582000000000005 0.3401848739495801
0.8672799999999995 0.40703361344537825
0.8854600000000005 0.47196638655462175
0.8854600000000005 0.5464537815126053
0.8404600000000004 0.6253529411764703
0.7737999999999999 0.6981764705882355
0.6982399999999995 0.7728739495798318
0.6360199999999998 0.8214285714285714
0.5293600000000003 0.9054621848739496
0.41379999999999995 0.9409411764705881
0.24491999999999958 0.961487394957983
0.08936000000000033 0.9446806722689073
0.2537999999999999 0.4236722689075628
0.3338 0.33963865546218464
0.4271400000000005 0.2556050420168067
0.5515800000000002 0.19024369747899167
0.6760199999999997 0.1323529411764706
0.7604600000000005 0.13421848739495806
0.7604600000000005 0.19771428571428565
0.7960199999999997 0.2705462184873949
0.8093600000000003 0.3321680672268909
0.8182399999999995 0.3881932773109243
0.8004600000000005 0.4423445378151261
0.7960199999999997 0.5151764705882351
0.7693600000000004 0.5954705882352941
0.6938 0.6571008403361344
0.5826999999999998 0.7056470588235293
0.2138 0.45915126050420174
0.3204600000000005 0.4983697478991595
0.3293600000000003 0.5936050420168069
0.20936000000000032 0.6496302521008402
0.2226999999999998 0.7187226890756304
0.27158000000000015 0.6963109243697478
0.2893600000000004 0.6664369747899158
0.4626999999999998 0.6402941176470588
0.6182399999999996 0.6085462184873948
0.6760199999999997 0.5357142857142857
0.6582399999999995 0.4815630252100839
0.5693600000000003 0.4479495798319326
0.44491999999999965 0.4218067226890756
0.3782399999999996 0.4068655462184872
0.2982399999999995 0.4031260504201679
0.7737999999999999 0.4628823529411767
0.7293600000000003 0.39378991596638646
0.7026999999999999 0.3209663865546218
0.6893600000000004 0.25186554621848745
0.6493600000000004 0.19957983193277312
}
