version: 2
n_points: 55
{
0.8898199052132701 0.7953111111111109
0.9413317535545023 0.6648777777777778
0.9743033175355449 0.5247777777777777
0.9495734597156399 0.32671111111111106
0.8733317535545024 0.1962777777777777
0.7682417061611374 0.08998888888888877
0.6796398104265402 0.05617777777777791
0.6157582938388626 0.05617777777777791
0.5436398104265404 0.07549999999999986
0.461218009478673 0.08998888888888877
0.37261137440758285 0.11897777777777777
0.2963696682464455 0.1576222222222223
0.23455450236966813 0.18177777777777793
0.16449289099526077 0.23008888888888887
0.08825118483412309 0.32671111111111106
0.03673933649289074 0.4861333333333334
0.02025118483412336 0.6020666666666667
0.02231279620853066 0.7325000000000002
0.05322274881516598 0.8629444444444446
0.0964928909952607 0.9547222222222224
0.6308436018957346 0.7719222222222224
0.7047772511848343 0.7541444444444443
0.7730236966824645 0.7363666666666666
0.8317914691943127 0.6919222222222222
0.8867677725118484 0.6074777777777778
0.9095165876777251 0.5363666666666667
0.9000379146919432 0.39858888888888877
0.8412701421800947 0.24747777777777774
0.7673364928909954 0.14970000000000014
0.6952985781990523 0.1096999999999999
0.5986161137440758 0.1096999999999999
0.5019336492890996 0.12303333333333341
0.409042654028436 0.15858888888888883
0.3237345971563981 0.21636666666666682
0.2535924170616113 0.3008111111111112
0.5625971563981044 0.7985888888888888
0.48866350710900475 0.6963666666666667
0.4298957345971566 0.7141444444444444
0.409042654028436 0.8163666666666668
0.31804739336492893 0.8030333333333336
0.3028815165876778 0.5852555555555555
0.35596208530805684 0.5141444444444444
0.3597535545023698 0.40747777777777777
0.409042654028436 0.3008111111111112
0.47728909952606646 0.25192222222222227
0.537952606635071 0.26525555555555547
0.6024075829383886 0.3141444444444444
0.6384265402843603 0.4252555555555555
0.6422180094786729 0.5408111111111111
0.6687582938388625 0.678588888888889
0.5322654028436018 0.16303333333333336
0.6251563981042655 0.2074777777777778
0.7142559241706162 0.278588888888889
0.7919810426540285 0.3941444444444446
0.8564360189573461 0.5408111111111111
}
