version: 2
n_points: 55
{
0.9036697247706422 0.35798734177215197
0.9380733944954128 0.51226582278481
0.9466788990825687 0.6625822784810126
0.9294770642201834 0.8128987341772151
0.8692660550458715 0.8880506329113925
0.7631926605504586 0.9355189873417722
0.677183486238532 0.9236582278481011
0.585440366972477 0.9078354430379746
0.49655963302752293 0.892012658227848
0.4048165137614679 0.8445443037974683
0.30160550458715596 0.7812531645569619
0.2242018348623852 0.6744430379746836
0.15252293577981646 0.5597341772151898
0.10378899082568793 0.4727088607594936
0.05504587155963303 0.3738101265822785
0.04931192660550454 0.3105189873417722
0.046449541284403595 0.24722784810126586
0.046449541284403595 0.19184810126582286
0.04357798165137616 0.12460759493670881
0.04357798165137616 0.05340506329113914
0.5510366972477063 0.43315189873417714
0.6341743119266054 0.40941772151898725
0.7402568807339449 0.4015063291139239
0.8033302752293576 0.3975443037974684
0.8434678899082568 0.4450126582278482
0.8864678899082569 0.5755569620253164
0.8922018348623854 0.7179620253164556
0.8549357798165136 0.8366329113924049
0.7517247706422017 0.8682784810126581
0.6456422018348624 0.8643164556962026
0.5653669724770642 0.8287215189873417
0.49082568807339455 0.8089367088607595
0.44495412844036697 0.8010253164556963
0.3790183486238531 0.7772911392405064
0.34747706422018354 0.7140000000000001
0.5969082568807338 0.2828354430379746
0.5194954128440368 0.32634177215189886
0.4277522935779816 0.3342531645569621
0.35608256880733935 0.26701265822784803
0.31021100917431177 0.27492405063291137
0.3274128440366971 0.3698607594936708
0.37614678899082565 0.43710126582278486
0.37614678899082565 0.5439113924050631
0.3732844036697247 0.6190632911392406
0.42488990825688067 0.7100506329113923
0.5194954128440368 0.73773417721519
0.5768348623853211 0.7100506329113923
0.5997706422018348 0.6111518987341773
0.6284403669724771 0.5359999999999999
0.6542477064220182 0.4489746835443037
0.6169724770642202 0.8089367088607595
0.688651376146789 0.7970759493670885
0.7517247706422017 0.7654303797468354
0.7975963302752292 0.73773417721519
0.8319999999999999 0.7060886075949369
}
