version: 2
n_points: 55
{
0.4731364902506964 0.06783333333333354
0.35918384401114206 0.03928743961352681
0.21737604456824516 0.012937198067632837
0.07810027855153202 0.05685507246376814
0.014793871866295265 0.1468864734299515
0.019857938718662965 0.26107004830917896
0.06037325905292481 0.3620821256038648
0.11608356545961004 0.4499154589371983
0.17939275766016713 0.5223792270531403
0.24016713091922004 0.5992342995169084
0.30347353760445683 0.6870700483091785
0.3667799442896936 0.7705120772946858
0.4706044568245125 0.8561521739130432
0.5718969359331476 0.9242246376811591
0.6402674094707521 0.9527705314009659
0.7213008356545961 0.9813164251207732
0.8149944289693594 0.9901014492753625
0.8934958217270195 0.9703381642512078
0.9517381615598886 0.9373985507246378
0.987192200557103 0.8890893719806765
0.6529303621169916 0.4367415458937196
0.6200083565459611 0.35549275362318833
0.5541699164345404 0.29400966183574884
0.4807325905292479 0.20397826086956494
0.3617158774373259 0.15127777777777754
0.24523119777158778 0.12712318840579687
0.10089136490250696 0.13371014492753622
0.07303621169916434 0.2105652173913043
0.09329247910863511 0.3093792270531403
0.14393871866295266 0.3818429951690823
0.1895208913649025 0.447719806763285
0.24523119777158778 0.5114009661835749
0.29587743732590527 0.6014299516908211
0.3642479108635097 0.6958526570048311
0.49592757660167136 0.7661207729468599
0.7238328690807799 0.4499154589371983
0.7263649025069637 0.5421425120772945
0.7466239554317549 0.6080193236714977
0.7922061281337047 0.6321739130434784
0.8048662952646239 0.6848743961352657
0.7491559888579388 0.6629154589371978
0.6681225626740946 0.6102149758454104
0.5642980501392758 0.6168019323671498
0.4883314763231198 0.6365652173913043
0.42249025069637886 0.5904516908212558
0.4148941504178273 0.524574879227053
0.4148941504178273 0.45870048309178757
0.4376852367688022 0.39941062801932364
0.4706044568245125 0.3620821256038648
0.5339108635097494 0.3203599033816423
0.29334540389972147 0.5553188405797103
0.2654902506963788 0.48505072463768095
0.2477632311977716 0.405997584541063
0.22750417827298053 0.307183574879227
0.2021810584958217 0.21495652173913035
}
