version: 2
n_points: 55
{
0.22829479768786107 0.7668372093023256
0.1261753371868977 0.6505581395348836
0.05681117533718671 0.5110232558139535
0.010568400770712716 0.34491029900332215
0.018275529865125047 0.16883056478405312
0.07029865125240828 0.049229235880398625
0.13195568400770694 0.022651162790697565
0.20710019267822716 0.01932890365448503
0.28995183044315975 0.03594019933554815
0.3747302504816954 0.049229235880398625
0.4421676300578033 0.09574086378737534
0.5558477842003852 0.18876411960132888
0.6637475915221578 0.2718205980066445
0.7504527938342965 0.3714883720930232
0.8679865125240845 0.497734219269103
0.9065221579961462 0.5508903654485049
0.9489113680154141 0.6372691029900331
0.9778131021194603 0.753548172757475
0.9835934489402696 0.8532159468438537
0.9913005780346819 0.9861063122923588
0.4306069364161848 0.6837807308970099
0.3246339113680152 0.6372691029900331
0.21866088631984568 0.5974019933554817
0.14351637764932543 0.5043787375415282
0.09727360308285145 0.3781328903654484
0.0799325626204237 0.23859800664451825
0.10883429672446994 0.10238538205980063
0.1820520231213871 0.07912956810631222
0.26297687861271657 0.0924186046511627
0.34390173410404606 0.1223189368770764
0.41133911368015397 0.15221926910299
0.4672157996146434 0.19540863787375407
0.5365799614643544 0.23195348837209295
0.6040173410404622 0.26185382059800655
0.6579672447013486 0.32829900332225903
0.4383140655105971 0.7900930232558139
0.4729961464354526 0.7469036544850498
0.5789691714836221 0.7435813953488372
0.6464065510597301 0.8100265780730896
0.7061368015414257 0.8532159468438537
0.6753082851637763 0.7601926910299003
0.6309922928709054 0.6804584717607973
0.6117244701348745 0.5575348837209302
0.5674084778420037 0.45786710963455146
0.4941907514450865 0.4146777408637874
0.41904624277456626 0.3947441860465115
0.3708766859344892 0.43461129568106305
0.3304142581888245 0.48776744186046506
0.3072928709055875 0.5608571428571428
0.2918786127167628 0.6073687707641195
0.4171194605009632 0.19208637873754153
0.35738921001926766 0.16883056478405312
0.28802504816955665 0.17215282392026576
0.22251445086705182 0.19540863787375407
0.13388246628131 0.17215282392026576
}
