version: 2
n_points: 55
{
0.18669005847953205 0.598153846153846
0.11812865497076017 0.5097350427350428
0.05763157894736853 0.4154273504273506
0.033432748538011606 0.2739572649572649
0.05763157894736853 0.15311965811965833
0.13022807017543864 0.07649572649572645
0.21895321637426884 0.0440769230769229
0.30768421052631567 0.04701709401709386
0.40447368421052643 0.04996581196581196
0.49320467836257326 0.06176068376068378
0.5738654970760232 0.09712820512820497
0.6565438596491229 0.1383846153846151
0.7412339181286548 0.21206837606837614
0.8017309941520468 0.27985470085470077
0.870292397660819 0.3947948717948715
0.9166725146198829 0.5156324786324787
0.9509590643274856 0.6070000000000001
0.9751520467836255 0.7189914529914531
0.9751520467836255 0.8516153846153847
0.9549883040935673 0.9577179487179487
0.4649707602339181 0.5922649572649574
0.3762456140350878 0.5480512820512822
0.27743274853801153 0.5097350427350428
0.19072514619883027 0.44194871794871815
0.13829239766081886 0.36827350427350447
0.1403099415204678 0.2651196581196582
0.17862573099415213 0.1884871794871794
0.247187134502924 0.15901709401709418
0.31776608187134514 0.15606837606837598
0.386327485380117 0.15017094017094013
0.4690058479532163 0.14723076923076928
0.5536959064327487 0.1678547008547009
0.6343625730994152 0.20911965811965794
0.6928421052631579 0.2769059829059831
0.7190526315789472 0.3505897435897436
0.4790877192982455 0.651205128205128
0.5718479532163739 0.6747863247863247
0.6242748538011694 0.7042564102564105
0.6464619883040933 0.7690940170940169
0.7150233918128656 0.777940170940171
0.704941520467836 0.6806752136752138
0.6646081871345031 0.6246837606837609
0.6686432748538009 0.5126837606837605
0.6706549707602341 0.4183760683760682
0.6303274853801166 0.3211111111111111
0.549666666666667 0.2651196581196582
0.4407719298245615 0.28280341880341897
0.4167777777777778 0.3680256410256413
0.39338596491228073 0.45919658119658124
0.3680409356725146 0.5161709401709401
0.4368479532163744 0.1726410256410258
0.36572514619883034 0.19573504273504283
0.2977602339181285 0.21421367521367518
0.22980116959064323 0.24194017094017106
0.17922222222222217 0.2650341880341882
}
