version: 2
n_points: 55
{
0.11653116531165311 0.11021505376344087
0.057298102981029886 0.2814892473118281
0.02245528455284538 0.42358064516129035
0.014712737127371202 0.6040698924731185
0.045682926829268215 0.7461612903225807
0.09601355013550128 0.876725806451613
0.15989159891598917 0.9381720430107527
0.23731978319783206 0.9535322580645162
0.33217073170731715 0.9688924731182795
0.4212168021680216 0.9381720430107527
0.5025176151761517 0.9074516129032258
0.5876883468834687 0.8498440860215055
0.6883468834688347 0.7768817204301075
0.7696476964769647 0.696236559139785
0.8548211382113821 0.5618279569892473
0.8954715447154471 0.46198387096774174
0.9535420054200541 0.3352526881720431
0.9883848238482387 0.19700537634408588
0.9806422764227641 0.10483870967741937
0.9632222222222222 0.024193548387096753
0.4367018970189703 0.2354086021505376
0.36314363143631434 0.1470806451612905
0.2741002710027101 0.13172043010752688
0.20247696476964785 0.15860215053763438
0.15795663956639552 0.2814892473118281
0.12504878048780496 0.46198387096774174
0.13472628726287278 0.6271129032258063
0.15989159891598917 0.7999247311827957
0.23538482384823842 0.7884032258064515
0.3302357723577235 0.7730430107526882
0.3902439024390244 0.7730430107526882
0.44637940379403807 0.7960806451612905
0.5218726287262874 0.7768817204301075
0.5838184281842818 0.7346397849462364
0.645761517615176 0.6386344086021505
0.4560596205962058 0.07795698924731187
0.49671002710027085 0.15860215053763438
0.5934959349593496 0.1470806451612905
0.6515691056910569 0.07027419354838726
0.7193197831978319 0.06259677419354859
0.686411924119241 0.21620430107526878
0.6089810298102982 0.312209677419355
0.6012384823848238 0.49270430107526864
0.5509105691056909 0.6040698924731185
0.4676720867208673 0.6539946236559138
0.405728997289973 0.5925483870967743
0.3825013550135502 0.5157473118279569
0.365078590785908 0.43894086021505363
0.3186205962059621 0.3467741935483871
0.3012005420054201 0.21620430107526878
0.3341084010840107 0.738478494623656
0.3012005420054201 0.7000752688172043
0.25474254742547425 0.677037634408602
0.2140921409214092 0.6808763440860214
0.17344173441734417 0.677037634408602
}
