version: 2
n_points: 55
{
0.766920353982301 0.22702739726027366
0.8775398230088496 0.41880821917808186
0.9638230088495576 0.5866164383561641
0.9748849557522125 0.7510000000000001
0.928424778761062 0.8605890410958905
0.8355044247787611 0.9359315068493151
0.7359469026548673 0.9633287671232877
0.6496637168141594 0.9427808219178083
0.5788672566371682 0.905109589041096
0.48373451327433636 0.8845616438356165
0.38417699115044257 0.8468904109589042
0.28240707964601774 0.7715479452054795
0.20497345132743372 0.6825068493150682
0.14745132743362832 0.5866164383561641
0.09435398230088499 0.466753424657534
0.056743362831858435 0.3845616438356162
0.03461946902654878 0.2920958904109586
0.030194690265486823 0.20990410958904082
0.02576991150442487 0.1311369863013696
0.021345132743362916 0.02839726027397227
0.5545309734513275 0.25784931506849285
0.6540884955752213 0.2920958904109586
0.7558584070796461 0.3605890410958901
0.8089557522123895 0.442780821917808
0.8598407079646018 0.5557945205479449
0.8886017699115045 0.6551095890410956
0.8886017699115045 0.7955205479452055
0.8310796460176992 0.8674383561643837
0.7447964601769912 0.8845616438356165
0.6629380530973452 0.8777123287671234
0.5832920353982302 0.8434657534246577
0.4793097345132744 0.8229178082191781
0.3863893805309735 0.7852465753424659
0.3310796460176991 0.7236027397260272
0.2846194690265488 0.6003150684931504
0.5788672566371682 0.14141095890410926
0.5058584070796461 0.18250684931506822
0.4262123893805311 0.24072602739726
0.346566371681416 0.192780821917808
0.2691327433628319 0.17223287671232845
0.2846194690265488 0.31264383561643805
0.346566371681416 0.42908219178082163
0.33992920353982303 0.5489452054794517
0.3620530973451328 0.668808219178082
0.41736283185840717 0.7270273972602741
0.508070796460177 0.7544246575342467
0.5899292035398231 0.7064794520547942
0.6186902654867257 0.6208630136986298
0.6363893805309735 0.5044246575342464
0.6695752212389381 0.36401369863013666
0.508070796460177 0.8023698630136987
0.6009911504424779 0.7852465753424659
0.678424778761062 0.7749726027397261
0.7558584070796461 0.7646986301369865
0.8200176991150443 0.7236027397260272
}
