version: 2
n_points: 55
{
0.19160000000000005 0.8077619047619048
0.14007500000000003 0.7040952380952381
0.08538750000000003 0.5552857142857144
0.07171249999999993 0.4399523809523809
0.09514999999999993 0.3432142857142859
0.14592500000000008 0.2316190476190475
0.21820000000000003 0.17580952380952386
0.2943625000000001 0.1423333333333332
0.3705375 0.13488095238095255
0.46233749999999996 0.13861904761904764
0.550225 0.1460476190476191
0.6146750000000001 0.1683809523809524
0.7006125000000001 0.22790476190476194
0.7709250000000001 0.29114285714285704
0.8392875 0.3767142857142858
0.8744499999999998 0.4734285714285714
0.9154625 0.5478333333333334
0.9447624999999998 0.6780476190476189
0.9369499999999998 0.8305714285714286
0.8959250000000001 0.8975476190476191
0.487725 0.7673333333333332
0.3959250000000001 0.7412857142857143
0.31195000000000006 0.700357142857143
0.23577499999999993 0.6371190476190476
0.18498750000000008 0.5255238095238096
0.15373750000000008 0.45111904761904764
0.17522500000000002 0.2985714285714287
0.23186250000000008 0.2576666666666667
0.30413750000000006 0.22790476190476194
0.39202499999999996 0.2092857142857144
0.50335 0.20557142857142852
0.5834250000000001 0.2539285714285715
0.6556999999999998 0.3023095238095239
0.7103874999999998 0.3692619047619048
0.7396750000000001 0.458547619047619
0.4818625000000001 0.8529047619047619
0.5248375 0.797095238095238
0.6088249999999998 0.7859285714285714
0.65765 0.8417380952380951
0.7435875 0.8640476190476192
0.7240500000000001 0.7785000000000001
0.69085 0.7078095238095237
0.69085 0.6073571428571428
0.673275 0.5069047619047621
0.6224875000000001 0.40273809523809545
0.5619499999999998 0.387857142857143
0.49358749999999996 0.40273809523809545
0.45257500000000006 0.458547619047619
0.4271750000000001 0.5627142857142857
0.4037375000000001 0.7115238095238096
0.5873375 0.29485714285714293
0.4799125 0.29114285714285704
0.38226250000000006 0.31345238095238104
0.28070000000000006 0.37297619047619057
0.23382500000000003 0.48459523809523797
}
