version: 2
n_points: 55
{
0.12467184035476712 0.893019230769231
0.06739246119733926 0.6846858974358977
0.028589800443458994 0.4763525641025643
0.01196008869179602 0.24664743589743576
0.06739246119733926 0.10776282051282071
0.14684478935698442 0.049000000000000044
0.22999334811529928 0.03831410256410239
0.3057516629711752 0.043660256410256615
0.37227050997782707 0.09707692307692306
0.43324611973392463 0.1718653846153848
0.49606873614190705 0.1878910256410259
0.5755232815964522 0.17720512820512824
0.6494323725055432 0.18254487179487167
0.7251906873614189 0.19857051282051263
0.8046430155210643 0.2573333333333334
0.8877915742793792 0.41758974358974355
0.939527716186253 0.5778461538461539
0.9894168514412419 0.7648141025641028
0.9746363636363634 0.893019230769231
0.9081175166297116 0.9464358974358975
0.42215964523281596 0.9197243589743588
0.3390110864745011 0.8235705128205126
0.2577095343680709 0.7274166666666665
0.191190687361419 0.7007115384615387
0.1265210643015522 0.5084038461538464
0.11543458980044354 0.3641730769230771
0.14315077605321516 0.12912820512820522
0.24107982261640792 0.12378846153846179
0.33162084257206215 0.15049358974358962
0.41846341463414655 0.1718653846153848
0.5211463414634148 0.19437820512820503
0.591889135254989 0.2371089743589746
0.647849223946785 0.25237179487179495
0.7207028824833703 0.28289743589743555
0.7587139689578716 0.3500512820512818
0.4458625277161864 0.9335384615384612
0.5012949002217296 0.8758461538461535
0.5811175166297119 0.8437948717948714
0.6188115299334813 0.9078974358974355
0.7008514412416853 0.9719999999999996
0.7341108647450112 0.8566153846153843
0.6720266075388028 0.728410256410256
0.6609401330376942 0.5361025641025637
0.6121596452328161 0.35661538461538433
0.5367716186252773 0.27969230769230735
0.4591662971175168 0.26687179487179447
0.40816851441241697 0.42071794871794843
0.3793436807095345 0.5425128205128201
0.34608425720620833 0.6707179487179484
0.3283458980044345 0.7796923076923074
0.39043015521064317 0.1835384615384612
0.323911308203991 0.2540512820512817
0.2618270509977826 0.305333333333333
0.2108292682926828 0.35661538461538433
0.15317960088691784 0.3822564102564099
}
