version: 2
n_points: 55
{
0.6582727272727272 0.8651714285714287
0.7622909090909091 0.8444285714285716
0.8402181818181819 0.8158571428571431
0.8921636363636364 0.7505714285714289
0.8999636363636363 0.607714285714286
0.8402181818181819 0.4811714285714288
0.7596909090909091 0.41177142857142873
0.6843636363636364 0.34648571428571456
0.6272363636363636 0.30565714285714307
0.5674909090909092 0.24442857142857163
0.5103454545454547 0.21994285714285736
0.4610000000000001 0.18728571428571447
0.39605454545454544 0.16688571428571453
0.32072727272727275 0.16280000000000022
0.2584000000000001 0.17097142857142883
0.20125454545454546 0.18728571428571447
0.16749090909090913 0.22402857142857166
0.13112727272727276 0.2689142857142859
0.09736363636363643 0.317914285714286
0.08178181818181829 0.38728571428571446
0.5103454545454547 0.6770857142857145
0.5726909090909091 0.7301428571428573
0.6350181818181819 0.7668857142857145
0.6999636363636363 0.7628000000000003
0.757090909090909 0.7424000000000003
0.8090545454545455 0.6648571428571431
0.8324181818181818 0.5913714285714288
0.7908727272727272 0.5138285714285716
0.7337272727272727 0.46077142857142883
0.6636 0.40771428571428603
0.6194363636363637 0.3546285714285716
0.546709090909091 0.317914285714286
0.49216363636363636 0.2566857142857145
0.42723636363636375 0.2566857142857145
0.3570909090909091 0.2526000000000002
0.4506 0.7260571428571431
0.3986545454545455 0.6566857142857145
0.37009090909090914 0.6322000000000003
0.33372727272727276 0.6607714285714289
0.2921636363636364 0.6036285714285717
0.33372727272727276 0.5546285714285716
0.40385454545454547 0.5342285714285716
0.44021818181818184 0.4689142857142859
0.4817818181818183 0.42402857142857164
0.5441090909090909 0.41177142857142873
0.5804727272727273 0.42402857142857164
0.6012545454545455 0.4811714285714288
0.6038545454545455 0.538314285714286
0.5960545454545455 0.607714285714286
0.5830727272727273 0.6730000000000002
0.6713818181818182 0.4485142857142859
0.6947636363636365 0.5015714285714288
0.7233272727272728 0.5709714285714288
0.7493090909090909 0.6362857142857146
0.7622909090909091 0.6893428571428574
}
