version: 2
n_points: 55
{
0.6996541353383456 0.21487341772151924
0.8371353383458646 0.33060759493670955
0.9187744360902256 0.4897341772151894
0.9552932330827067 0.6922658227848097
0.8929924812030073 0.8550126582278488
0.7984736842105263 0.9273544303797464
0.7039473684210527 0.9309620253164563
0.6051278195488724 0.8875696202531652
0.5063082706766917 0.8622531645569627
0.40963909774436114 0.815227848101266
0.3473458646616542 0.7573670886075948
0.2850451127819549 0.6705696202531648
0.220593984962406 0.5801518987341772
0.17118796992481178 0.5078227848101272
0.11963157894736842 0.4499493670886082
0.07666917293233089 0.38124050632911455
0.04014285714285715 0.305291139240507
0.03155639097744367 0.20040506329113916
0.0594812030075188 0.12445569620253161
0.12607518796992456 0.06297468354430413
0.6137218045112782 0.31975949367088563
0.7060977443609022 0.37039240506329074
0.7748421052631577 0.43548101265822814
0.8263984962406015 0.529518987341772
0.8543233082706767 0.6126962025316458
0.8543233082706767 0.7537468354430386
0.7898796992481201 0.8405443037974686
0.7254285714285716 0.8441645569620249
0.6566842105263158 0.8260886075949363
0.6115714285714285 0.815227848101266
0.5707593984962407 0.8079999999999999
0.5234962406015038 0.8043797468354437
0.48482706766917316 0.7935316455696197
0.45045864661654134 0.771835443037975
0.41178947368421037 0.7428987341772147
0.5578721804511279 0.2835822784810129
0.5020150375939847 0.32336708860759555
0.43971428571428595 0.32336708860759555
0.40583458646616544 0.2383417721518981
0.34944360902255633 0.2239493670886077
0.3596917293233083 0.29012658227848054
0.399 0.34191139240506285
0.40241353383458656 0.43108860759493717
0.42463157894736836 0.5116455696202526
0.46735338345864674 0.5490379746835445
0.5169022556390976 0.5979493670886082
0.5715864661654136 0.586443037974683
0.6023458646616543 0.5404050632911394
0.6313984962406015 0.4454683544303798
0.6433609022556391 0.37067088607594956
0.6177293233082708 0.767683544303798
0.6775338345864663 0.767683544303798
0.7322180451127819 0.7590506329113929
0.7903157894736844 0.7360379746835449
0.8313308270676693 0.6957594936708864
}
