version: 2
n_points: 55
{
0.1658911564625852 0.6602926829268293
0.10038775510204086 0.5473658536585367
0.049993197278911494 0.37573170731707317
0.03487755102040823 0.25378048780487805
0.06763265306122454 0.15441463414634116
0.13061904761904777 0.10473170731707349
0.22636054421768692 0.07763414634146326
0.3221020408163265 0.06859756097560976
0.38005442176870746 0.10021951219512215
0.4505986394557823 0.16796341463414666
0.5438231292517007 0.2040975609756096
0.6370476190476192 0.24023170731707333
0.7176666666666668 0.3260487804878047
0.7806598639455783 0.40735365853658556
0.848687074829932 0.48413414634146357
0.9167142857142857 0.5564024390243902
0.9595442176870748 0.6602926829268293
0.9671020408163264 0.791268292682927
0.9494625850340138 0.8680609756097559
0.9444285714285715 0.9403170731707317
0.3901292517006802 0.7461097560975608
0.32462585034013625 0.6738414634146341
0.2465170068027211 0.6151219512195122
0.1986462585034015 0.48413414634146357
0.1583333333333332 0.37121951219512195
0.1381768707482994 0.19958536585365838
0.17848979591836733 0.14990243902438993
0.26163265306122435 0.1363536585365852
0.34478231292517003 0.1273170731707317
0.40524489795918384 0.17700000000000016
0.4732721088435376 0.21764634146341444
0.5236666666666666 0.23119512195121983
0.5942108843537415 0.2763658536585363
0.6521632653061225 0.3441219512195124
0.6949931972789115 0.4615487804878047
0.42792517006802705 0.8409512195121954
0.4783129251700681 0.7777195121951223
0.5513809523809524 0.7596585365853655
0.6294829931972789 0.8138536585365852
0.6849183673469387 0.8048170731707318
0.6874353741496598 0.6964146341463414
0.6370476190476192 0.6151219512195122
0.6244489795918367 0.4976829268292684
0.5967346938775512 0.3983170731707315
0.5412993197278914 0.3215365853658535
0.4732721088435376 0.3125
0.4153265306122449 0.3486341463414637
0.38508843537414966 0.4434878048780486
0.3573741496598639 0.5383414634146342
0.3321836734693879 0.6377073170731704
0.4228843537414965 0.2357195121951221
0.3674557823129253 0.24474390243902455
0.32462585034013625 0.25378048780487805
0.2465170068027211 0.2357195121951221
0.18857142857142875 0.25378048780487805
}
