version: 2
n_points: 55
{
0.8890933333333334 0.6303333333333331
0.9446466666666666 0.476215053763441
0.9624266666666667 0.32567741935483885
0.9224266666666667 0.1966451612903227
0.8513133333333334 0.1034516129032256
0.7557599999999999 0.07836559139784958
0.6446466666666667 0.06403225806451596
0.5468666666666665 0.0998709677419356
0.46242666666666654 0.16796774193548367
0.3846466666666667 0.22890322580645173
0.3068666666666665 0.2826666666666668
0.23575999999999986 0.3328494623655912
0.1757599999999998 0.4116989247311829
0.1313133333333334 0.47979569892473095
0.09575999999999985 0.5514838709677421
0.06464666666666663 0.6518387096774192
0.03353333333333319 0.7450322580645162
0.029093333333333193 0.8023763440860213
0.029093333333333193 0.8776451612903223
0.04464666666666672 0.9493333333333335
0.6001999999999998 0.7414516129032263
0.6846466666666666 0.6840967741935482
0.7624266666666665 0.6303333333333331
0.8157599999999998 0.5729892473118281
0.85798 0.486967741935484
0.87576 0.36868817204301085
0.8357600000000001 0.21815053763440873
0.7735333333333332 0.18231182795698908
0.7046466666666666 0.15721505376344067
0.6157599999999999 0.14646236559139764
0.5246466666666667 0.2002258064516127
0.48464666666666667 0.26833333333333315
0.41798 0.2969999999999998
0.35575999999999985 0.33643010752688185
0.27798 0.46188172043010733
0.5646466666666667 0.7557849462365592
0.49353333333333316 0.7378602150537632
0.4290933333333332 0.7271075268817202
0.3846466666666667 0.7916236559139783
0.3135333333333331 0.8167204301075274
0.33131333333333335 0.7522043010752693
0.36909333333333316 0.6697634408602152
0.35575999999999985 0.5909139784946235
0.3713133333333334 0.490548387096774
0.39798 0.43678494623655895
0.46019999999999983 0.4045268817204299
0.5246466666666667 0.42603225806451595
0.5957599999999998 0.501301075268817
0.6290933333333332 0.5837419354838711
0.6468666666666665 0.6625913978494622
0.51798 0.26833333333333315
0.6024266666666664 0.28624731182795676
0.6646466666666666 0.3113440860215052
0.75798 0.3507634408602148
0.8135333333333332 0.3830215053763439
}
