version: 2
n_points: 55
{
0.7654036697247704 0.12911538461538563
0.8492752293577984 0.27198076923076975
0.9174311926605505 0.4972499999999994
0.9515045871559633 0.7115384615384616
0.8964587155963303 0.8598846153846154
0.8073394495412844 0.8763653846153852
0.7260825688073391 0.8708846153846155
0.6448256880733945 0.8763653846153852
0.5609449541284401 0.8873653846153841
0.4796880733944954 0.8928653846153841
0.4036697247706422 0.8598846153846154
0.3302752293577982 0.8159423076923071
0.2830917431192663 0.7774807692307687
0.24901834862385297 0.7115384615384616
0.19134862385321127 0.6565961538461544
0.1389266055045869 0.6181346153846159
0.078633027522936 0.5192307692307692
0.04980733944954108 0.37636538461538516
0.041935779816513974 0.21703846153846051
0.0629082568807342 0.09615384615384615
0.6657889908256883 0.2335192307692313
0.7470550458715595 0.2939615384615374
0.8256880733944953 0.37636538461538516
0.8676238532110094 0.4862692307692297
0.8833577981651376 0.5906538461538472
0.8833577981651376 0.7280192307692313
0.8099633027522936 0.7719807692307687
0.7522935779816513 0.7829615384615385
0.6867614678899086 0.7994423076923082
0.6212293577981651 0.8049423076923082
0.5714311926605504 0.8049423076923082
0.5347339449541284 0.7719807692307687
0.5032752293577984 0.7170384615384615
0.46133944954128436 0.6840576923076929
0.4351284403669722 0.6346153846153846
0.6028807339449541 0.21153846153846156
0.5530825688073395 0.2994423076923082
0.46133944954128436 0.3049423076923071
0.37745871559633004 0.2335192307692313
0.3171651376146791 0.16757692307692418
0.3512477064220184 0.3049423076923071
0.419394495412844 0.32142307692307803
0.4508532110091741 0.458788461538461
0.4980366972477064 0.5961538461538461
0.5766697247706425 0.6730769230769231
0.6684128440366974 0.7115384615384616
0.7155963302752293 0.6895576923076918
0.7391834862385324 0.5851730769230764
0.7234587155963306 0.469788461538461
0.7182201834862385 0.34890384615384673
0.7706422018348624 0.7444999999999999
0.7968532110091746 0.7280192307692313
0.8204495412844034 0.7060384615384626
0.8387981651376144 0.6895576923076918
0.8623853211009174 0.6730769230769231
}
