version: 2
n_points: 55
{
0.7649148936170213 0.6768558558558558
0.8586329787234043 0.5738918918918918
0.9194202127659574 0.45806306306306305
0.9700797872340425 0.2778828828828829
0.9168882978723404 0.13202702702702704
0.8408989361702127 0.0633873873873874
0.754781914893617 0.050513513513513505
0.6711968085106383 0.0633873873873874
0.5825425531914894 0.09770270270270269
0.5040212765957447 0.11915315315315314
0.4128351063829787 0.15776576576576576
0.334313829787234 0.2006666666666667
0.26592553191489376 0.28646846846846846
0.22286702127659574 0.367972972972973
0.15447872340425517 0.48380180180180177
0.10381914893617006 0.5653153153153153
0.06582446808510634 0.663981981981982
0.058223404255319244 0.7669459459459459
0.04809574468085087 0.8613243243243243
0.025297872340425354 0.9557027027027026
0.511622340425532 0.6682792792792793
0.6002712765957448 0.663981981981982
0.6914574468085106 0.6210810810810811
0.7699787234042553 0.49667567567567567
0.8231702127659575 0.367972972972973
0.8636968085106382 0.2564324324324324
0.8181063829787234 0.11915315315315314
0.75225 0.13202702702702704
0.6711968085106383 0.13202702702702704
0.5901382978723404 0.1406036036036036
0.5090851063829787 0.1448918918918919
0.45082978723404254 0.1706306306306306
0.40270212765957447 0.2135315315315315
0.35964361702127656 0.28646846846846846
0.2963191489361704 0.3593963963963964
0.49388829787234045 0.7283333333333333
0.428031914893617 0.7197567567567568
0.3697765957446807 0.7111711711711711
0.32164893617021295 0.7755225225225225
0.27098936170212784 0.796972972972973
0.30138829787234045 0.6554054054054054
0.3900372340425532 0.5781891891891892
0.4128351063829787 0.41087387387387386
0.4533617021276596 0.29933333333333334
0.511622340425532 0.25214414414414416
0.5850744680851063 0.26501801801801805
0.6180053191489362 0.3551081081081081
0.6256010638297873 0.4537747747747748
0.6332021276595745 0.5524414414414415
0.6382659574468086 0.6425315315315315
0.6433297872340425 0.16634234234234233
0.6939893617021277 0.17921621621621622
0.7471808510638298 0.20495495495495494
0.7826436170212766 0.2306936936936937
0.8181063829787234 0.2735945945945946
}
