version: 2
n_points: 55
{
0.8889670329670329 0.23176106194690238
0.9314230769230769 0.36047787610619497
0.9688846153846153 0.5093097345132745
0.9638901098901099 0.6702123893805313
0.9264285714285715 0.8069823008849555
0.8415109890109891 0.9035221238938049
0.7640879120879123 0.9517876106194693
0.6716813186813186 0.9517876106194693
0.5742802197802198 0.9115663716814155
0.46439010989010987 0.8512300884955749
0.38447252747252747 0.7949115044247792
0.309543956043956 0.7546902654867254
0.23212087912087898 0.690327433628318
0.16469230769230758 0.6018318584070792
0.09475824175824166 0.4851769911504429
0.06229120879120875 0.4007079646017697
0.024829670329670317 0.2760088495575218
0.02232967032967048 0.1472831858407082
0.06229120879120875 0.07085840707964552
0.1372197802197802 0.04269911504424817
0.57178021978022 0.2800265486725666
0.6641923076923075 0.2961238938053097
0.7865659340659339 0.3403716814159291
0.866489010989011 0.3926637168141591
0.911445054945055 0.5334513274336281
0.898956043956044 0.6943539823008849
0.8490054945054946 0.8270973451327432
0.754098901098901 0.8753628318584076
0.6417142857142856 0.8552477876106197
0.5343186813186812 0.815026548672566
0.43441758241758255 0.7667522123893808
0.34700549450549434 0.6983716814159298
0.2970549450549451 0.6139026548672565
0.257098901098901 0.553557522123894
0.19465934065934065 0.4610442477876102
0.5592967032967031 0.19957522123893823
0.4943626373626373 0.23176106194690238
0.4369175824175825 0.2156725663716812
0.39196153846153836 0.1593539823008845
0.3295274725274725 0.12717699115044234
0.3170384615384617 0.24784955752212345
0.3694835164835164 0.37254867256637125
0.35949450549450546 0.4932212389380535
0.3819725274725275 0.585743362831858
0.43941758241758233 0.6621681415929208
0.5118406593406593 0.6259646017699119
0.5567967032967032 0.5978053097345135
0.5992527472527474 0.5294247787610624
0.6392142857142857 0.45299999999999974
0.6666868131868131 0.3524336283185845
0.48436813186813177 0.7144601769911507
0.5892637362637362 0.7184867256637165
0.7016538461538463 0.6943539823008849
0.7965604395604395 0.6179203539823013
0.8589945054945054 0.5414955752212387
}
