version: 2
n_points: 55
{
0.7547847533632287 0.9318283582089553
0.8793497757847535 0.7452611940298508
0.9590717488789238 0.5130895522388061
0.9765112107623318 0.3306716417910448
0.9266860986547085 0.17726865671641784
0.8569282511210763 0.09435074626865672
0.7647533632286996 0.04459701492537313
0.6875201793721973 0.048746268656716496
0.5903632286995516 0.07776865671641785
0.49071300448430477 0.11922388059701491
0.4239013452914797 0.16088805970149253
0.34318385650224204 0.2086492537313433
0.2696412556053811 0.2504402985074627
0.20686098654708518 0.32208208955223877
0.13331838565022425 0.39969402985074626
0.0759192825112105 0.4802910447761193
0.025695067264574045 0.5937238805970151
0.0185201793721973 0.7399925373134327
0.04542600896860982 0.8534253731343282
0.09923766816143498 0.9668582089552241
0.5476681614349775 0.7996940298507462
0.6301793721973092 0.8086492537313431
0.7108968609865469 0.7519328358208957
0.793408071748879 0.6593955223880595
0.8472197309417041 0.5459626865671641
0.8615695067264574 0.37282835820895527
0.827488789237668 0.19073880597014922
0.7431838565022422 0.12208208955223887
0.6463228699551569 0.1340223880597015
0.5656053811659192 0.17581343283582088
0.5225560538116591 0.20267910447761187
0.4490134529147982 0.22954477611940288
0.38443946188340816 0.27133582089552244
0.3521524663677129 0.3340223880597014
0.32165919282511224 0.40267910447761196
0.5978923766816142 0.9668582089552241
0.5279372197309418 0.9161119402985076
0.4113452914798207 0.8564104477611941
0.3395964125560539 0.8862611940298508
0.28219730941704013 0.8982014925373133
0.2804035874439461 0.8026791044776121
0.3557399103139015 0.719097014925373
0.3665022421524664 0.5370074626865672
0.3880269058295963 0.45044029850746253
0.4382511210762333 0.39670895522388055
0.4830941704035875 0.39969402985074626
0.5315246636771299 0.45342537313432846
0.572780269058296 0.5161119402985074
0.6140358744394618 0.6026791044776121
0.6624663677130045 0.7340223880597013
0.5386995515695068 0.23850000000000002
0.6301793721973092 0.23551492537313432
0.6875784753363228 0.24148507462686575
0.7682959641255604 0.2593955223880596
0.8221076233183856 0.2862611940298508
}
