version: 2
n_points: 55
{
0.780114722753346 0.020930232558139528
0.8680688336520077 0.16046511627906979
0.9541108986615678 0.38372093023255816
0.9904397705544933 0.6255813953488372
0.9445506692160612 0.7790697674418605
0.847036328871893 0.913953488372093
0.722753346080306 0.9697674418604652
0.6405353728489483 0.9744186046511628
0.5544933078393881 0.9372093023255814
0.4627151051625239 0.913953488372093
0.37667304015296366 0.9093023255813953
0.2963671128107075 0.8813953488372093
0.2409177820267686 0.7976744186046512
0.20267686424474185 0.7604651162790698
0.13575525812619504 0.6813953488372093
0.08986615678776289 0.5976744186046512
0.05162523900573612 0.4767441860465116
0.026768642447418722 0.34651162790697676
0.01147227533460804 0.21162790697674416
0.009560229445506718 0.07674418604651168
0.5678776290630976 0.17441860465116277
0.6864244741873805 0.19767441860465118
0.7724665391969407 0.2581395348837209
0.8451242829827916 0.3558139534883721
0.9005736137667304 0.486046511627907
0.9024856596558317 0.6581395348837209
0.8604206500956023 0.7651162790697674
0.7820267686424474 0.8302325581395349
0.7055449330783938 0.8488372093023255
0.6309751434034416 0.8302325581395349
0.5583173996175907 0.8162790697674418
0.502868068833652 0.8209302325581396
0.42447418738049714 0.8023255813953488
0.3709369024856597 0.727906976744186
0.31739961759082214 0.6023255813953489
0.5411089866156789 0.12790697674418605
0.48374760994263866 0.22558139534883725
0.4302103250478011 0.27209302325581397
0.38240917782026773 0.2441860465116279
0.31739961759082214 0.22093023255813948
0.30783938814531553 0.2581395348837209
0.3537284894837476 0.27209302325581397
0.3537284894837476 0.40697674418604646
0.36902485659655837 0.5186046511627906
0.40726577437858513 0.6441860465116279
0.4703632887189293 0.686046511627907
0.5411089866156789 0.6767441860465117
0.5850860420650096 0.5790697674418605
0.6137667304015296 0.4488372093023256
0.6347992351816444 0.23953488372093024
0.5869980879541109 0.7790697674418605
0.6634799235181644 0.7186046511627907
0.7342256214149139 0.6581395348837209
0.8011472275334608 0.6069767441860465
0.8546845124282982 0.5558139534883721
}
