version: 2
n_points: 55
{
0.8690803212851406 0.043256637168141654
0.9341004016064257 0.2539557522123894
0.9761726907630522 0.44359292035398235
0.9742610441767069 0.6458672566371682
0.920714859437751 0.818646017699115
0.8308313253012048 0.9029292035398231
0.7256465863453814 0.932424778761062
0.6242891566265059 0.949283185840708
0.5458795180722891 0.915566371681416
0.47129718875502014 0.873424778761062
0.3871526104417671 0.8523628318584071
0.32977911646586344 0.843929203539823
0.2685823293172691 0.8144336283185841
0.21120883534136548 0.7638672566371683
0.15766265060240958 0.6795840707964602
0.10985140562248996 0.5910884955752214
0.06395180722891558 0.4604513274336284
0.02187951807228905 0.33823893805309735
0.01805622489959835 0.1696814159292036
0.1175020080321284 0.08118584070796464
0.5688313253012048 0.14861061946902665
0.6625381526104417 0.19917699115044252
0.7313855421686748 0.25817699115044257
0.8097951807228916 0.2792477876106195
0.8423052208835342 0.36352212389380534
0.8690803212851406 0.49838053097345136
0.8576024096385543 0.6500796460176992
0.8270040160642571 0.8228584070796461
0.7371204819277108 0.8397168141592921
0.6434136546184739 0.8565752212389381
0.5516184738955824 0.8228584070796461
0.47129718875502014 0.818646017699115
0.3871526104417671 0.7765044247787611
0.32021686746987943 0.7343628318584071
0.24563052208835334 0.5910884955752214
0.5229317269076305 0.14861061946902665
0.47512048192771084 0.17810619469026556
0.42539759036144564 0.16124778761061953
0.38906425702811254 0.0896106194690266
0.3087429718875503 0.08118584070796464
0.3049156626506023 0.19075221238938056
0.3374297188755019 0.3930265486725665
0.3278674698795181 0.4646637168141593
0.4043614457831325 0.5742300884955753
0.45982329317269066 0.5658053097345133
0.5267550200803213 0.4899469026548673
0.5783935742971886 0.45623893805309745
0.6128152610441767 0.4014513274336283
0.6510642570281124 0.31295575221238947
0.683574297188755 0.2539557522123894
0.5669156626506023 0.8102212389380532
0.6415020080321284 0.7512212389380531
0.723734939759036 0.7006548672566373
0.777281124497992 0.6585132743362833
0.8231807228915663 0.6163716814159292
}
