version: 2
n_points: 55
{
0.7456915422885573 0.9618211382113819
0.840865671641791 0.8239674796747969
0.9209004975124379 0.6719674796747966
0.9749800995024875 0.5023008130081302
0.9728159203980099 0.3467642276422763
0.9100895522388059 0.18769918699186983
0.825726368159204 0.08165040650406509
0.7370398009950248 0.04277235772357743
0.6548407960199005 0.05337398373983738
0.5358706467661691 0.067512195121951
0.4536716417910447 0.08872357723577244
0.35416915422885564 0.11700000000000016
0.27413432835820895 0.15942276422764212
0.21789552238805987 0.21951219512195122
0.15949253731343283 0.2972764227642276
0.10325373134328364 0.3609024390243904
0.04700995024875598 0.4563414634146341
0.024432835820895282 0.5539837398373982
0.02957711442786093 0.6408943089430893
0.048452736318408074 0.7137804878048781
0.5974278606965175 0.7165853658536584
0.686636815920398 0.7221951219512194
0.7501144278606966 0.6969593495934959
0.8153084577114429 0.6240731707317075
0.8650597014925374 0.5175365853658536
0.8942238805970149 0.37736585365853653
0.8873582089552238 0.2427967479674795
0.8410398009950247 0.15308943089430882
0.7569751243781093 0.09421138211382132
0.6763432835820895 0.10262601626016253
0.6060099502487561 0.11103252032520311
0.5373830845771145 0.12785365853658537
0.46361691542288563 0.1446747967479676
0.4052885572139304 0.16710569105691037
0.3366666666666668 0.20915447154471545
0.5596865671641792 0.8399349593495936
0.5082189054726367 0.7614390243902438
0.40871641791044766 0.7165853658536584
0.3435273631840795 0.7277967479674797
0.29549253731343283 0.7109756097560974
0.32294029850746264 0.5792113821138211
0.3949950248756219 0.5231463414634144
0.41214925373134326 0.4138130081300813
0.43273631840796034 0.32409756097560954
0.4756268656716418 0.3184878048780486
0.5116517412935322 0.36054471544715433
0.5322388059701493 0.4110081300813006
0.5699800995024875 0.4838943089430895
0.6025771144278607 0.5623902439024389
0.6231641791044775 0.6997642276422766
0.393278606965174 0.22597560975609768
0.4567562189054726 0.18112195121951236
0.5493930348258707 0.1755121951219514
0.6488955223880597 0.2596178861788617
0.7432537313432837 0.3437235772357725
}
