version: 2
n_points: 55
{
0.5512694610778444 0.15314932126696834
0.4726766467065869 0.07961990950226246
0.345431137724551 0.02871493212669685
0.2219281437125749 0.025886877828054315
0.12462275449101803 0.082447963800905
0.06100000000000007 0.17577375565610862
0.03105988023952103 0.2690995475113122
0.04977245508982043 0.3765656108597285
0.09094011976047911 0.47837556561085975
0.14707784431137733 0.5632171945701357
0.2256706586826348 0.628262443438914
0.3005209580838324 0.6989638009049773
0.37162874251497013 0.7668371040723982
0.4726766467065869 0.8205701357466063
0.5774670658682636 0.8827873303167421
0.6672874251497006 0.9308642533936652
0.7758203592814372 0.9619728506787331
0.8581556886227546 0.9704570135746606
0.9142934131736528 0.9761131221719457
0.9704311377245509 0.9789411764705882
0.656059880239521 0.4331266968325792
0.596179640718563 0.3595972850678733
0.5213293413173653 0.28041176470588236
0.42776646706586835 0.2153665158371041
0.28929341317365276 0.16446153846153846
0.16579041916167672 0.1729457013574661
0.11713772455089827 0.28041176470588236
0.12462275449101803 0.3482850678733032
0.16204790419161683 0.4302986425339367
0.23315568862275457 0.5264524886877828
0.29677844311377255 0.6197782805429864
0.3604011976047905 0.6904796380090498
0.46893413173652704 0.7611809954751131
0.5699820359281438 0.8092579185520362
0.6934850299401198 0.8743031674208145
0.719682634730539 0.416158371040724
0.686 0.46140723981900456
0.6785149700598803 0.5943257918552036
0.7720778443113773 0.6848235294117647
0.7982754491017965 0.7329004524886878
0.7346526946107785 0.7046199095022625
0.6785149700598803 0.622606334841629
0.596179640718563 0.628262443438914
0.4839041916167665 0.622606334841629
0.438994011976048 0.5603891402714932
0.438994011976048 0.4896877828054299
0.4464790419161677 0.4133303167420815
0.4502215568862276 0.3765656108597285
0.49887425149700604 0.3567692307692308
0.5400419161676647 0.33131674208144796
0.3229760479041917 0.5745294117647058
0.29677844311377255 0.5123122171945702
0.2705808383233534 0.4133303167420815
0.2630958083832336 0.33131674208144796
0.2668383233532935 0.2181945701357466
}
