version: 2
n_points: 55
{
0.873005291005291 0.6388522727272726
0.9313915343915344 0.5095340909090909
0.9624074074074073 0.38806818181818187
0.9697037037037037 0.2940227272727272
0.9405132275132275 0.18430681818181813
0.9040211640211641 0.13336363636363624
0.8383386243386245 0.09026136363636378
0.7617142857142857 0.06282954545454542
0.6996772486772486 0.07849999999999985
0.6504179894179893 0.11769318181818181
0.5591957671957671 0.16471590909090914
0.44607407407407407 0.22740909090909092
0.3420793650793652 0.27835227272727275
0.23991005291005296 0.37238636363636374
0.15780952380952395 0.4546818181818182
0.09577777777777763 0.5643977272727273
0.048338624338624125 0.6741136363636364
0.026444444444444715 0.7760000000000001
0.026444444444444715 0.8582840909090909
0.03739153439153442 0.9444886363636364
0.6048042328042328 0.6819545454545455
0.6887301587301589 0.6310113636363636
0.7653597883597885 0.5722386363636364
0.8146243386243386 0.4586022727272727
0.8584074074074073 0.36063636363636353
0.8638835978835979 0.2234886363636364
0.810973544973545 0.168625
0.7507671957671956 0.18822727272727266
0.6796084656084658 0.2234886363636364
0.613931216931217 0.2509204545454544
0.5445978835978835 0.2469999999999999
0.4862169312169311 0.27835227272727275
0.447899470899471 0.31753409090909107
0.3913439153439153 0.36455681818181807
0.34938095238095246 0.4664318181818181
0.5810899470899472 0.7368068181818181
0.5263544973544974 0.6701931818181819
0.44972486772486764 0.658443181818182
0.4041111111111112 0.7250568181818182
0.3475555555555555 0.7799204545454547
0.3712698412698413 0.7132954545454546
0.4059365079365078 0.6349318181818181
0.41323809523809507 0.5761590909090909
0.44607407407407407 0.4781931818181817
0.5026349206349205 0.43117045454545466
0.5664920634920636 0.4468409090909091
0.6102804232804233 0.5056250000000001
0.6340000000000001 0.525215909090909
0.6522433862433863 0.5604772727272728
0.6558941798941799 0.6231704545454545
0.6394708994708995 0.2822613636363636
0.675962962962963 0.29794318181818175
0.7015026455026455 0.3332045454545455
0.7325185185185187 0.356715909090909
0.8018518518518519 0.3488863636363636
}
