version: 2
n_points: 55
{
0.8905909090909092 0.6498990825688078
0.9345795454545454 0.5107981651376149
0.9694034090909092 0.35690825688073413
0.9455738636363636 0.25628440366972427
0.9107499999999998 0.1379082568807343
0.8374375000000001 0.09944036697247757
0.7751193181818181 0.05504587155963303
0.6724829545454547 0.04616513761467926
0.5735056818181818 0.0668807339449538
0.4672045454545455 0.11127522935779834
0.3755568181818183 0.1438256880733947
0.274755681818182 0.21781651376146755
0.21610227272727267 0.32139449541284437
0.1592840909090909 0.45753211009174294
0.10979545454545458 0.5818256880733943
0.07130681818181828 0.6587706422018352
0.04198295454545464 0.7534770642201837
0.027318181818181797 0.8570550458715595
0.07314204545454539 0.9399266055045872
0.1464545454545455 0.9606422018348627
0.5295170454545455 0.6558165137614682
0.6156647727272728 0.641018348623853
0.747625 0.6055045871559633
0.8319375 0.5463119266055046
0.8759261363636364 0.5048807339449545
0.9015852272727272 0.40130275229357765
0.8905909090909092 0.32435779816513777
0.8447670454545453 0.26221100917431206
0.7879488636363635 0.20301834862385337
0.6981420454545454 0.19413761467889856
0.622994318181818 0.20893577981651376
0.5313522727272726 0.197100917431193
0.448875 0.20005504587156
0.35906249999999995 0.2444495412844035
0.2820852272727272 0.42201834862385323
0.5533465909090909 0.7653119266055044
0.5075227272727274 0.7297981651376146
0.4103863636363637 0.7209266055045873
0.36089772727272706 0.809706422018349
0.3260738636363637 0.7801100917431196
0.3407329545454545 0.7120458715596335
0.37006249999999985 0.6321376146788993
0.35906249999999995 0.5167247706422017
0.40122159090909093 0.4249816513761466
0.4672045454545455 0.4368165137614684
0.5368522727272727 0.43977064220183437
0.6028295454545456 0.45456880733944954
0.6339886363636363 0.4782477064220185
0.6633181818181819 0.5551926605504584
0.7073068181818181 0.6025412844036699
0.6816420454545454 0.22373394495412793
0.7384602272727272 0.22669724770642236
0.8081136363636364 0.2503669724770639
0.8520965909090908 0.3036422018348622
0.8722613636363634 0.33619266055045854
}
