version: 2
n_points: 55
{
0.6534814814814817 0.17688858695652182
0.5608888888888891 0.09536684782608704
0.43434814814814815 0.038755434782608546
0.30162962962962986 0.016111413043478497
0.1689148148148147 0.05460597826086964
0.05780370370370359 0.14065760869565203
0.023851851851852054 0.2380298913043479
0.02076666666666656 0.35125543478260857
0.06706296296296285 0.4441005434782611
0.11953333333333334 0.5460027173913046
0.18125925925925945 0.6592255434782609
0.26459259259259277 0.7520706521739129
0.3540999999999999 0.8313288043478263
0.4713851851851852 0.899263586956522
0.5886666666666669 0.9490815217391303
0.6874333333333332 0.9807853260869568
0.7707666666666666 0.9875788043478263
0.8695333333333334 0.9785190217391305
0.9374333333333332 0.9558749999999998
0.9837296296296295 0.9128505434782611
0.5948407407407407 0.38975271739130457
0.5948407407407407 0.30143750000000025
0.5886666666666669 0.21085597826086963
0.4960740740740743 0.1474510869565216
0.3942222222222224 0.11574728260869573
0.2831111111111113 0.1474510869565216
0.17817407407407396 0.19047554347826096
0.14113703703703692 0.251616847826087
0.14113703703703692 0.31728804347826073
0.1503962962962962 0.3784293478260868
0.16274074074074094 0.43730706521739154
0.1750888888888889 0.4803315217391303
0.20286666666666667 0.5392092391304351
0.22447037037037026 0.5958206521739129
0.26459259259259277 0.6524320652173914
0.7923703703703706 0.49391847826086943
0.773851851851852 0.5618532608695651
0.7923703703703706 0.6297880434782607
0.8448407407407407 0.6863994565217392
0.7923703703703706 0.7158396739130437
0.7059518518518517 0.6931929347826088
0.6010148148148148 0.6297880434782607
0.48681481481481503 0.6411114130434785
0.3973111111111111 0.611671195652174
0.32014814814814835 0.5663831521739133
0.29545925925925925 0.4893885869565218
0.29545925925925925 0.41692663043478284
0.3695333333333333 0.3716358695652172
0.47755555555555573 0.34219836956521765
0.5547185185185185 0.3150244565217394
0.18743333333333323 0.430513586956522
0.19977777777777797 0.35804891304347813
0.2182962962962965 0.3082309782608698
0.2337296296296295 0.2470896739130437
0.25224814814814805 0.19047554347826096
}
