version: 2
n_points: 55
{
0.13625974025974025 0.9457821782178218
0.0702943722943723 0.7289009900990102
0.024943722943722945 0.5214554455445541
0.029064935064935057 0.3564356435643564
0.08472294372294371 0.1725643564356436
0.16718181818181818 0.07826732673267323
0.25582251082251095 0.049980198019802025
0.3692034632034632 0.06411881188118806
0.47639826839826843 0.10184158415841582
0.5588528138528139 0.13955445544554457
0.6351255411255411 0.17727722772277232
0.7031558441558441 0.2291386138613859
0.7753030303030304 0.2951485148514852
0.8185930735930738 0.3470099009900991
0.8783766233766233 0.38943564356435667
0.9237272727272726 0.47430693069306906
0.9649567099567098 0.5968910891089109
0.9793852813852814 0.7336138613861389
0.9587705627705627 0.8467722772277227
0.9092987012987013 0.9127722772277227
0.5052554112554113 0.8467722772277227
0.396 0.8326237623762379
0.2908658008658009 0.8279108910891092
0.20222510822510822 0.7194752475247522
0.14656709956709957 0.582742574257426
0.11152380952380953 0.42715841584158387
0.12595238095238095 0.2998613861386139
0.15481385281385282 0.2291386138613859
0.2249004329004329 0.16784158415841577
0.27643722943722954 0.148990099009901
0.35683549783549773 0.17727722772277232
0.45165800865800876 0.2008514851485148
0.5361774891774893 0.22442574257425718
0.6206969696969695 0.2527128712871287
0.6722337662337663 0.33757425742574276
0.5052554112554113 0.9504950495049505
0.5444242424242425 0.8892079207920792
0.696969696969697 0.879772277227723
0.7423203463203463 0.9504950495049505
0.7897359307359306 0.9222079207920789
0.7340735930735932 0.8184851485148512
0.6578008658008658 0.7854752475247527
0.6413116883116882 0.625178217821782
0.6103896103896104 0.5261683168316829
0.56091341991342 0.5261683168316829
0.5031948051948052 0.5686039603960393
0.45784415584415583 0.611029702970297
0.4248614718614717 0.672326732673267
0.40630735930735945 0.7289009900990102
0.39806060606060606 0.809049504950495
0.5485454545454546 0.2998613861386139
0.4413506493506493 0.27157425742574226
0.3382813852813852 0.3281485148514849
0.259948051948052 0.41300990099009893
0.1816103896103896 0.5355940594059408
}
