version: 2
n_points: 55
{
0.8922913165266106 0.3648011695906433
0.946310924369748 0.26246198830409356
0.9843277310924369 0.15803508771929825
0.9803249299719888 0.09746491228070184
0.9423109243697478 0.05778362573099415
0.8942913165266106 0.03271929824561403
0.8102577030812325 0.016011695906432744
0.718221288515406 0.02854385964912281
0.6281848739495797 0.04942982456140343
0.5341456582633055 0.08493567251461989
0.42810364145658253 0.1455029239766082
0.3100560224089637 0.25410818713450284
0.21401960784313723 0.35226900584795323
0.1279831932773111 0.4754941520467837
0.045952380952380856 0.6154269005847953
0.01994117647058835 0.7135906432748538
0.011938375350139863 0.8138391812865496
0.01994117647058835 0.886938596491228
0.04795238095238108 0.9349766081871344
0.06996078431372543 0.9871900584795322
0.5801652661064427 0.5506812865497077
0.6942100840336134 0.47967251461988303
0.7962521008403362 0.39821637426900586
0.8662801120448179 0.30423391812865497
0.9042941176470589 0.2123362573099416
0.8922913165266106 0.13714912280701747
0.8542745098039215 0.08493567251461989
0.7882492997198879 0.06195906432748537
0.6822072829131653 0.07031578947368422
0.6001736694677869 0.09955555555555556
0.5041344537815127 0.1455029239766082
0.4000924369747898 0.22277777777777777
0.3020532212885153 0.3125877192982455
0.25603641456582626 0.40030701754385956
0.24002801120448192 0.4901140350877194
0.5541540616246498 0.6091608187134504
0.47612324929971983 0.6404912280701754
0.4221008403361346 0.6885263157894737
0.4000924369747898 0.7261198830409358
0.3480728291316525 0.7762456140350877
0.3480728291316525 0.692704678362573
0.3840868347338936 0.6070730994152047
0.3700812324929973 0.5506812865497077
0.3700812324929973 0.44207602339181284
0.4161008403361345 0.3710672514619882
0.480126050420168 0.34600292397660826
0.5541540616246498 0.36271345029239765
0.6061764705882352 0.391953216374269
0.6621988795518207 0.39821637426900586
0.7062156862745099 0.44625438596491235
0.5241428571428572 0.1705643274853802
0.6061764705882352 0.16012280701754386
0.6902100840336134 0.16847660818713459
0.7782436974789917 0.14132456140350885
0.8522745098039216 0.17683040935672514
}
