version: 2
n_points: 55
{
0.11666666666666667 0.2941176470588235
0.05555555555555555 0.42156862745098034
0.027777777777777776 0.5686274509803921
0.03333333333333333 0.7058823529411764
0.09444444444444444 0.8137254901960784
0.16666666666666666 0.9019607843137255
0.2611111111111111 0.9509803921568627
0.37777777777777777 0.9509803921568627
0.4777777777777778 0.9019607843137255
0.5722222222222222 0.8627450980392157
0.65 0.803921568627451
0.7277777777777777 0.7352941176470589
0.7944444444444444 0.6470588235294117
0.8777777777777778 0.5588235294117647
0.9166666666666666 0.48039215686274506
0.9555555555555556 0.38235294117647056
0.9722222222222222 0.28431372549019607
0.9722222222222222 0.20588235294117652
0.9277777777777778 0.10784313725490191
0.8666666666666667 0.0490196078431373
0.42777777777777776 0.2647058823529411
0.34444444444444444 0.2941176470588235
0.25 0.36274509803921573
0.17222222222222222 0.4509803921568627
0.11666666666666667 0.5490196078431373
0.11666666666666667 0.696078431372549
0.17222222222222222 0.8333333333333334
0.26666666666666666 0.8627450980392157
0.35555555555555557 0.8627450980392157
0.45555555555555555 0.8235294117647058
0.5166666666666667 0.7843137254901961
0.5722222222222222 0.7549019607843137
0.6166666666666667 0.7058823529411764
0.6611111111111111 0.6470588235294117
0.7166666666666667 0.5490196078431373
0.45555555555555555 0.196078431372549
0.5111111111111111 0.23529411764705888
0.6 0.23529411764705888
0.6388888888888888 0.17647058823529416
0.6944444444444444 0.12745098039215685
0.6944444444444444 0.18627450980392157
0.65 0.2549019607843137
0.6444444444444445 0.37254901960784315
0.6166666666666667 0.4901960784313726
0.5666666666666667 0.5784313725490196
0.49444444444444446 0.5980392156862745
0.43333333333333335 0.5784313725490196
0.4111111111111111 0.5
0.37777777777777777 0.4117647058823529
0.36666666666666664 0.32352941176470584
0.45555555555555555 0.7843137254901961
0.37777777777777777 0.7549019607843137
0.3 0.7450980392156863
0.2222222222222222 0.7058823529411764
0.15 0.6568627450980392
}
