version: 2
n_points: 55
{
0.8479644444444443 0.8304302325581399
0.9238888888888889 0.7093023255813954
0.9683333333333334 0.5445697674418601
0.9738888888888889 0.3798488372093027
0.9220355555555557 0.1957325581395352
0.8535199999999998 0.1085232558139538
0.755368888888889 0.06976744186046512
0.6572222222222222 0.0649186046511631
0.5609244444444443 0.0649186046511631
0.4646311111111112 0.07461627906976713
0.3942577777777776 0.09883720930232558
0.3164799999999999 0.11337209302325581
0.25722222222222224 0.16182558139534853
0.20166666666666666 0.25387209302325614
0.13870222222222206 0.36046511627906974
0.07203555555555541 0.41375581395348804
0.022035555555555475 0.49127906976744184
0.018333333333333313 0.6124069767441864
0.04240888888888905 0.752906976744186
0.04796444444444459 0.9176395348837213
0.5516666666666667 0.8061976744186043
0.6405555555555555 0.8013604651162795
0.7498133333333334 0.752906976744186
0.8164800000000001 0.6463139534883717
0.885 0.5494186046511628
0.9035199999999999 0.3798488372093027
0.8979644444444443 0.22965116279069767
0.8294444444444444 0.1569767441860465
0.7405555555555556 0.16666279069767473
0.6516666666666666 0.17636046511627876
0.5572222222222223 0.16666279069767473
0.47759111111111097 0.1521279069767445
0.39796444444444457 0.18119767441860496
0.3387022222222221 0.2829418604651166
0.29055555555555557 0.3846860465116276
0.4942577777777777 0.9418604651162791
0.4312977777777779 0.8449651162790701
0.3757422222222223 0.7965116279069767
0.32944444444444443 0.8595000000000004
0.2701866666666668 0.8255813953488372
0.2979644444444446 0.714151162790698
0.3683333333333333 0.622093023255814
0.3757422222222223 0.4573604651162787
0.4109244444444443 0.3313953488372093
0.4831466666666665 0.25872093023255816
0.5442577777777776 0.3217093023255811
0.5905555555555555 0.4379883720930236
0.6164799999999999 0.5542674418604655
0.6331466666666665 0.660848837209302
0.6424088888888888 0.7480581395348834
0.6072222222222222 0.20543023255813922
0.6887022222222223 0.32654651162790727
0.7535199999999999 0.38953488372093026
0.7998133333333335 0.41375581395348804
0.835 0.5154999999999996
}
