version: 2
n_points: 55
{
0.8760054945054945 0.38808029197080274
0.9401098901098902 0.5194671532846713
0.9712417582417584 0.6459854014598541
0.9602527472527473 0.7627737226277372
0.9053076923076924 0.8503649635036497
0.826554945054945 0.916058394160584
0.7423076923076924 0.9525547445255474
0.6452362637362636 0.9622846715328469
0.5408406593406593 0.9282262773722626
0.4620879120879122 0.8819927007299272
0.3723406593406594 0.8235985401459855
0.28626373626373636 0.765204379562044
0.203846153846154 0.6605839416058394
0.1342472527472527 0.546226277372263
0.07197802197802206 0.4391751824817516
0.03717582417582399 0.3175182481751825
0.02618681318681293 0.22992700729927007
0.031681318681318515 0.16180291970802896
0.04450549450549468 0.09610948905109473
0.050000000000000155 0.030416058394160395
0.5591538461538463 0.276153284671533
0.6470659340659342 0.32724817518248195
0.7514615384615386 0.3929416058394163
0.7917582417582418 0.4197080291970803
0.8430384615384615 0.5316277372262775
0.8412087912087913 0.6411167883211681
0.7990824175824176 0.7579051094890513
0.7642857142857145 0.8333357664233575
0.6873626373626375 0.8503649635036497
0.5976153846153847 0.8138686131386861
0.5023791208791208 0.7846715328467153
0.4217912087912089 0.7384452554744523
0.36135164835164846 0.6751824817518248
0.3192307692307693 0.5924598540145983
0.26611538461538453 0.5024306569343068
0.5463351648351649 0.21532846715328469
0.5060439560439562 0.2542554744525549
0.4272857142857144 0.2615547445255476
0.3723406593406594 0.2007299270072993
0.31007142857142855 0.16910218978102165
0.2990824175824175 0.3004890510948903
0.3247252747252749 0.3783430656934309
0.33571428571428585 0.4537737226277371
0.3741758241758243 0.5316277372262775
0.4437692307692309 0.5802919708029197
0.5170329670329672 0.5827226277372265
0.5701428571428573 0.5559635036496349
0.6140989010989012 0.5121678832116786
0.6452362637362636 0.4537737226277371
0.6708791208791209 0.38078102189781005
0.45475824175824187 0.7019489051094889
0.5445054945054946 0.7311459854014597
0.6379120879120881 0.7335766423357664
0.7093406593406595 0.7214087591240879
0.7642857142857145 0.7092481751824815
}
