version: 2
n_points: 55
{
0.9127594936708862 0.4702435897435894
0.9352151898734178 0.5901794871794871
0.9658417721518988 0.7183846153846153
0.9556329113924051 0.8548589743589741
0.9147974683544304 0.8962179487179484
0.8617151898734178 0.9293076923076922
0.7820886075949367 0.9334358974358974
0.7106329113924048 0.9168974358974356
0.6391772151898735 0.8548589743589741
0.5799683544303798 0.784551282051282
0.49217721518987345 0.7556025641025643
0.4003037974683543 0.6811666666666663
0.328848101265823 0.6563461538461537
0.27372151898734176 0.6150000000000003
0.20022151898734175 0.5984487179487177
0.14101265822784792 0.5488205128205128
0.06955696202531647 0.4330256410256411
0.028721518987341876 0.2593333333333334
0.03688607594936688 0.11457692307692324
0.05526582278481029 0.0525512820512819
0.6208037974683543 0.3089615384615383
0.6840949367088607 0.37926923076923114
0.7453417721518988 0.4330256410256411
0.7943417721518986 0.5157435897435898
0.8249683544303799 0.5984487179487177
0.8474240506329112 0.7266538461538459
0.863759493670886 0.8507307692307696
0.790259493670886 0.8631282051282053
0.7249240506329115 0.8383205128205129
0.6636772151898733 0.7886923076923074
0.6024240506329113 0.784551282051282
0.5166772151898733 0.7597435897435896
0.4472594936708859 0.7101153846153847
0.38601265822784814 0.6563461538461537
0.3227215189873418 0.5488205128205128
0.561594936708861 0.28414102564102584
0.5064683544303796 0.2965512820512817
0.4166329113924049 0.3337692307692307
0.33905063291139237 0.3089615384615383
0.294139240506329 0.26346153846153864
0.3002594936708859 0.3089615384615383
0.3615126582278483 0.3461794871794873
0.37172151898734196 0.4537051282051283
0.3982594936708862 0.532282051282051
0.46767721518987326 0.639807692307692
0.5248417721518988 0.6522179487179486
0.5840506329113923 0.6687564102564104
0.6208037974683543 0.6522179487179486
0.6595949367088608 0.5653717948717947
0.6861329113924051 0.4537051282051283
0.6902151898734176 0.7721538461538463
0.7228860759493672 0.7721538461538463
0.7555506329113925 0.7721538461538463
0.7841329113924049 0.7804230769230768
0.8167974683544302 0.784551282051282
}
