version: 2
n_points: 55
{
0.904760233918129 0.4116308724832216
0.9548888888888886 0.5490604026845638
0.9660233918128658 0.7088523489932888
0.9270409356725147 0.8590604026845637
0.8434970760233922 0.9357651006711407
0.7265380116959068 0.964523489932886
0.5900877192982454 0.9421543624161072
0.5009766081871347 0.9006040268456376
0.4062923976608187 0.8494697986577183
0.311614035087719 0.8015369127516777
0.21136257309941542 0.6960671140939597
0.13617543859649095 0.5778187919463089
0.08604678362573137 0.47555033557047
0.07491228070175404 0.3828724832214765
0.03314035087719314 0.2901879194630872
0.027567251461988573 0.18153020134228193
0.03592397660818736 0.10482550335570484
0.08326315789473715 0.04410067114093974
0.1500994152046785 0.03132214765100649
0.21692982456140364 0.037711409395973394
0.6067953216374266 0.3636912751677852
0.7014736842105262 0.4244161073825503
0.7766666666666664 0.4851409395973154
0.8295730994152045 0.5810134228187922
0.8462807017543863 0.6832885906040269
0.8100818713450293 0.7951409395973155
0.7153976608187133 0.8878255033557048
0.6179356725146201 0.8782348993288592
0.5232514619883041 0.8398859060402682
0.45920467836257306 0.8111208053691277
0.39794152046783626 0.7695771812080535
0.3422456140350877 0.7088523489932888
0.2726257309941522 0.6321476510067114
0.23085380116959064 0.5714295302013421
0.21692982456140364 0.5362751677852347
0.5984385964912279 0.29657718120805365
0.5371754385964911 0.3093624161073827
0.4480643274853803 0.2742080536912753
0.3951520467836259 0.17513422818791968
0.311614035087719 0.16234899328859054
0.3171812865497079 0.26781879194630853
0.333888888888889 0.37328187919463107
0.33667251461988323 0.48194630872483224
0.3311052631578949 0.5842147651006712
0.4007251461988304 0.6481275167785236
0.5009766081871347 0.6225637583892618
0.5538830409356729 0.5906040268456376
0.5900877192982454 0.5490604026845638
0.6262865497076024 0.49153020134228187
0.6513508771929823 0.4244161073825503
0.4174327485380115 0.7152416107382552
0.5037602339181289 0.7472013422818794
0.6123625730994156 0.7440067114093962
0.695906432748538 0.702463087248322
0.7627426900584794 0.6513288590604027
}
