version: 2
n_points: 55
{
0.8790821917808219 0.8465324675324675
0.9418698630136985 0.6914025974025974
0.9627945205479451 0.47135064935064913
0.9247465753424656 0.2909740259740256
0.8467397260273974 0.135857142857143
0.7458972602739726 0.06731168831168821
0.6526712328767125 0.07812987012987038
0.5632534246575344 0.13945454545454544
0.4662191780821917 0.20800000000000024
0.3844109589041097 0.262116883116883
0.31971917808219164 0.31262337662337664
0.26264383561643834 0.3775584415584416
0.2169794520547943 0.45692207792207784
0.17512328767123275 0.4785584415584414
0.12184931506849328 0.532675324675325
0.06477397260273965 0.5976103896103898
0.03243150684931517 0.6733636363636363
0.028623287671232678 0.7960259740259737
0.07428767123287672 0.9295064935064935
0.17512328767123275 0.9475454545454547
0.62413698630137 0.6950129870129873
0.7059452054794519 0.7671688311688312
0.7896575342465755 0.7491298701298701
0.858150684931507 0.7274805194805197
0.8904999999999998 0.6084285714285713
0.888595890410959 0.4280649350649352
0.8448356164383561 0.2729350649350652
0.7763424657534247 0.18996103896103908
0.6983356164383561 0.19357142857142823
0.6222328767123289 0.22242857142857156
0.542321917808219 0.24407792207792187
0.4719246575342466 0.2945844155844155
0.420554794520548 0.3414805194805193
0.37869863013698646 0.4064155844155842
0.3444520547945207 0.4605324675324677
0.5917876712328768 0.9114675324675324
0.5251986301369862 0.8248831168831171
0.4700273972602741 0.7996363636363637
0.40343150684931517 0.8537402597402597
0.3444520547945207 0.8645714285714287
0.3653835616438357 0.7743766233766235
0.42436301369863005 0.7166623376623376
0.441486301369863 0.6372987012987014
0.44909589041095876 0.5254675324675326
0.48904794520547956 0.45692207792207784
0.5461301369863014 0.4605324675324677
0.5898904109589043 0.4857792207792204
0.6336506849315067 0.5471038961038962
0.6640890410958904 0.6300779220779223
0.711650684931507 0.7310909090909089
0.5213972602739727 0.3090129870129868
0.5670547945205481 0.2945844155844155
0.6336506849315067 0.25128571428571417
0.7002397260273974 0.22964935064935055
0.7668287671232876 0.23685714285714285
}
