version: 2
n_points: 55
{
0.7456915422885573 0.03817886178861807
0.840865671641791 0.1760325203252031
0.9209004975124379 0.32803252032520336
0.9749800995024875 0.49769918699186977
0.9728159203980099 0.6532357723577237
0.9100895522388059 0.8123008130081302
0.825726368159204 0.9183495934959349
0.7370398009950248 0.9572276422764225
0.6548407960199005 0.9466260162601626
0.5358706467661691 0.9324878048780489
0.4536716417910447 0.9112764227642276
0.35416915422885564 0.8829999999999998
0.27413432835820895 0.8405772357723579
0.21789552238805987 0.7804878048780488
0.15949253731343283 0.7027235772357724
0.10325373134328364 0.6390975609756095
0.04700995024875598 0.5436585365853659
0.024432835820895282 0.44601626016260176
0.02957711442786093 0.3591056910569107
0.048452736318408074 0.2862195121951219
0.5974278606965175 0.2834146341463416
0.686636815920398 0.2778048780487806
0.7501144278606966 0.3030406504065041
0.8153084577114429 0.37592682926829246
0.8650597014925374 0.48246341463414644
0.8942238805970149 0.6226341463414635
0.8873582089552238 0.7572032520325205
0.8410398009950247 0.8469105691056912
0.7569751243781093 0.9057886178861787
0.6763432835820895 0.8973739837398375
0.6060099502487561 0.8889674796747968
0.5373830845771145 0.8721463414634146
0.46361691542288563 0.8553252032520324
0.4052885572139304 0.8328943089430896
0.3366666666666668 0.7908455284552846
0.5596865671641792 0.1600650406504064
0.5082189054726367 0.2385609756097562
0.40871641791044766 0.2834146341463416
0.3435273631840795 0.27220325203252027
0.29549253731343283 0.2890243902439026
0.32294029850746264 0.42078861788617894
0.3949950248756219 0.47685365853658557
0.41214925373134326 0.5861869918699187
0.43273631840796034 0.6759024390243904
0.4756268656716418 0.6815121951219514
0.5116517412935322 0.6394552845528456
0.5322388059701493 0.5889918699186993
0.5699800995024875 0.5161056910569105
0.6025771144278607 0.43760975609756114
0.6231641791044775 0.30023577235772336
0.393278606965174 0.7740243902439023
0.4567562189054726 0.8188780487804876
0.5493930348258707 0.8244878048780486
0.6488955223880597 0.7403821138211383
0.7432537313432837 0.6562764227642275
}
