version: 2
n_points: 55
{
0.8382464788732394 0.09418461538461476
0.8945845070422536 0.2018769230769224
0.9415281690140845 0.3300769230769237
0.9603098591549296 0.489046153846154
0.9227535211267606 0.6685384615384622
0.8687605633802815 0.7916153846153853
0.7889507042253522 0.8839230769230776
0.7020915492957747 0.9146923076923084
0.6199366197183098 0.9198153846153848
0.5377746478873238 0.9146923076923084
0.4603098591549294 0.889046153846154
0.38050000000000006 0.8634153846153839
0.3006830985915493 0.8326461538461531
0.22087323943661952 0.7608461538461545
0.1387112676056338 0.663415384615384
0.08941549295774653 0.565969230769231
0.047161971830985916 0.43776923076923135
0.030732394366197013 0.29930769230769294
0.037774647887323765 0.18649230769230707
0.06359859154929581 0.07879999999999932
0.5612464788732394 0.23264615384615317
0.6410633802816902 0.25315384615384673
0.7373028169014084 0.2582769230769233
0.8100774647887324 0.29930769230769294
0.882845070422535 0.39161538461538525
0.8875422535211268 0.5711076923076917
0.8358943661971832 0.7146923076923084
0.7607816901408451 0.786492307692307
0.676274647887324 0.822384615384616
0.5917676056338028 0.822384615384616
0.5213450704225353 0.822384615384616
0.4485704225352113 0.7916153846153853
0.3875422535211268 0.7505846153846155
0.33354929577464776 0.6787999999999994
0.3030352112676057 0.5762307692307699
0.46969718309859154 0.06341538461538399
0.44388028169014093 0.16596923076923098
0.3969295774647885 0.24289230769230785
0.33354929577464776 0.20700000000000063
0.26547183098591554 0.1916153846153853
0.2889507042253522 0.31981538461538483
0.3429366197183099 0.3762307692307698
0.34763380281690126 0.5198153846153848
0.3875422535211268 0.5967384615384617
0.45326760563380264 0.6531538461538469
0.5143028169014086 0.6685384615384622
0.5635985915492958 0.6018769230769224
0.5894154929577464 0.489046153846154
0.6081971830985914 0.39161538461538525
0.6128943661971831 0.28904615384615406
0.5408450704225353 0.7608461538461545
0.6302253521126762 0.6780000000000008
0.7060704225352112 0.636584615384616
0.7791971830985917 0.5655846153846159
0.8469154929577465 0.5064153846153852
}
