version: 2
n_points: 55
{
0.8022653061224492 0.22838613861386148
0.8721836734693876 0.34939603960396026
0.947765306122449 0.5217425742574258
0.9742244897959182 0.6794257425742576
0.928872448979592 0.8444455445544553
0.836280612244898 0.914118811881188
0.7399081632653061 0.9434554455445543
0.6492040816326532 0.914118811881188
0.5679489795918367 0.8774455445544556
0.4640204081632652 0.8591089108910892
0.3827653061224492 0.8041089108910892
0.3033979591836735 0.7087623762376238
0.23726020408163284 0.6720891089108911
0.1711224489795916 0.6280891089108912
0.12010204081632636 0.5474158415841583
0.08041836734693852 0.44840594059405925
0.04451530612244914 0.3457227722772278
0.02372959183673451 0.21738613861386125
0.03317857142857161 0.10370297029702957
0.0728622448979589 0.048693069306930736
0.5244846938775509 0.2247128712871287
0.6321989795918365 0.25404950495049494
0.738015306122449 0.3237227722772277
0.8079336734693878 0.41173267326732677
0.8778520408163266 0.5327425742574257
0.9043061224489797 0.6537623762376238
0.892969387755102 0.7710990099009901
0.8192704081632654 0.8151089108910891
0.7550255102040817 0.8151089108910891
0.6813265306122447 0.8004356435643564
0.6246377551020407 0.7894356435643565
0.5490510204081634 0.7674356435643563
0.47724489795918346 0.7270990099009902
0.40543877551020413 0.6574257425742575
0.3449693877551022 0.5584158415841585
0.488581632653061 0.22838613861386148
0.43189285714285686 0.2760495049504951
0.37520408163265284 0.24304950495049504
0.31662755102040796 0.17703960396039609
0.3204030612244897 0.23938613861386138
0.3941020408163267 0.31639603960396023
0.40543877551020413 0.4447326732673268
0.4564591836734694 0.5437425742574258
0.5018112244897961 0.5987524752475246
0.5736173469387753 0.6427524752475249
0.5906224489795915 0.5474158415841583
0.5962908163265308 0.44106930693069313
0.5981836734693879 0.3677326732673266
0.6057397959183675 0.30172277227722766
0.6133010204081633 0.25772277227722773
0.5962908163265308 0.7014257425742574
0.6454234693877553 0.6610891089108912
0.6964438775510207 0.617089108910891
0.7474642857142857 0.5547524752475248
0.7795867346938774 0.48874257425742573
}
