version: 2
n_points: 55
{
0.7513812154696132 0.626984126984127
0.850828729281768 0.5158730158730159
0.9281767955801105 0.4126984126984127
0.9723756906077348 0.24603174603174602
0.9502762430939227 0.12698412698412698
0.8729281767955801 0.07936507936507936
0.7900552486187845 0.03968253968253968
0.7071823204419889 0.07142857142857142
0.6243093922651934 0.11904761904761904
0.5193370165745856 0.15873015873015872
0.425414364640884 0.2222222222222222
0.3204419889502762 0.29365079365079366
0.24309392265193375 0.38095238095238093
0.18232044198895025 0.4603174603174603
0.12154696132596687 0.5476190476190477
0.07182320441988954 0.6190476190476191
0.03314917127071826 0.7063492063492064
0.027624309392265234 0.8015873015873016
0.05524861878453036 0.8968253968253969
0.11602209944751385 0.9603174603174603
0.5966850828729282 0.6190476190476191
0.6795580110497237 0.5555555555555556
0.7679558011049724 0.49206349206349204
0.8453038674033149 0.42857142857142855
0.8784530386740331 0.373015873015873
0.8839779005524862 0.2857142857142857
0.861878453038674 0.1984126984126984
0.8453038674033149 0.15079365079365079
0.7900552486187845 0.14285714285714285
0.7127071823204421 0.1746031746031746
0.6408839779005524 0.1984126984126984
0.5524861878453038 0.21428571428571427
0.4861878453038674 0.24603174603174602
0.39226519337016574 0.31746031746031744
0.3259668508287292 0.40476190476190477
0.6077348066298343 0.7142857142857143
0.56353591160221 0.6904761904761905
0.4640883977900553 0.7063492063492064
0.4033149171270718 0.7936507936507936
0.3259668508287292 0.8412698412698413
0.34806629834254144 0.7142857142857143
0.3867403314917127 0.6428571428571429
0.3812154696132597 0.5476190476190477
0.4088397790055248 0.47619047619047616
0.4696132596685083 0.42063492063492064
0.5193370165745856 0.40476190476190477
0.574585635359116 0.42063492063492064
0.6132596685082873 0.4365079365079365
0.6574585635359116 0.46825396825396826
0.6795580110497237 0.5238095238095238
0.6740331491712708 0.21428571428571427
0.7348066298342542 0.20634920634920634
0.7845303867403315 0.20634920634920634
0.8121546961325967 0.20634920634920634
0.8397790055248618 0.20634920634920634
}
