version: 2
n_points: 55
{
0.9026369168356998 0.19663333333333333
0.9468924949290061 0.37845185185185193
0.9727079107505072 0.5333333333333333
0.9893042596348887 0.7151518518518518
0.9598012170385396 0.846462962962963
0.8952616632860041 0.9373740740740741
0.821501014198783 0.9676777777777779
0.7422089249492902 0.9811444444444444
0.6481643002028399 0.9676777777777779
0.5633407707910753 0.9373740740740741
0.4729858012170386 0.8868703703703703
0.3697221095334684 0.8397296296296295
0.29227383367139936 0.7858592592592593
0.2202251521298173 0.726574074074074
0.15212981744421905 0.6445629629629629
0.08837931034482738 0.5361
0.031874239350912714 0.3985333333333333
0.008693711967545759 0.26890370370370387
0.018835699797160377 0.12604444444444463
0.0608519269776876 0.014933333333333465
0.5491156186612575 0.258322222222222
0.6447403651115617 0.2715481481481481
0.7331217038539555 0.2847777777777777
0.7997687626774849 0.3509148148148149
0.8345415821501017 0.4646703703703704
0.8606206896551725 0.5651999999999999
0.87510953346856 0.7345111111111111
0.8649675456389454 0.8403333333333333
0.8070121703853954 0.8562037037037038
0.715734279918864 0.8826592592592593
0.6172129817444221 0.8853037037037036
0.5244847870182554 0.8244592592592592
0.4216166328600405 0.7768407407407408
0.3491744421906694 0.7054111111111112
0.30570791075050696 0.6789555555555555
0.5737464503042595 0.08900740740740753
0.5143427991886408 0.1577925925925927
0.45059432048681547 0.20805555555555544
0.3940892494929007 0.19747407407407402
0.3100547667342799 0.1868925925925926
0.33468559837728196 0.27419259259259277
0.3969858012170384 0.3271037037037037
0.40857809330628825 0.5096444444444443
0.4317586206896551 0.6075259259259258
0.5172413793103448 0.6604370370370369
0.591133874239351 0.6657296296296297
0.6606774847870182 0.5757814814814814
0.672269776876268 0.4699629629629629
0.6606774847870182 0.37207777777777784
0.6592292089249493 0.30594074074074085
0.5592576064908721 0.8138777777777778
0.6230081135902638 0.8165222222222223
0.6896551724137931 0.7900666666666666
0.7563022312373224 0.7530296296296296
0.8258478701825558 0.718637037037037
}
