version: 2
n_points: 55
{
0.880494117647059 0.5785241935483868
0.9592823529411765 0.40128225806451623
0.9653705882352941 0.28170161290322565
0.9045176470588234 0.15656451612903216
0.8132352941176471 0.07313709677419368
0.7179058823529411 0.04533064516129017
0.6245941176470587 0.056451612903225805
0.5434588235294115 0.12319354838709685
0.44001176470588244 0.17325000000000004
0.36293529411764713 0.22052419354838732
0.2939705882352942 0.2789193548387098
0.23717058823529424 0.35400806451612943
0.17023529411764704 0.4235241935483875
0.11141176470588232 0.5069516129032255
0.06070000000000009 0.6070645161290319
0.036358823529411666 0.6904919354838708
0.030276470588235238 0.7600080645161289
0.028247058823529514 0.8406532258064515
0.046505882352941175 0.8879274193548383
0.05055882352941188 0.9602338709677416
0.5231764705882354 0.6738064516129034
0.6002588235294117 0.6543387096774196
0.693564705882353 0.5931612903225808
0.7787529411764704 0.4958306451612899
0.8193235294117649 0.4096209677419355
0.8558352941176471 0.284483870967742
0.8639470588235293 0.1927177419354838
0.7828117647058822 0.15378225806451626
0.7016764705882355 0.11484677419354827
0.6347411764705883 0.1509999999999999
0.5536058823529412 0.22330645161290322
0.4440705882352942 0.27336290322580636
0.34062352941176477 0.32341129032258026
0.2736823529411765 0.3984999999999999
0.22094705882352927 0.5041693548387101
0.5028941176470589 0.7016129032258065
0.4542117647058824 0.7043951612903228
0.41161764705882364 0.7266370967741932
0.3446764705882355 0.7933790322580647
0.25745882352941163 0.8462177419354842
0.2736823529411765 0.7739193548387098
0.31019411764705884 0.7294193548387095
0.3243941176470587 0.6571209677419351
0.36901764705882356 0.5542258064516132
0.4278411764705883 0.49026612903225814
0.4886941176470587 0.49861290322580626
0.5475176470588234 0.531983870967742
0.5921411764705882 0.5486612903225806
0.6185117647058823 0.5625725806451614
0.6266235294117648 0.6154032258064511
0.4237882352941176 0.3178548387096773
0.5333176470588235 0.2928225806451613
0.6225705882352941 0.2622338709677419
0.7037058823529412 0.2483306451612904
0.7807823529411765 0.284483870967742
}
