version: 2
n_points: 55
{
0.8828928571428573 0.42611428571428567
0.9299897959183674 0.5286857142857143
0.9672704081632653 0.6751999999999998
0.9711989795918369 0.7924190476190477
0.9417602040816325 0.8876571428571429
0.8848571428571429 0.9316095238095237
0.8122500000000001 0.9499238095238094
0.7219795918367347 0.9462666666666667
0.6356377551020407 0.9426000000000001
0.5748061224489796 0.9242857142857144
0.5041632653061223 0.9059714285714286
0.41389795918367356 0.8693428571428572
0.33540306122448993 0.8070666666666666
0.25887244897959205 0.7118285714285713
0.1941173469387757 0.6422380952380953
0.13524489795918382 0.547
0.06656632653061234 0.4297809523809525
0.02143367346938785 0.2869238095238096
0.029280612244898085 0.16238095238095251
0.05675510204081646 0.04150476190476193
0.6376020408163267 0.40414285714285714
0.7219795918367347 0.47007619047619054
0.7886989795918367 0.5360095238095239
0.8279489795918369 0.6312476190476191
0.8613061224489795 0.7374761904761905
0.8671938775510205 0.7960761904761904
0.831872448979592 0.8656761904761904
0.7455306122448981 0.8693428571428572
0.6591887755102042 0.8656761904761904
0.610127551020408 0.8693428571428572
0.5571479591836737 0.8839904761904761
0.4884642857142856 0.8656761904761904
0.4295969387755103 0.8510285714285715
0.3805357142857144 0.7850952380952381
0.32166836734693893 0.6751999999999998
0.5532244897959184 0.33454285714285725
0.4825765306122448 0.352857142857143
0.4217448979591838 0.3821619047619048
0.3589540816326532 0.32721904761904763
0.29419387755102056 0.27226666666666666
0.3236326530612246 0.3675047619047619
0.39231122448979605 0.4444285714285714
0.40997448979591844 0.5799619047619047
0.42370918367346955 0.6788666666666667
0.47669387755102044 0.7631142857142859
0.543408163265306 0.7594476190476189
0.5905051020408162 0.7154952380952382
0.6238673469387757 0.645895238095238
0.6258265306122448 0.532342857142857
0.6160153061224489 0.4334476190476191
0.7167091836734696 0.8305333333333332
0.7613520408163267 0.8097047619047619
0.7804846938775512 0.7858952380952382
0.8075867346938774 0.7680380952380953
0.8346938775510205 0.7620857142857144
}
