version: 2
n_points: 55
{
0.8642062500000002 0.08916666666666606
0.8982937499999999 0.2596249999999998
0.9579562500000002 0.486902777777778
0.9664750000000002 0.6889166666666664
0.8982937499999999 0.8215000000000003
0.8102250000000002 0.8719999999999999
0.72215625 0.9288194444444444
0.6539750000000002 0.8909444444444448
0.5732125 0.8555416666666673
0.5040187499999998 0.8208194444444451
0.4303562500000002 0.8406666666666669
0.3522312500000002 0.8059444444444447
0.28303750000000005 0.7216111111111114
0.21160625000000022 0.647208333333334
0.13794375000000014 0.5430416666666673
0.07544375000000014 0.4388750000000007
0.028568750000000143 0.30990277777777764
0.026337500000000014 0.17597222222222164
0.05535625000000022 0.09661111111111131
0.11116250000000005 0.061888888888889104
0.6022312500000002 0.16605555555555584
0.6803562500000002 0.260305555555555
0.7696437499999998 0.35455555555555585
0.834375 0.41406944444444427
0.8723187500000001 0.48847222222222164
0.8834812500000002 0.6025694444444443
0.8700875 0.7513750000000007
0.803125 0.7761805555555554
0.725 0.8059444444444447
0.6513375 0.8109027777777776
0.5866062500000002 0.7761805555555554
0.5151812499999998 0.7563333333333335
0.43928750000000005 0.7513750000000007
0.334375 0.6918472222222221
0.2450875 0.5331249999999998
0.5732125 0.17597222222222164
0.5040187499999998 0.2851111111111114
0.42366250000000005 0.25534722222222206
0.3589312499999998 0.1710138888888887
0.2875 0.15613888888888838
0.2763375 0.23550000000000026
0.3433062499999998 0.28013888888888827
0.3522312500000002 0.4091111111111113
0.396875 0.5083194444444451
0.45714374999999985 0.5231944444444439
0.5174125 0.47855555555555584
0.56875 0.4487916666666665
0.6044625 0.394236111111111
0.6401812499999998 0.34462499999999985
0.6558062499999998 0.27518055555555543
0.6022312500000002 0.7315277777777772
0.6714312499999998 0.6769722222222216
0.7495562499999998 0.6224027777777776
0.8098187500000001 0.5976111111111113
0.8611625 0.5876805555555553
}
