version: 2
n_points: 55
{
0.8679432989690722 0.954835051546392
0.9243969072164948 0.7731958762886598
0.9734896907216495 0.6357422680412368
0.9661288659793814 0.4590103092783505
0.9415824742268042 0.2822783505154636
0.8851237113402062 0.1939175257731959
0.8114896907216496 0.15463917525773196
0.7304845360824742 0.10063917525773196
0.6445773195876289 0.08590721649484563
0.5684845360824742 0.08590721649484563
0.497298969072165 0.071185567010309
0.4187525773195876 0.06136082474226802
0.3524793814432988 0.07609278350515435
0.27393298969072155 0.09082474226804126
0.20274742268041246 0.13009278350515494
0.14384020618556692 0.2135463917525773
0.09720103092783516 0.29209278350515494
0.05056701030927835 0.4295567010309276
0.02110824742268058 0.6111958762886598
0.03338144329896908 0.7781030927835051
0.5586649484536083 0.8271958762886598
0.6396649484536082 0.7879278350515461
0.7427577319587628 0.7584639175257735
0.8213041237113402 0.7290103092783505
0.8703969072164949 0.5964639175257734
0.8802164948453608 0.4884639175257729
0.8556701030927836 0.3853711340206183
0.7918505154639175 0.2822783505154636
0.7255773195876289 0.2135463917525773
0.6666649484536082 0.18900000000000028
0.5807577319587629 0.16445360824742267
0.4899381443298969 0.1693711340206183
0.3991185567010308 0.15954639175257732
0.3082989690721649 0.179185567010309
0.23711340206185572 0.29209278350515494
0.5365721649484536 0.8910206185567008
0.4923917525773196 0.7879278350515461
0.39420618556701026 0.7388350515463915
0.2984793814432988 0.8222886597938145
0.2101134020618557 0.7879278350515461
0.2223865979381442 0.6701030927835051
0.3058402061855672 0.5621030927835051
0.3033865979381445 0.4148247422680412
0.3598453608247423 0.4148247422680412
0.4334793814432991 0.43937113402061884
0.4923917525773196 0.4737319587628866
0.5488453608247423 0.5375567010309276
0.5856649484536083 0.5768247422680413
0.5979381443298969 0.6799175257731959
0.6053041237113402 0.7731958762886598
0.5709381443298969 0.2135463917525773
0.634757731958763 0.26754639175257733
0.7010309278350515 0.3264639175257729
0.7771237113402062 0.3804639175257729
0.8360309278350515 0.4639175257731959
}
