version: 2
n_points: 55
{
0.19817977528089895 0.6741666666666665
0.1466741573033708 0.5734666666666669
0.07644943820224721 0.44499999999999984
0.057730337078651744 0.3269333333333331
0.07644943820224721 0.20541666666666647
0.13965168539325845 0.13249999999999984
0.22158426966292138 0.08388333333333353
0.3081910112359551 0.0908333333333331
0.4088539325842697 0.1220833333333331
0.5001460674157304 0.1984666666666669
0.5797303370786517 0.27138333333333353
0.6616629213483146 0.3269333333333331
0.722516853932584 0.38249999999999984
0.7833820224719101 0.4658333333333331
0.8278539325842693 0.5422166666666669
0.8910561797752806 0.6220833333333331
0.9308539325842697 0.7019333333333331
0.9448988764044944 0.7922166666666669
0.9331910112359547 0.8720833333333331
0.9144719101123593 0.9310999999999997
0.38543820224719105 0.6915166666666664
0.3035168539325843 0.6324999999999998
0.23329213483146075 0.5526333333333336
0.17944943820224724 0.4484666666666669
0.14902247191011242 0.3547166666666669
0.15369662921348318 0.23318333333333308
0.22626966292134837 0.14291666666666647
0.3011685393258427 0.16374999999999984
0.37841573033707865 0.18109999999999982
0.45332584269662923 0.22276666666666645
0.5001460674157304 0.2818000000000003
0.5493033707865169 0.3095833333333331
0.6007977528089888 0.34776666666666645
0.6452696629213484 0.4068000000000003
0.6710224719101124 0.45888333333333353
0.4463033707865169 0.8026333333333336
0.5305730337078652 0.8026333333333336
0.5820674157303372 0.7852666666666664
0.638247191011236 0.8443000000000003
0.6733595505617977 0.8581833333333331
0.6757078651685394 0.7713833333333336
0.6359101123595506 0.6810999999999997
0.6054831460674158 0.5734666666666669
0.6031348314606741 0.49013333333333353
0.5633483146067416 0.3998499999999998
0.4977977528089888 0.3685999999999998
0.43928089887640454 0.3859666666666669
0.4088539325842697 0.44499999999999984
0.3760786516853933 0.5387499999999998
0.3362808988764045 0.6220833333333331
0.4650337078651686 0.28874999999999984
0.41821348314606743 0.28874999999999984
0.3760786516853933 0.2748499999999998
0.33160674157303377 0.2158333333333331
0.2777640449438203 0.18805000000000027
}
