version: 2
n_points: 55
{
0.10982978723404233 0.4879295774647886
0.021680851063829904 0.6723661971830985
0.03080000000000024 0.7997981220657279
0.12806382978723416 0.9004037558685446
0.23140851063829776 0.957413145539906
0.35298723404255317 0.9745492957746479
0.46646382978723416 0.9499577464788733
0.5556212765957448 0.9164225352112675
0.6528893617021275 0.8448826291079812
0.7379957446808509 0.7576948356807512
0.8068893617021278 0.6593286384976527
0.8555234042553191 0.5810798122065727
0.8940212765957448 0.4692957746478872
0.9183404255319146 0.39999061032863836
0.9325234042553193 0.3373943661971831
0.9649446808510636 0.2636197183098592
0.9791276595744682 0.1876056338028168
0.9689957446808513 0.12277464788732395
0.9386000000000001 0.07359154929577472
0.9082085106382978 0.019934272300469402
0.4380936170212766 0.39999061032863836
0.3550170212765956 0.4245868544600939
0.28004255319148913 0.47823943661971835
0.18682978723404245 0.5453098591549297
0.13617021276595745 0.6190845070422535
0.12198723404255332 0.708511737089202
0.13819574468085105 0.7912300469483567
0.18682978723404245 0.8717136150234742
0.2658553191489362 0.9208967136150236
0.35704255319148925 0.9276009389671362
0.45633191489361724 0.91418779342723
0.5313063829787232 0.8985399061032864
0.6123617021276595 0.8381784037558685
0.6913872340425532 0.7554600938967136
0.7460978723404253 0.652619718309859
0.40972765957446783 0.3038591549295774
0.4847021276595744 0.25691079812206563
0.5596765957446809 0.2613849765258216
0.6184382978723403 0.1853708920187792
0.6873361702127659 0.15854460093896705
0.7035446808510637 0.2680892018779343
0.6427574468085107 0.3955211267605633
0.6792297872340427 0.47600469483568075
0.673148936170213 0.5520140845070423
0.5961489361702129 0.6615633802816903
0.49483404255319124 0.6839201877934273
0.42796170212765966 0.6682676056338028
0.38135744680851075 0.6190845070422535
0.3631191489361701 0.5609577464788731
0.3124638297872339 0.5162441314553989
0.6630212765957445 0.7018028169014083
0.5576510638297872 0.7688732394366197
0.4461999999999999 0.7956995305164318
0.31448936170212755 0.7979342723004694
0.21519574468085118 0.7934647887323942
}
