version: 2
n_points: 55
{
0.6146463414634148 0.17489344262295073
0.4926951219512196 0.11604918032786898
0.37387804878048797 0.05509836065573754
0.2487926829268294 0.04878688524590163
0.1643658536585367 0.09292622950819664
0.1174634146341464 0.16228688524590146
0.07993902439024399 0.23163934426229502
0.07056097560975612 0.2988934426229506
0.08619512195121931 0.3703524590163934
0.13935365853658563 0.4355081967213115
0.19251219512195122 0.5006639344262297
0.25196341463414634 0.5679754098360656
0.30331707317073187 0.6413114754098361
0.3578658536585369 0.7146475409836066
0.4477317073170732 0.7815163934426231
0.5375853658536585 0.8440737704918031
0.6563292682926831 0.9152540983606557
0.7782804878048782 0.960549180327869
0.8713414634146347 0.954081967213115
0.9483658536585361 0.9087868852459018
0.6627439024390247 0.40835245901639355
0.6306585365853659 0.3263852459016395
0.5921463414634144 0.2616721311475408
0.5247439024390244 0.19480327868852476
0.41563414634146334 0.14735245901639324
0.3065243902439023 0.13440983606557397
0.2102439024390245 0.16891803278688527
0.1653170731707315 0.24010655737704922
0.15889024390243897 0.3112868852459014
0.18136585365853675 0.3910983606557377
0.23270731707317066 0.46227868852459036
0.2936829268292682 0.5442459016393445
0.3354024390243901 0.6154262295081967
0.3835365853658535 0.6736639344262296
0.4573536585365852 0.7297459016393443
0.7799756097560979 0.4397459016393443
0.7596463414634146 0.5057786885245901
0.7630365853658538 0.5854672131147542
0.82740243902439 0.6287295081967211
0.8544999999999995 0.6674344262295083
0.7901341463414634 0.6697131147540982
0.7190000000000003 0.6219016393442625
0.6139878048780485 0.6219016393442625
0.5123536585365851 0.6196229508196721
0.4446097560975613 0.5831885245901639
0.39379268292682923 0.5080573770491804
0.41073170731707326 0.43519672131147535
0.4852560975609756 0.40104098360655754
0.553012195121951 0.3691639344262296
0.6105975609756099 0.34412295081967215
0.3260487804878048 0.5262704918032786
0.30232926829268286 0.4420245901639346
0.30910975609756075 0.3532295081967213
0.3294268292682924 0.2780901639344264
0.33281707317073167 0.1961229508196723
}
