version: 2
n_points: 55
{
0.3477446808510637 0.09658571428571422
0.4954893617021279 0.07277142857142849
0.6550638297872342 0.09261428571428577
0.7910000000000005 0.14817142857142876
0.8619361702127665 0.23547142857142864
0.8723829787234044 0.3122571428571429
0.8657446808510638 0.3702857142857141
0.8457872340425534 0.4372571428571429
0.7992553191489361 0.513142857142857
0.7593617021276595 0.575642857142857
0.7261063829787235 0.638142857142857
0.6895319148936174 0.6872571428571429
0.6463191489361704 0.7319000000000001
0.5798297872340428 0.7787714285714287
0.5366170212765958 0.8122571428571429
0.4501702127659578 0.8769857142857145
0.34046808510638316 0.9171714285714285
0.24074468085106382 0.9350285714285714
0.1642765957446809 0.9171714285714285
0.09446808510638294 0.8926142857142858
0.2557446808510634 0.33468571428571425
0.1939787234042557 0.24712857142857153
0.2625957446808508 0.1595714285714284
0.4363191489361703 0.13815714285714276
0.5622340425531918 0.1323285714285715
0.7011914893617025 0.19647142857142838
0.7837021276595746 0.24602857142857154
0.7967234042553197 0.3218285714285713
0.7967234042553197 0.40637142857142855
0.7706595744680852 0.47342857142857125
0.7489574468085112 0.5375714285714285
0.7098723404255314 0.5988
0.6447446808510637 0.6571000000000002
0.5839574468085111 0.7066714285714287
0.5492127659574466 0.7329142857142857
0.22789361702127686 0.4122142857142856
0.28868085106382946 0.4821857142857141
0.29736170212765956 0.5434000000000001
0.23657446808510696 0.5813
0.2322340425531919 0.6396142857142857
0.3277659574468079 0.6366999999999998
0.38855319148936174 0.5842142857142859
0.5318510638297875 0.5929714285714287
0.6100000000000003 0.5638142857142859
0.6230425531914897 0.49092857142857155
0.5926382978723401 0.40930000000000016
0.5361914893617026 0.3713857142857145
0.4797446808510639 0.3393285714285712
0.37987234042553164 0.31308571428571424
0.24961702127659635 0.29267142857142847
0.7272553191489358 0.4996714285714286
0.7315957446808509 0.42970000000000014
0.7185531914893615 0.33641428571428583
0.7055319148936176 0.2664428571428573
0.6925106382978724 0.21978571428571417
}
