version: 2
n_points: 55
{
0.9852310126582278 0.13942038216560507
0.8476487341772151 0.07377866242038221
0.6753575949367089 0.02600796178343953
0.4925158227848101 0.00831528662420379
0.3167056962025317 0.052547770700636945
0.20770569620253163 0.12154936305732489
0.1268322784810127 0.19585987261146498
0.08112341772151896 0.2914012738853503
0.07057594936708868 0.3780955414012738
0.0459620253164557 0.45063694267515925
0.01783227848101263 0.5231783439490446
0.028379746835443094 0.5939490445859873
0.07409177215189877 0.6877213375796178
0.18660759493670892 0.7584920382165604
0.3061582278481012 0.8080318471337579
0.38703164556962033 0.8416496815286625
0.4854841772151899 0.8805732484076433
0.5874525316455695 0.9071130573248408
0.7386487341772152 0.928343949044586
0.8089715189873418 0.9920382165605095
0.6577753164556961 0.45063694267515925
0.7140348101265822 0.3745573248407643
0.7070031645569621 0.2843248407643312
0.7245822784810125 0.21532165605095538
0.7280981012658226 0.16047452229299367
0.678873417721519 0.11093471337579613
0.46438607594936704 0.13393471337579615
0.33077215189873416 0.15516560509554142
0.2780284810126583 0.218859872611465
0.21473734177215198 0.26663057324840767
0.18660759493670892 0.30555573248407647
0.1373829113924051 0.35332643312101913
0.11276898734177213 0.4364824840764331
0.12331645569620259 0.5337929936305732
0.2112215189873417 0.5904108280254777
0.8511645569620252 0.47186783439490443
0.7878734177215189 0.528485668789809
0.7632594936708863 0.6010254777070063
0.7527120253164556 0.671797770700637
0.6753575949367089 0.6841831210191083
0.5804208860759494 0.6611815286624203
0.5417405063291141 0.6010254777070063
0.46438607594936704 0.5797945859872611
0.35186708860759514 0.5797945859872611
0.26044936708860766 0.5161003184713375
0.29561075949367094 0.452406050955414
0.3799968354430378 0.4099426751592356
0.46790189873417715 0.3657117834394905
0.5804208860759494 0.34624840764331205
0.6929367088607594 0.3285557324840765
0.1936392405063291 0.30555573248407647
0.25341455696202536 0.2542468152866242
0.3131898734177216 0.21001433121019109
0.37296518987341765 0.17639808917197455
0.43977215189873403 0.15162738853503183
}
