version: 2
n_points: 55
{
0.16849315068493168 0.32764634146341487
0.10273972602739725 0.4788658536585365
0.04794520547945205 0.6252073170731707
0.03424657534246575 0.7422804878048783
0.05890410958904125 0.8739878048780485
0.14109589041095905 0.9130121951219514
0.22876712328767107 0.9325243902439022
0.313698630136986 0.8837439024390242
0.412328767123288 0.8008170731707314
0.5273972602739726 0.7617926829268291
0.6232876712328768 0.713012195121951
0.7164383561643837 0.6739878048780488
0.7986301369863015 0.6105731707317075
0.8698630136986302 0.5178902439024389
0.9219178082191782 0.434963414634146
0.9575342465753421 0.361792682926829
0.9657534246575342 0.2495975609756096
0.9684931506849314 0.19106097560975577
0.9657534246575342 0.1325243902439026
0.9493150684931508 0.05447560975609733
0.41431506849315075 0.35152439024390225
0.3410958904109586 0.43563414634146314
0.24898630136986286 0.5197317073170731
0.19230136986301385 0.5659878048780488
0.15451369863013678 0.6711219512195119
0.1497876712328769 0.7720487804878048
0.1875753424657532 0.8477439024390242
0.2678767123287672 0.8267195121951219
0.35763013698630175 0.7468170731707314
0.4426575342465756 0.7468170731707314
0.5229589041095889 0.73840243902439
0.5819999999999999 0.6921463414634144
0.6386849315068497 0.6374878048780488
0.6693904109589041 0.5786097560975614
0.6930068493150683 0.5449634146341464
0.4402945205479453 0.35152439024390225
0.5205958904109586 0.3599390243902437
0.5772808219178083 0.3389146341463414
0.6196095890410956 0.2847682926829268
0.654691780821918 0.26395121951219513
0.6463424657534246 0.3085731707317073
0.6145958904109589 0.3442560975609754
0.6145958904109589 0.4215975609756101
0.6012328767123286 0.4781097560975608
0.5461027397260274 0.5048780487804876
0.49598630136986294 0.5375975609756101
0.45923287671232876 0.5167804878048778
0.4057808219178084 0.4840609756097559
0.3690273972602743 0.47215853658536566
0.36234246575342494 0.4364634146341466
0.33227397260273933 0.7398536585365855
0.2855 0.7398536585365855
0.2353835616438355 0.7428292682926827
0.2003013698630139 0.7428292682926827
0.1802534246575343 0.7428292682926827
}
