version: 2
n_points: 55
{
0.034782608695652174 0.3102189781021898
0.021739130434782608 0.1934306569343066
0.06086956521739131 0.0985401459854015
0.1391304347826087 0.04379562043795615
0.25217391304347825 0.018248175182481785
0.3826086956521739 0.04379562043795615
0.49130434782608695 0.09124087591240881
0.5869565217391305 0.13868613138686126
0.6695652173913044 0.2007299270072993
0.7434782608695653 0.2773722627737226
0.8 0.34671532846715336
0.8391304347826087 0.4087591240875912
0.8826086956521739 0.4854014598540146
0.908695652173913 0.5693430656934306
0.9347826086956522 0.6605839416058394
0.9565217391304348 0.7262773722627737
0.9782608695652174 0.7992700729927007
0.9739130434782609 0.8759124087591241
0.9391304347826087 0.9306569343065694
0.8913043478260869 0.9817518248175182
0.3695652173913043 0.5985401459854015
0.2956521739130435 0.5072992700729927
0.2391304347826087 0.43065693430656937
0.19130434782608696 0.33576642335766427
0.16956521739130434 0.23357664233576636
0.1782608695652174 0.13138686131386867
0.21304347826086956 0.08029197080291972
0.3130434782608696 0.062043795620437936
0.41739130434782606 0.1058394160583942
0.5478260869565217 0.17518248175182483
0.6565217391304348 0.25547445255474455
0.7130434782608696 0.3175182481751825
0.7521739130434782 0.3795620437956204
0.8 0.46715328467153283
0.7913043478260869 0.5218978102189781
0.4956521739130435 0.6751824817518248
0.5869565217391305 0.6897810218978102
0.6260869565217392 0.7153284671532847
0.6434782608695652 0.7773722627737226
0.7043478260869566 0.8138686131386861
0.7086956521739131 0.7445255474452555
0.6608695652173913 0.6715328467153284
0.6608695652173913 0.5912408759124088
0.7 0.5218978102189781
0.7130434782608696 0.42700729927007297
0.6347826086956522 0.37591240875912413
0.5608695652173913 0.33211678832116787
0.4782608695652174 0.3138686131386861
0.391304347826087 0.34671532846715336
0.3217391304347826 0.42700729927007297
0.6391304347826087 0.3065693430656935
0.5304347826086957 0.24817518248175185
0.40869565217391307 0.22262773722627738
0.3130434782608696 0.21167883211678828
0.20869565217391303 0.1934306569343066
}
