version: 2
n_points: 55
{
0.20904666666666682 0.08131132075471698
0.3328599999999998 0.045374213836477995
0.48524 0.01841823899371069
0.6090466666666668 0.02066352201257861
0.7471400000000001 0.06558805031446541
0.8614266666666667 0.12848113207547168
0.9471400000000002 0.2138364779874214
0.9614266666666667 0.303682389937107
0.9423800000000002 0.3867924528301887
0.9185733333333334 0.4631635220125786
0.89476 0.5530094339622642
0.8423800000000001 0.6495943396226416
0.7661933333333332 0.7124874213836478
0.6709533333333331 0.7753805031446541
0.6138066666666668 0.8427672955974843
0.5233333333333333 0.9168899371069184
0.40428666666666646 0.9707987421383648
0.24714000000000014 0.9865220125786164
0.11857333333333331 0.9730471698113207
0.03285999999999978 0.9505849056603773
0.2614266666666667 0.46990251572327035
0.18999999999999995 0.413745283018868
0.2185733333333334 0.3261446540880503
0.27095333333333316 0.22731446540880504
0.3138066666666668 0.15992767295597485
0.4138066666666669 0.12399056603773585
0.6138066666666668 0.1329748427672956
0.7423800000000003 0.1734056603773585
0.8280933333333333 0.22955974842767296
0.8328599999999998 0.303682389937107
0.8185733333333334 0.4025157232704403
0.8090466666666669 0.4811320754716981
0.7709533333333332 0.5642421383647798
0.6852400000000001 0.6226415094339622
0.59476 0.6877798742138365
0.10428666666666653 0.4451918238993712
0.13761999999999985 0.5170723270440251
0.19952666666666652 0.5754716981132075
0.1661933333333332 0.6473490566037736
0.13285999999999987 0.6945188679245284
0.28047333333333346 0.6630723270440252
0.4090466666666669 0.5777169811320755
0.5280933333333333 0.5709779874213837
0.6423800000000002 0.5148238993710692
0.6519066666666666 0.4586698113207548
0.6090466666666668 0.4159937106918239
0.49952666666666645 0.3867924528301887
0.39 0.37331446540880503
0.29476 0.3688238993710692
0.22809333333333337 0.3486069182389938
0.7709533333333332 0.42722327044025166
0.7376199999999998 0.3643301886792454
0.6709533333333331 0.29694654088050304
0.5804733333333335 0.2160817610062893
0.5090466666666669 0.16891194968553458
}
