version: 2
n_points: 55
{
0.6592157434402333 0.19177196652719647
0.575801749271137 0.10343933054393296
0.45432361516034975 0.03893514644351486
0.30612244897959184 0.011041841004184143
0.1749271137026239 0.0371924686192469
0.08746355685131195 0.09472384937238498
0.034014577259475307 0.17491841004184122
0.01700583090379 0.2760334728033472
0.04130320699708463 0.38238075313807535
0.07531486880466463 0.48872594142259435
0.13119533527696792 0.6003012552301255
0.1919329446064139 0.6804979079497908
0.2818279883381925 0.7694100418410043
0.3814373177842565 0.8321715481171549
0.5247813411078717 0.8844728033472804
0.624393586005831 0.9297991631799163
0.7434402332361516 0.9838451882845188
0.8381924198250729 0.9908179916317994
0.9183673469387755 0.9664100418410041
0.9863935860058312 0.9332866108786613
0.6705539358600583 0.4433974895397489
0.6171049562682217 0.33705230125523034
0.5393586005830904 0.22721966527196674
0.4421778425655978 0.15922803347280357
0.31341107871720114 0.11912970711297063
0.1919329446064139 0.11389958158995808
0.11175801749271129 0.1679456066945607
0.07531486880466463 0.2568577405857741
0.0898921282798833 0.34751255230125544
0.12876676384839658 0.4259644351464437
0.1506326530612246 0.5061589958158995
0.2016530612244899 0.5758953974895398
0.2478134110787172 0.6247092050209208
0.2988338192419825 0.6857280334728034
0.40330320699708444 0.7171087866108787
0.7993206997084545 0.5671778242677826
0.7701661807580176 0.6037887029288705
0.8090379008746356 0.6508598326359835
0.8600583090379009 0.6822405857740588
0.8770641399416912 0.7380292887029289
0.7774548104956266 0.7345418410041843
0.624393586005831 0.6473723849372384
0.5247813411078717 0.6613200836820086
0.4446064139941691 0.6595774058577406
0.3887259475218658 0.5933284518828454
0.37414868804664714 0.5079037656903767
0.4057346938775511 0.4556025104602511
0.4421778425655978 0.4015564853556485
0.47618950437317775 0.3562301255230126
0.5393586005830904 0.3231046025104602
0.25753061224489787 0.5619476987447701
0.2356647230320699 0.4521150627615065
0.2526734693877552 0.34751255230125544
0.2696793002915452 0.2568577405857741
0.3085510204081632 0.1662008368200836
}
