version: 2
n_points: 55
{
0.9068733624454147 0.25537864077669903
0.9334541484716158 0.4242330097087379
0.9619344978165939 0.6057378640776699
0.9752227074235809 0.7408155339805825
0.9391484716157206 0.842126213592233
0.8802925764192139 0.9096699029126214
0.8005502183406115 0.9434368932038836
0.7303013100436679 0.9392135922330097
0.667646288209607 0.9096699029126214
0.5822096069868996 0.8463495145631068
0.4967729257641923 0.7703689320388349
0.41703056768558955 0.7070485436893204
0.3202008733624455 0.6268446601941747
0.24805240174672483 0.5677475728155339
0.19109606986899552 0.4833300970873786
0.11894759825327528 0.4242330097087379
0.05439737991266369 0.3186990291262135
0.020218340611353747 0.19206796116504843
0.020218340611353747 0.11608737864077667
0.03541048034934513 0.05699029126213595
0.5594279475982532 0.16251456310679613
0.6277772925764193 0.25537864077669903
0.7189082969432314 0.3398058252427184
0.7758689956331877 0.39045631067961173
0.8119432314410481 0.5255339805825242
0.8556113537117904 0.6057378640776699
0.8688995633187773 0.7197087378640776
0.8518122270742358 0.8167961165048543
0.7815633187772926 0.8547864077669903
0.6942270742358079 0.8210194174757282
0.6258777292576421 0.7534854368932038
0.5271484716157204 0.6690582524271844
0.43411790393013105 0.6184077669902912
0.36956331877729254 0.5593106796116505
0.2860262008733624 0.4326699029126213
0.5613231441048034 0.04432038834951457
0.5404410480349346 0.09498058252427177
0.4720917030567685 0.15407766990291272
0.4265240174672488 0.12452427184466008
0.36386899563318786 0.14140776699029123
0.3714628820960698 0.1751747572815534
0.38665065502183404 0.22161165048543685
0.3828558951965064 0.31026213592233
0.4208296943231441 0.4157864077669903
0.4834803493449781 0.4833300970873786
0.5404410480349346 0.47066019417475724
0.5917030567685589 0.4453398058252428
0.6068908296943232 0.4031262135922329
0.6220829694323144 0.32714563106796113
0.6220829694323144 0.2722621359223302
0.5480349344978166 0.6310679611650485
0.6258777292576421 0.6310679611650485
0.7056200873362445 0.6141844660194175
0.7682751091703057 0.6099611650485437
0.8157379912663754 0.5930776699029127
}
