version: 2
n_points: 55
{
0.9099057591623035 0.9446301369863014
0.9448062827225132 0.7791095890410958
0.9688062827225129 0.6078767123287672
0.9600785340314136 0.4366438356164384
0.912083769633508 0.2825342465753425
0.8466387434554975 0.18550684931506853
0.7615602094240839 0.1113013698630137
0.6721204188481675 0.08276712328767126
0.5870418848167539 0.07134246575342464
0.5085078534031413 0.07134246575342464
0.43215706806282705 0.07705479452054795
0.3579842931937173 0.08276712328767126
0.29253926701570676 0.08846575342465751
0.21836649214659698 0.10558904109589039
0.13328795811518335 0.1797945205479452
0.08747643979057607 0.3053698630136987
0.04603141361256535 0.488013698630137
0.022031413612565554 0.6478356164383562
0.02639790575916212 0.7905205479452054
0.06566492146596847 0.9275068493150684
0.6088586387434554 0.801945205479452
0.70048167539267 0.8304794520547946
0.7833769633507853 0.819068493150685
0.8488219895287958 0.7448630136986302
0.9033612565445025 0.682082191780822
0.9033612565445025 0.4651780821917808
0.8553664921465969 0.3110684931506849
0.7768324607329843 0.2482876712328767
0.7157486910994766 0.18550684931506853
0.6393979057591623 0.16838356164383564
0.5652251308900524 0.16267123287671234
0.4888743455497382 0.15126027397260275
0.42124607329842945 0.1740821917808219
0.3601675392670156 0.23116438356164384
0.2947225130890051 0.2825342465753425
0.5586806282722514 0.8932602739726028
0.5041465968586386 0.8647260273972602
0.4387015706806281 0.7277397260273972
0.38852356020942425 0.7791095890410958
0.3405340314136124 0.841890410958904
0.28817801047120406 0.841890410958904
0.2969005235602096 0.6592465753424658
0.2838115183246075 0.5336712328767123
0.35143979057591623 0.4537671232876712
0.40379581151832455 0.3453150684931507
0.4757853403141361 0.2825342465753425
0.5390471204188483 0.3110684931506849
0.5979476439790578 0.4252328767123288
0.6263089005235603 0.5622191780821918
0.6546701570680626 0.7505753424657534
0.593586387434555 0.20832876712328766
0.6546701570680626 0.2482876712328767
0.7222931937172776 0.2825342465753425
0.7942827225130892 0.3567397260273973
0.8510052356020941 0.4537671232876712
}
