version: 2
n_points: 55
{
0.8708271604938272 0.9384250000000002
0.9302716049382717 0.8273125
0.9645617283950616 0.6976875
0.9577037037037037 0.5356500000000001
0.9142654320987653 0.4245374999999999
0.8731111111111111 0.32268749999999996
0.8136728395061729 0.24398750000000008
0.7427962962962964 0.21157499999999985
0.6787839506172841 0.20231250000000003
0.6061604938271603 0.16930000000000014
0.5498827160493829 0.13252500000000006
0.47544444444444434 0.08841250000000009
0.40826543209876553 0.06267500000000012
0.3410925925925926 0.06267500000000012
0.2739197530864198 0.07002500000000005
0.20311111111111113 0.09943750000000015
0.12141358024691351 0.15458749999999988
0.0687592592592593 0.23547499999999993
0.048790123456790124 0.3163499999999999
0.02882098765432084 0.4634125000000001
0.5408024691358025 0.7942999999999998
0.6243148148148149 0.8053249999999998
0.7150925925925928 0.8126750000000001
0.7677469135802469 0.7795875000000002
0.8113209876543211 0.7023874999999997
0.8476296296296295 0.5994374999999998
0.8821234567901235 0.4818000000000001
0.820395061728395 0.39723749999999997
0.7677469135802469 0.33106250000000015
0.6878641975308644 0.32002500000000006
0.6225000000000002 0.2759125000000001
0.5498827160493829 0.22076250000000003
0.471814814814815 0.16193750000000015
0.40100617283950635 0.13252500000000006
0.3320123456790124 0.16193750000000015
0.5008580246913581 0.7648874999999997
0.4627345679012347 0.6840000000000004
0.3701419753086421 0.6031125000000003
0.293888888888889 0.6288499999999999
0.23216049382716053 0.5994374999999998
0.2739197530864198 0.47811249999999994
0.3556172839506173 0.40826250000000003
0.391925925925926 0.3163499999999999
0.4354999999999999 0.26856250000000015
0.4845185185185187 0.3384125000000001
0.5026790123456792 0.44502500000000006
0.522648148148148 0.5957625
0.5898209876543209 0.6472374999999999
0.6479197530864199 0.6803249999999998
0.6733395061728396 0.7832625
0.546246913580247 0.26488750000000005
0.6043456790123456 0.3016500000000001
0.6715185185185185 0.39723749999999997
0.7441419753086419 0.4487124999999999
0.8113209876543211 0.4634125000000001
}
