version: 2
n_points: 55
{
0.16718279569892475 0.43392857142857166
0.10266666666666668 0.49464285714285694
0.051053763440860114 0.6125000000000003
0.031698924731182875 0.7517857142857142
0.06825806451612917 0.8696428571428572
0.14782795698924722 0.9267857142857144
0.23815053763440855 0.9517857142857142
0.32202150537634416 0.9375
0.4101935483870967 0.8875000000000001
0.4768602150537636 0.8232142857142857
0.5585806451612904 0.7910714285714288
0.6381505376344088 0.7482142857142858
0.7091182795698926 0.6910714285714283
0.7714838709677418 0.6267857142857142
0.8424516129032259 0.5339285714285715
0.8983655913978494 0.44107142857142834
0.9478279569892476 0.34107142857142847
0.9779354838709675 0.21250000000000013
0.954279569892473 0.10535714285714293
0.900516129032258 0.03749999999999987
0.4381505376344085 0.30892857142857166
0.3757849462365592 0.3589285714285714
0.2833118279569894 0.42678571428571443
0.21234408602150529 0.5196428571428571
0.149978494623656 0.6339285714285714
0.149978494623656 0.7696428571428571
0.1865376344086023 0.8660714285714286
0.2833118279569894 0.8624999999999999
0.38008602150537646 0.8303571428571428
0.436 0.8232142857142857
0.505231182795699 0.8058035714285714
0.5709462365591399 0.7636428571428573
0.6067849462365593 0.7239553571428574
0.6276935483870967 0.6842767857142857
0.6739892473118281 0.6197946428571426
0.4604301075268816 0.23784821428571434
0.5365967741935485 0.24280357142857156
0.6023064516129032 0.26016964285714295
0.6545752688172042 0.19320535714285725
0.7173010752688173 0.17583928571428586
0.6919139784946238 0.2700892857142857
0.6112688172043013 0.356892857142857
0.615747311827957 0.4709821428571429
0.6067849462365593 0.5776250000000002
0.5575053763440861 0.6669107142857145
0.4843279569892472 0.6941964285714286
0.4230967741935485 0.6941964285714286
0.37381182795698925 0.6346696428571431
0.3469301075268817 0.5404285714285716
0.3200483870967742 0.4461785714285712
0.41114516129032264 0.8132410714285714
0.35439784946236563 0.7934017857142857
0.2871935483870968 0.7760446428571426
0.22596236559139782 0.753723214285714
0.17518817204301065 0.7413214285714287
}
