version: 2
n_points: 55
{
0.9548821656050954 0.5055571428571427
0.982484076433121 0.36269999999999986
0.9633757961783439 0.19127142857142845
0.8826974522292994 0.06110952380952394
0.7744171974522294 0.02619047619047619
0.659767515923567 0.038890476190476066
0.5514872611464969 0.08333333333333333
0.46231528662420396 0.15
0.37951273885350323 0.2261904761904762
0.3073248407643312 0.29285714285714287
0.21815286624203822 0.3436523809523808
0.14384394904458575 0.40714285714285714
0.0801496815286622 0.4960333333333332
0.029194267515923356 0.5563476190476192
0.01857643312101942 0.6484142857142856
0.014331210191082855 0.7626999999999998
0.014331210191082855 0.8801571428571427
0.041933121019108066 0.9277761904761903
0.08651910828025455 0.975395238095238
0.13959554140127417 0.9785714285714285
0.6385350318471338 0.6293666666666665
0.7234617834394905 0.5246047619047618
0.7935254777070064 0.4452380952380952
0.840232484076433 0.419842857142857
0.8550955414012739 0.27063333333333345
0.821124203821656 0.15317619047619035
0.7404458598726115 0.09920476190476203
0.6512738853503185 0.13095238095238096
0.5790859872611465 0.1595238095238095
0.49840764331210186 0.2103190476190475
0.4325891719745222 0.27698571428571417
0.37101910828025475 0.35317619047619037
0.31369426751592355 0.3880952380952381
0.2521242038216558 0.419842857142857
0.18842993630573224 0.48333333333333334
0.678875796178344 0.6642857142857143
0.6066878980891719 0.6261904761904762
0.5196401273885352 0.6325380952380953
0.483544585987261 0.7119047619047619
0.4007420382165604 0.7658714285714286
0.3561560509554139 0.7595238095238095
0.34554140127388533 0.6261904761904762
0.30307961783439463 0.5785714285714286
0.3328025477707006 0.530952380952381
0.3880031847133757 0.4738095238095238
0.4580668789808916 0.46746190476190463
0.5069012738853504 0.48650952380952367
0.5387484076433122 0.5055571428571427
0.5599777070063694 0.5658714285714287
0.5684713375796178 0.6007952380952379
0.2075382165605093 0.55
0.34978662420382156 0.4261904761904762
0.447452229299363 0.3880952380952381
0.5684713375796178 0.36904761904761907
0.7170923566878982 0.3341285714285713
}
