version: 2
n_points: 55
{
0.12944590163934425 0.23833333333333295
0.07089508196721327 0.3864814814814811
0.028740983606557254 0.5716666666666663
0.017032786885246065 0.7568518518518516
0.05914426229508193 0.8740444444444443
0.135072131147541 0.9442222222222224
0.2040983606557377 0.9559185185185184
0.2800262295081968 0.9286296296296297
0.3594032786885248 0.8818444444444443
0.4456852459016392 0.8428592592592589
0.5405967213114753 0.8077703703703702
0.6165213114754098 0.7648814814814816
0.7217868852459016 0.7142000000000002
0.792537704918033 0.6596222222222221
0.8655868852459017 0.5774888888888889
0.9224196721311474 0.503414814814815
0.9726918032786886 0.3799555555555554
0.9836196721311472 0.2614370370370369
0.9661344262295084 0.13304444444444452
0.9464622950819673 0.0342814814814818
0.37815737704918023 0.23180740740740724
0.31258360655737694 0.2515629629629631
0.21859344262295097 0.3009481481481485
0.1726918032786887 0.4145259259259261
0.13990491803278704 0.572548148148148
0.1158622950819671 0.7009481481481485
0.12241967213114743 0.8243999999999999
0.17487868852459004 0.8688444444444443
0.2360786885245902 0.8639111111111114
0.30602622950819663 0.8293407407407408
0.3890852459016395 0.8095851851851851
0.4634032786885245 0.7947703703703702
0.5399049180327871 0.7503259259259258
0.609849180327869 0.6713185185185189
0.6666819672131147 0.6120592592592595
0.531160655737705 0.18736296296296284
0.5858065573770493 0.23674814814814826
0.6404524590163934 0.2663777777777778
0.6819803278688525 0.22193333333333343
0.7278819672131148 0.20217777777777768
0.692911475409836 0.27131851851851885
0.6295213114754099 0.32069629629629615
0.609849180327869 0.45402962962962945
0.5770622950819673 0.5478592592592594
0.5158622950819671 0.6021777777777777
0.47214426229508205 0.6219333333333334
0.41312786885245906 0.6169925925925925
0.37597049180327885 0.5429185185185184
0.33881311475409825 0.4639111111111114
0.2972819672131149 0.3404518518518519
0.3606688524590165 0.7947703703703702
0.2994688524590163 0.7997111111111113
0.24700983606557367 0.7947703703703702
0.19455081967213103 0.7898370370370373
0.1333475409836067 0.7848962962962964
}
