version: 2
n_points: 55
{
0.7293277310924369 0.8297599999999999
0.8133613445378151 0.71476
0.8973949579831932 0.55476
0.9499159663865545 0.36476
0.9247058823529412 0.21975999999999998
0.8698991596638656 0.16908000000000015
0.7935042016806721 0.17361999999999966
0.7323865546218487 0.14634000000000014
0.6598151260504199 0.1417999999999995
0.5929663865546217 0.13272000000000048
0.5280336134453782 0.1145399999999995
0.45354621848739474 0.1145399999999995
0.37464705882352967 0.15953999999999952
0.3018235294117645 0.22620000000000004
0.2271260504201682 0.3017600000000005
0.1785714285714286 0.36398000000000025
0.09453781512605042 0.47063999999999967
0.05905882352941194 0.5862
0.038512605042017034 0.7550800000000004
0.055319327731092716 0.9106399999999997
0.5763277310924372 0.7462000000000001
0.6603613445378154 0.6662
0.7443949579831932 0.5728599999999995
0.8097563025210084 0.4484199999999998
0.8676470588235294 0.32398000000000027
0.8657815126050419 0.2395399999999995
0.8022857142857144 0.2395399999999995
0.7294537815126051 0.20398000000000024
0.667831932773109 0.19063999999999964
0.6118067226890758 0.18176000000000045
0.5576554621848739 0.1995399999999995
0.4848235294117649 0.20398000000000024
0.4045294117647059 0.23063999999999965
0.34289915966386564 0.3062
0.2943529411764707 0.41730000000000017
0.5408487394957983 0.7862
0.5016302521008404 0.6795399999999995
0.40639495798319314 0.6706399999999997
0.35036974789915976 0.7906399999999997
0.2812773109243696 0.7773000000000002
0.30368907563025216 0.7284199999999998
0.3335630252100842 0.7106399999999996
0.3597058823529412 0.5373000000000002
0.39145378151260524 0.38176000000000043
0.4642857142857143 0.32398000000000027
0.5184369747899161 0.34176000000000045
0.5520504201680674 0.43063999999999963
0.5781932773109244 0.5550800000000004
0.5931344537815129 0.6217600000000004
0.5968739495798321 0.7017600000000005
0.5371176470588233 0.22620000000000004
0.6062100840336135 0.27063999999999966
0.6790336134453783 0.2973000000000002
0.7481344537815126 0.31063999999999964
0.8004201680672269 0.3506399999999996
}
