version: 2
n_points: 55
{
0.10092941176470593 0.13793956043956054
0.2371529411764708 0.0829945054945056
0.398141176470588 0.03672527472527487
0.5715176470588237 0.03094505494505497
0.7386941176470587 0.07142857142857142
0.8687294117647058 0.14951098901098908
0.9368470588235295 0.24782967032967043
0.9306470588235296 0.32591208791208776
0.8934941176470589 0.4155604395604396
0.856341176470588 0.4762857142857144
0.8501529411764703 0.5601483516483516
0.8315764705882356 0.6324450549450551
0.8068117647058825 0.7018516483516485
0.757270588235294 0.7943901098901099
0.6520117647058823 0.8666868131868133
0.5839058823529413 0.9389835164835164
0.46005882352941196 0.9765769230769232
0.3362235294117648 0.9736868131868133
0.23096470588235296 0.9592252747252747
0.13189411764705894 0.9303076923076922
0.15045882352941164 0.42423626373626383
0.16284705882352923 0.33747802197802196
0.17523529411764682 0.24204945054945054
0.24954117647058838 0.17553296703296706
0.3857529411764704 0.12637362637362637
0.559129411764706 0.11480769230769221
0.7510823529411763 0.15240109890109904
0.8315764705882356 0.23915384615384622
0.8501529411764703 0.3201263736263735
0.8130000000000002 0.403989010989011
0.7820470588235293 0.4965274725274725
0.757270588235294 0.5919615384615385
0.7386941176470587 0.6700384615384616
0.6767764705882354 0.7134175824175824
0.559129411764706 0.7336593406593407
0.16284705882352923 0.4762857142857144
0.18142352941176465 0.5341263736263737
0.16284705882352923 0.5977417582417581
0.08235294117647063 0.6324450549450551
0.051388235294117623 0.7163076923076923
0.21238823529411766 0.6902857142857143
0.330035294117647 0.6411208791208792
0.5157882352941174 0.6411208791208792
0.6334352941176469 0.6006373626373624
0.6458235294117645 0.5283406593406594
0.6148588235294115 0.44158241758241756
0.5467529411764704 0.3924230769230769
0.4476823529411764 0.37507142857142844
0.3238352941176472 0.3721813186813188
0.21238823529411766 0.3606153846153846
0.7325058823529409 0.43580219780219764
0.7077411764705884 0.3548296703296704
0.6520117647058823 0.27096703296703284
0.5839058823529413 0.2102362637362636
0.5095999999999997 0.16107692307692292
}
