version: 2
n_points: 55
{
0.7088317757009346 0.2711830985915492
0.8314953271028037 0.39148591549295786
0.9269018691588786 0.5470070422535211
0.9736308411214954 0.7201267605633801
0.9561074766355141 0.8110915492957748
0.907429906542056 0.8903169014084508
0.8373364485981308 0.9284577464788732
0.7477757009345795 0.9607394366197184
0.6659999999999999 0.9578028169014083
0.5822757009345796 0.9108521126760564
0.5063411214953273 0.8492323943661972
0.4265140186915888 0.8257605633802816
0.3564205607476636 0.7876126760563381
0.2863271028037383 0.7318661971830986
0.19871028037383176 0.6320985915492956
0.14224299065420587 0.5059225352112677
0.07799065420560769 0.38561971830985897
0.039051401869158786 0.277049295774648
0.021528037383177434 0.15380985915492962
0.021528037383177434 0.03350704225352097
0.5433364485981309 0.31373239436619726
0.6251121495327103 0.34307042253521136
0.7088317757009346 0.413492957746479
0.7847663551401869 0.4956549295774647
0.8217616822429907 0.6012887323943661
0.8548598130841121 0.6951830985915494
0.8665420560747663 0.8272253521126761
0.8081308411214954 0.8859154929577465
0.7283037383177571 0.894718309859155
0.6290046728971964 0.86243661971831
0.553070093457944 0.8184225352112677
0.49076635514018696 0.7832112676056339
0.4323551401869159 0.7714788732394366
0.3505794392523365 0.7157253521126758
0.2999532710280376 0.618894366197183
0.5725420560747664 0.2315704225352111
0.5121822429906544 0.27558450704225335
0.43040654205607465 0.29319014084507034
0.35252336448598154 0.24623943661971837
0.29021962616822417 0.24917605633802808
0.27853738317756993 0.35480985915492946
0.3291588785046732 0.45750704225352123
0.33889719626168224 0.5660774647887323
0.3973084112149533 0.6834507042253521
0.4790841121495327 0.7303943661971832
0.555018691588785 0.7303943661971832
0.5997990654205609 0.6893169014084506
0.6231635514018693 0.6042253521126761
0.6406869158878505 0.492718309859155
0.6757336448598132 0.4076267605633801
0.5335981308411215 0.7832112676056339
0.6036915887850467 0.7714788732394366
0.6835233644859813 0.7685422535211266
0.7575093457943927 0.7626760563380283
0.8276028037383178 0.7538732394366198
}
