version: 2
n_points: 55
{
0.8215726141078838 0.17405000000000004
0.8811078838174273 0.26535
0.9388381742738588 0.40449
0.9767261410788383 0.5914400000000001
0.9640954356846472 0.7305699999999999
0.9262116182572614 0.8044899999999999
0.8630663900414939 0.88709
0.7764730290456432 0.9349200000000001
0.6880746887966807 0.94796
0.5870456431535267 0.91318
0.48962240663900425 0.8697
0.38859751037344414 0.82188
0.2983900414937761 0.7697
0.20638589211618275 0.6957899999999999
0.1540663900414938 0.61753
0.09633609958506217 0.50014
0.058448132780083095 0.44796
0.024174273858921236 0.3262200000000002
0.020564315352697204 0.18275000000000008
0.027510373443983438 0.04090000000000005
0.6104979253112033 0.18240000000000012
0.691825726141079 0.2784
0.7532365145228215 0.2944
0.8030290456431535 0.35840000000000005
0.8412033195020747 0.4304000000000001
0.8793775933609959 0.5424
0.8876763485477179 0.6224
0.8777178423236514 0.7504000000000001
0.8196265560165974 0.8064
0.7183817427385892 0.8264
0.6320746887966806 0.8223999999999999
0.5607053941908713 0.7784
0.4926556016597511 0.7664
0.42626556016597517 0.7664
0.3217012448132779 0.6184000000000001
0.583941908713693 0.15039999999999987
0.530829875518672 0.2944
0.44618257261410776 0.35439999999999994
0.3681742738589212 0.2744
0.32834024896265557 0.2584000000000001
0.37979253112033184 0.3144
0.39804979253112016 0.3904000000000001
0.4063485477178421 0.5144
0.4594605809128631 0.6104
0.5042738589211617 0.6264000000000001
0.5723236514522819 0.5984
0.6304149377593359 0.5744
0.6569709543568467 0.49840000000000007
0.6602904564315353 0.37039999999999995
0.6735684647302906 0.2784
0.5490871369294608 0.7504000000000001
0.6187966804979252 0.7384000000000001
0.6885062240663898 0.6823999999999999
0.7565560165975103 0.6264000000000001
0.8378838174273859 0.5464
}
