version: 2
n_points: 55
{
0.9267015706806283 0.49523809523809526
0.9424083769633508 0.38095238095238093
0.9685863874345549 0.2571428571428571
0.9738219895287958 0.17142857142857143
0.9476439790575917 0.09523809523809523
0.8795811518324608 0.047619047619047616
0.8167539267015707 0.047619047619047616
0.7486910994764397 0.10476190476190476
0.6701570680628273 0.17142857142857143
0.5654450261780104 0.2571428571428571
0.5026178010471204 0.2857142857142857
0.4240837696335078 0.34285714285714286
0.3403141361256544 0.37142857142857144
0.26178010471204194 0.41904761904761906
0.17277486910994766 0.49523809523809526
0.12041884816753923 0.5523809523809524
0.0680628272251309 0.6761904761904762
0.03141361256544506 0.780952380952381
0.02617801047120416 0.8761904761904762
0.05235602094240843 0.9523809523809523
0.6073298429319371 0.6285714285714286
0.6806282722513088 0.5428571428571428
0.7382198952879582 0.49523809523809526
0.774869109947644 0.4857142857142857
0.8324607329842932 0.4
0.8534031413612566 0.2761904761904762
0.8481675392670157 0.14285714285714285
0.7905759162303665 0.14285714285714285
0.7277486910994764 0.2
0.6387434554973822 0.26666666666666666
0.581151832460733 0.2761904761904762
0.5130890052356021 0.29523809523809524
0.4502617801047121 0.34285714285714286
0.3612565445026178 0.38095238095238093
0.2774869109947644 0.5333333333333333
0.5706806282722513 0.6857142857142857
0.5130890052356021 0.6571428571428571
0.4293193717277487 0.6666666666666666
0.3717277486910995 0.7428571428571429
0.2931937172774869 0.8
0.2984293193717278 0.7047619047619048
0.33507853403141363 0.6666666666666666
0.3455497382198953 0.6
0.4240837696335078 0.5142857142857142
0.47643979057591623 0.4666666666666667
0.5130890052356021 0.4380952380952381
0.5706806282722513 0.41904761904761906
0.6125654450261779 0.4380952380952381
0.6387434554973822 0.4857142857142857
0.6544502617801047 0.5619047619047619
0.6649214659685864 0.26666666666666666
0.7120418848167539 0.26666666666666666
0.7591623036649214 0.2857142857142857
0.7958115183246073 0.2761904761904762
0.837696335078534 0.2857142857142857
}
