version: 2
n_points: 55
{
0.8002755102040817 0.8227448275862069
0.8844149659863945 0.6557793103448275
0.9596020408163265 0.49606896551724144
0.9828741496598639 0.318206896551724
0.9399081632653062 0.1548689655172413
0.8629319727891156 0.07501379310344834
0.7770034013605442 0.038717241379310374
0.6946530612244899 0.03508965517241375
0.6284149659863947 0.0459793103448276
0.5442789115646258 0.0641241379310345
0.472670068027211 0.09316551724137921
0.4010612244897961 0.12583448275862075
0.3133435374149661 0.18391034482758623
0.23636394557823126 0.2456137931034483
0.1737074829931975 0.3799172413793103
0.1235816326530611 0.4742896551724137
0.07703741496598637 0.5650344827586208
0.03407482993197286 0.6848137931034483
0.021540816326530488 0.811855172413793
0.016170068027210993 0.9715655172413794
0.5138435374149661 0.7791862068965517
0.6158843537414966 0.7392620689655173
0.7304557823129252 0.6594068965517241
0.7913231292517007 0.579551724137931
0.8468197278911563 0.47791724137931035
0.8951530612244898 0.38354482758620695
0.877251700680272 0.25650344827586213
0.8324965986394559 0.16213103448275853
0.7590986394557824 0.15124137931034487
0.6588503401360544 0.15849655172413793
0.5675510204081633 0.18753793103448285
0.5048945578231292 0.16213103448275853
0.4440272108843537 0.16575862068965516
0.379578231292517 0.22020689655172418
0.32945578231292527 0.33998620689655173
0.5174251700680274 0.8336344827586207
0.4529761904761903 0.768303448275862
0.4064319727891156 0.768303448275862
0.3759999999999999 0.8154896551724139
0.3079727891156462 0.840896551724138
0.3169217687074828 0.7319999999999999
0.39031972789115654 0.6448896551724137
0.397482993197279 0.5650344827586208
0.38674149659863943 0.445248275862069
0.42075510204081634 0.34362068965517234
0.4655102040816327 0.27828275862068963
0.5281666666666667 0.3327310344827587
0.585452380952381 0.4198413793103449
0.6248367346938776 0.5359931034482758
0.6481088435374149 0.6848137931034483
0.597982993197279 0.20205517241379312
0.6624285714285715 0.24198620689655168
0.7429897959183674 0.29279999999999995
0.8002755102040817 0.3508758620689656
0.8378673469387756 0.41621379310344825
}
