version: 2
n_points: 55
{
0.25819090909090914 0.146766355140187
0.3907727272727274 0.0922476635514018
0.534709090909091 0.04357476635514013
0.7089545454545456 0.02799532710280367
0.8415272727272729 0.06499065420560755
0.9438000000000001 0.15455607476635508
0.9513727272727274 0.2519065420560748
0.9210727272727274 0.3570467289719627
0.875618181818182 0.43882242990654213
0.8339545454545456 0.5225467289719625
0.7581909090909091 0.6218457943925233
0.7051636363636364 0.7016728971962618
0.6369818181818183 0.7581355140186915
0.5688000000000001 0.8165467289719626
0.5006181818181819 0.8691168224299065
0.39834545454545467 0.9119532710280375
0.2922818181818183 0.9547897196261682
0.20516363636363621 0.9781542056074766
0.12561818181818163 0.9742570093457943
0.04228181818181831 0.9606308411214953
0.25819090909090914 0.41350934579439247
0.2885000000000001 0.3375747663551401
0.30743636363636373 0.25774766355140194
0.4210727272727274 0.1993364485981309
0.534709090909091 0.15065887850467283
0.6672818181818183 0.13508411214953278
0.7695545454545456 0.14287383177570087
0.8339545454545456 0.1779205607476635
0.8566818181818183 0.25385514018691585
0.8263727272727274 0.32978971962616815
0.7809181818181818 0.3959859813084112
0.7619818181818183 0.4719205607476635
0.7278909090909091 0.5381214953271029
0.6710727272727274 0.5965327102803739
0.5801636363636364 0.6510514018691588
0.12940909090909103 0.43103271028037377
0.19000909090909102 0.46997663551401864
0.22789090909090925 0.5517523364485981
0.1862272727272728 0.6198971962616823
0.17486363636363644 0.6783084112149533
0.27713636363636374 0.6296308411214953
0.315009090909091 0.5712196261682242
0.4172818181818183 0.5653785046728971
0.4930454545454547 0.54396261682243
0.5460727272727274 0.501126168224299
0.5688000000000001 0.4602383177570093
0.5763727272727274 0.4154579439252337
0.5081909090909091 0.3804112149532711
0.4362272727272728 0.33952336448598136
0.30743636363636373 0.3200514018691588
0.754409090909091 0.3823598130841121
0.7354636363636364 0.3239485981308411
0.7165272727272729 0.24606542056074773
0.6786454545454547 0.19544392523364482
0.6407727272727274 0.17402336448598124
}
