version: 2
n_points: 55
{
0.08261739130434761 0.3844615384615384
0.05237391304347847 0.5043012820512824
0.03157826086956536 0.652019230769231
0.02590869565217368 0.7467820512820516
0.0920695652173915 0.827602564102564
0.1752478260869566 0.8917051282051282
0.27543478260869575 0.9585961538461542
0.3756260869565218 0.9669551282051284
0.4701434782608697 0.9363012820512819
0.5495391304347826 0.888916666666667
0.6459478260869564 0.8248141025641029
0.7140000000000001 0.7802243589743592
0.7858347826086954 0.7105448717948719
0.8482130434782611 0.6241474358974357
0.9049260869565219 0.5043012820512824
0.9484043478260871 0.3649487179487181
0.9691956521739129 0.24232051282051292
0.9805391304347826 0.12247435897435899
0.9559652173913041 0.05280128205128187
0.9105956521739131 0.030500000000000194
0.38507826086956515 0.3677371794871792
0.318913043478261 0.4039679487179487
0.2414086956521739 0.43741666666666645
0.1922608695652175 0.5238141025641028
0.15445217391304347 0.6018525641025642
0.1355478260869567 0.6771025641025643
0.15256086956521764 0.7635
0.20171304347826088 0.7913717948717945
0.27543478260869575 0.816455128205128
0.3397086956521741 0.8415384615384613
0.43044347826086937 0.8499038461538464
0.5060608695652175 0.830391025641026
0.6024695652173913 0.7885833333333334
0.678082608695652 0.7189102564102563
0.7499173913043478 0.6297243589743587
0.4909347826086955 0.24232051282051292
0.5722217391304347 0.23117307692307687
0.6572869565217393 0.2060897435897434
0.6950956521739129 0.14198717948717932
0.7499173913043478 0.13083974358974326
0.7650391304347823 0.2701923076923075
0.7007652173913046 0.3482307692307689
0.6988782608695651 0.4987307692307693
0.6610695652173915 0.5962756410256411
0.6138086956521741 0.6687435897435894
0.5400869565217392 0.6603782051282052
0.45502173913043464 0.6408717948717948
0.3945304347826085 0.6074230769230772
0.3548304347826087 0.5488974358974361
0.3302565217391302 0.43741666666666645
0.5476478260869563 0.7690769230769231
0.45502173913043464 0.7662884615384619
0.3737347826086954 0.774647435897436
0.2735434782608694 0.7830128205128204
0.20171304347826088 0.7105448717948719
}
