version: 2
n_points: 55
{
0.16956842105263167 0.6532857142857138
0.09187368421052641 0.5590879120879115
0.049268421052631524 0.42826373626373604
0.026710526315789414 0.2974505494505493
0.0618000000000001 0.16662637362637378
0.12194736842105272 0.09336263736263717
0.19713684210526325 0.0619670329670331
0.28736315789473676 0.06719780219780236
0.3600473684210526 0.09859340659340643
0.4352315789473685 0.1038351648351643
0.5154315789473685 0.10906593406593357
0.6307210526315788 0.11952747252747198
0.7303473684210527 0.19474725274725246
0.8130526315789475 0.30857142857142894
0.8769631578947368 0.42630769230769205
0.9295947368421053 0.5479670329670331
0.9634263157894736 0.622538461538461
0.9784684210526315 0.744197802197802
0.9709473684210528 0.8383956043956042
0.9653105263157894 0.9482857142857141
0.4277157894736843 0.7716703296703294
0.3506473684210526 0.7128021978021979
0.26794210526315787 0.6029120879120881
0.18335263157894732 0.4655494505494506
0.13072105263157888 0.3556593406593407
0.14952105263157892 0.24184615384615427
0.162678947368421 0.155505494505494
0.21531052631578942 0.1398021978021976
0.28861578947368416 0.14373626373626425
0.3337315789473684 0.2065274725274724
0.3957578947368422 0.1869010989010993
0.47282631578947365 0.1869010989010993
0.5555315789473684 0.21437362637362678
0.6119263157894738 0.2771648351648349
0.6589157894736843 0.31249450549450564
0.48034736842105275 0.8030769230769236
0.5292157894736842 0.7834505494505493
0.5799684210526317 0.7677472527472529
0.6232052631578947 0.8266153846153844
0.7171894736842106 0.8344725274725276
0.6889947368421052 0.6814065934065938
0.6326 0.5793626373626372
0.6232052631578947 0.45378021978021965
0.5762105263157896 0.4066813186813192
0.5141789473684212 0.3713626373626372
0.4596684210526315 0.3792087912087916
0.4239526315789473 0.43023076923076875
0.393878947368421 0.4851758241758237
0.3732052631578947 0.5283516483516488
0.36192631578947376 0.6107692307692312
0.3299684210526317 0.23792307692307646
0.28109999999999996 0.2536263736263741
0.23410526315789484 0.28502197802197815
0.20591052631578943 0.28894505494505474
0.1645578947368422 0.3046373626373624
}
