version: 2
n_points: 55
{
0.39303482587064675 0.12540192926045016
0.4925373134328358 0.06966881028938916
0.5953582089552241 0.026794212218649423
0.7213930348258706 0.01607717041800643
0.8275273631840797 0.04823151125401929
0.9038159203980098 0.10610932475884244
0.9502487562189055 0.18542443729903546
0.9734676616915422 0.27759807073954973
0.9601990049751243 0.3590578778135049
0.9303482587064676 0.42336655948553065
0.8905472636815921 0.5005369774919615
0.8474278606965175 0.594855305466238
0.7810945273631841 0.6806012861736336
0.6749601990049753 0.7663440514469456
0.5356567164179106 0.8306527331189714
0.45936815920398 0.8992508038585206
0.386402985074627 0.9592700964630227
0.2670000000000001 0.9849935691318331
0.11110945273631823 0.9721318327974279
0.02487562189054726 0.9356913183279743
0.33333333333333337 0.44265916398713834
0.3565522388059703 0.3419067524115755
0.41956716417910433 0.26259485530546633
0.5290199004975122 0.20257234726688103
0.6351592039800997 0.15541157556270085
0.774462686567164 0.14469453376205788
0.8374776119402987 0.20685852090032145
0.8706467661691543 0.2947491961414792
0.8407960199004976 0.4040739549839229
0.8009950248756219 0.4898167202572346
0.7512437810945274 0.5862797427652732
0.6782736318407958 0.6655948553054662
0.6318407960199005 0.6998938906752412
0.572139303482587 0.7277588424437301
0.4792686567164177 0.7620578778135049
0.2670000000000001 0.4962475884244372
0.2603631840796018 0.5798488745980707
0.22719900497512457 0.6377266881028938
0.19071144278606955 0.6998938906752412
0.2305124378109451 0.6613086816720258
0.25704975124378127 0.6141479099678456
0.3366517412935325 0.594855305466238
0.4328358208955224 0.6012861736334405
0.5489203980099501 0.6205787781350482
0.6119402985074627 0.5884244372990354
0.6616915422885572 0.5176848874598071
0.6451094527363186 0.45123151125401917
0.5887213930348257 0.39764308681672034
0.49916915422885555 0.36763022508038573
0.3996666666666665 0.35262700964630234
0.7346616915422888 0.52840192926045
0.7578756218905474 0.4576623794212218
0.7678258706467663 0.37835048231511265
0.7678258706467663 0.29260450160771706
0.7280248756218903 0.20257234726688103
}
