version: 2
n_points: 55
{
0.7669364161849711 0.07184415584415593
0.8589942196531791 0.06222077922077918
0.9296416184971098 0.09107792207792209
0.9660404624277457 0.18248051948051935
0.9703179190751445 0.3556363636363634
0.9339248554913294 0.4806883116883117
0.8696994219653179 0.6153766233766231
0.8054739884393064 0.7259999999999998
0.7091329479768786 0.7933506493506493
0.6149364161849712 0.8606883116883116
0.5335838150289017 0.8895454545454546
0.4543699421965317 0.9184025974025976
0.3708786127167629 0.9232207792207792
0.3023699421965318 0.9232207792207792
0.24028323699421972 0.8991688311688311
0.18034104046242783 0.9087792207792208
0.11397109826589591 0.8895454545454546
0.07757803468208091 0.8462597402597404
0.034757225433525885 0.7548701298701299
0.02405780346820796 0.6682857142857143
0.7391040462427746 0.20651948051948033
0.8054739884393064 0.2401948051948053
0.8632774566473989 0.30272727272727273
0.8868265895953756 0.40854545454545454
0.8461502890173409 0.5239870129870131
0.7776416184971098 0.625
0.7176994219653178 0.6923376623376624
0.6641734104046242 0.745246753246753
0.5999479768786127 0.7548701298701299
0.5335838150289017 0.8077792207792209
0.48434104046242776 0.8414415584415584
0.4393815028901733 0.8366363636363635
0.38800578034682076 0.8173896103896103
0.3537514450867053 0.7741038961038961
0.32163583815028884 0.7692987012987011
0.49932947976878617 0.2979090909090908
0.4586531791907513 0.3796883116883115
0.40941040462427736 0.4470259740259739
0.3708786127167629 0.44222077922077907
0.31735260115606934 0.43740259740259746
0.3708786127167629 0.4758831168831169
0.3944277456647398 0.5095584415584414
0.4051329479768787 0.6105584415584416
0.4415260115606937 0.7259999999999998
0.4800635838150288 0.7115714285714285
0.5400057803468208 0.6827142857142856
0.5871040462427747 0.625
0.6170751445086706 0.5191688311688312
0.6363468208092486 0.43740259740259746
0.6320635838150288 0.32677922077922084
0.5549884393063582 0.750051948051948
0.6342023121387282 0.6730909090909092
0.6920057803468207 0.59612987012987
0.7540924855491331 0.5047402597402599
0.8140346820809249 0.4037402597402596
}
