version: 2
n_points: 55
{
0.7557654320987656 0.17408955223880598
0.6450740740740741 0.1226268656716417
0.5131111111111113 0.07115671641791042
0.35133333333333333 0.037708955223880576
0.2151111111111112 0.058291044776119454
0.11719753086419747 0.11747761194029843
0.06611111111111116 0.18181343283582088
0.0703703703703704 0.2718805970149253
0.0703703703703704 0.3490820895522387
0.0916543209876544 0.42113432835820885
0.0916543209876544 0.4983358208955223
0.10867901234567898 0.5858283582089553
0.12570370370370373 0.6836119402985076
0.18104938271604928 0.760813432835821
0.3172839506172838 0.8174253731343283
0.41519753086419753 0.8688955223880596
0.517358024691358 0.9229328358208956
0.666358024691358 0.9641044776119403
0.8153580246913582 0.9641044776119403
0.9430740740740742 0.9255074626865671
0.7046790123456791 0.3619477611940299
0.6493333333333334 0.2847462686567165
0.5812222222222223 0.1972537313432835
0.44924691358024704 0.14320895522388058
0.35133333333333333 0.10976119402985074
0.24065432098765427 0.12520149253731333
0.12996296296296297 0.18696268656716417
0.12570370370370373 0.2641567164179104
0.12996296296296297 0.34650746268656707
0.13422222222222221 0.41855970149253724
0.15124691358024697 0.4906119402985074
0.15976543209876545 0.547223880597015
0.16402469135802472 0.6218507462686568
0.2449012345679011 0.6964776119402986
0.34281481481481485 0.727358208955224
0.7557654320987656 0.4159850746268656
0.7046790123456791 0.47774626865671643
0.6919012345679014 0.5626641791044775
0.7898148148148147 0.6167089552238807
0.8409012345679012 0.6990522388059701
0.6919012345679014 0.706776119402985
0.5854814814814816 0.6321492537313432
0.41519753086419753 0.614134328358209
0.3130246913580246 0.5858283582089553
0.278962962962963 0.5137761194029851
0.28322222222222226 0.44686567164179103
0.36411111111111105 0.40311940298507465
0.4535061728395063 0.3928283582089553
0.5514197530864197 0.3773880597014925
0.6408148148148148 0.3567985074626866
0.17679012345679004 0.3928283582089553
0.2151111111111112 0.32849253731343286
0.26193827160493843 0.26930597014925367
0.321530864197531 0.21526865671641793
0.37261728395061716 0.18181343283582088
}
