version: 2
n_points: 55
{
0.48614432989690726 0.11048571428571427
0.6113298969072163 0.06626666666666665
0.7806907216494843 0.056066666666666674
0.8653814432989692 0.09687619047619045
0.9316494845360825 0.19211428571428568
0.9427010309278351 0.28055238095238094
0.9242886597938145 0.37239047619047616
0.8727422680412371 0.4982380952380952
0.8101443298969072 0.5798761904761904
0.7438762886597938 0.6513047619047619
0.6775979381443297 0.7227333333333333
0.6039587628865979 0.7805523809523812
0.5413711340206183 0.8281714285714288
0.482463917525773 0.8519809523809526
0.4161855670103093 0.8859904761904761
0.3499175257731959 0.9336095238095238
0.27995876288659804 0.9574190476190476
0.19158762886597946 0.9506190476190476
0.12163917525773171 0.9097999999999999
0.04800000000000004 0.8655904761904762
0.4603711340206186 0.3689904761904765
0.504556701030928 0.27375238095238097
0.5561030927835052 0.1785142857142857
0.6223711340206186 0.15130476190476191
0.7254639175257732 0.1581047619047619
0.8231030927835052 0.18568571428571443
0.8948247422680413 0.23744761904761894
0.8880927835051544 0.32440000000000013
0.8298247422680411 0.4320666666666668
0.789484536082474 0.5086666666666669
0.764835051546392 0.5707809523809525
0.7289793814432991 0.612190476190476
0.6729484536082475 0.6805142857142857
0.616917525773196 0.7198476190476191
0.5227938144329898 0.7384761904761906
0.3681546391752578 0.349247619047619
0.4040103092783507 0.4175714285714288
0.3950412371134022 0.5169523809523807
0.31660824742268057 0.5500761904761903
0.24712371134020628 0.628752380952381
0.3345360824742267 0.6349619047619047
0.3972886597938142 0.6163238095238095
0.47796907216494844 0.6453142857142855
0.5720927835051546 0.6473809523809526
0.6236391752577319 0.612190476190476
0.6505360824742266 0.5521428571428574
0.6482989690721648 0.4838190476190475
0.6124329896907217 0.4279238095238097
0.5698556701030929 0.3740952380952378
0.5227938144329898 0.3057714285714285
0.7513917525773195 0.5293714285714286
0.7715567010309279 0.4424190476190477
0.7805257731958765 0.3823714285714286
0.789484536082474 0.293342857142857
0.7872474226804124 0.2250190476190477
}
