version: 2
n_points: 55
{
0.8161636363636362 0.39177777777777767
0.9032848484848484 0.5549777777777778
0.9582060606060605 0.6869222222222223
0.9638909090909089 0.8397000000000001
0.8957090909090908 0.9369222222222223
0.8123757575757574 0.9403888888888888
0.7441939393939392 0.8639999999999999
0.6684363636363635 0.8014999999999999
0.5983575757575756 0.7563666666666667
0.5263878787878786 0.7077555555555557
0.44684242424242415 0.666088888888889
0.37676969696969675 0.6278888888888887
0.29911515151515145 0.5723333333333332
0.234721212121212 0.48205555555555546
0.18358787878787863 0.4334444444444443
0.14759999999999995 0.3605333333333334
0.09456969696969686 0.3049777777777779
0.03964848484848471 0.23553333333333315
0.026387878787878738 0.13831111111111083
0.041539393939393876 0.04455555555555546
0.593787878787879 0.33305555555555544
0.6686545454545453 0.43436666666666657
0.7506545454545455 0.5291444444444444
0.7969999999999999 0.6500555555555555
0.8273030303030302 0.7709666666666667
0.8183878787878788 0.8853444444444446
0.7756060606060607 0.8722777777777777
0.7346121212121213 0.8134555555555557
0.6686545454545453 0.7579000000000001
0.6027030303030305 0.7284888888888887
0.5474424242424241 0.7154111111111111
0.49396969696969695 0.6892666666666666
0.4155393939393941 0.6435222222222222
0.3691939393939392 0.574888888888889
0.3602787878787881 0.4670444444444444
0.5590727272727274 0.25478888888888873
0.48981212121212137 0.2971111111111112
0.4248727272727272 0.3182777777777779
0.37581212121212126 0.23097777777777795
0.31664848484848496 0.16483333333333305
0.3209757575757577 0.23626666666666674
0.39601212121212115 0.33150000000000013
0.4191030303030302 0.45320000000000016
0.43064848484848495 0.5775333333333335
0.4883696969696971 0.6463222222222224
0.5504181818181819 0.6542555555555556
0.600921212121212 0.6516111111111113
0.6283393939393939 0.5987000000000001
0.6384363636363635 0.5193333333333334
0.654309090909091 0.46377777777777784
0.6211212121212122 0.7151000000000001
0.6644121212121211 0.7151000000000001
0.7149151515151516 0.7045222222222223
0.7481090909090908 0.696588888888889
0.7841818181818181 0.6860000000000002
}
