version: 2
n_points: 55
{
0.7910426908150066 0.01955947136563896
0.8594217335058216 0.1768942731277532
0.9130168175937904 0.4223303964757711
0.9924838292367401 0.7055286343612334
0.9795472186287193 0.8691541850220265
0.9019275549805952 0.9194977973568281
0.8169159120310481 0.900616740088106
0.7411448900388098 0.8817400881057268
0.6431953428201812 0.8880308370044052
0.5507917205692108 0.9509647577092513
0.4676274256144891 0.9761365638766518
0.3733751617076325 0.9446696035242294
0.2920595084087968 0.8817400881057268
0.21813583441138407 0.7747533039647578
0.13682018111254846 0.630008810572687
0.07583311772315637 0.46638325991189444
0.029631306597671325 0.3531057268722466
0.005605433376455471 0.22723788546255497
0.007454075032341412 0.0950792951541849
0.024086675291073667 0.02585462555066087
0.558183699870634 0.16430837004405285
0.648739974126779 0.21465198237885463
0.7374489003880983 0.3405198237885463
0.7965873221216041 0.4852643171806166
0.8520297542043983 0.6488898678414097
0.9056248382923674 0.8439779735682817
0.8280051746442432 0.8125110132158593
0.7522328589909445 0.7621674008810571
0.6838538163001293 0.7936343612334801
0.6025381630012936 0.8502731277533038
0.5175265200517465 0.8880308370044052
0.44360284605433375 0.8817400881057268
0.3678305304010351 0.8251013215859031
0.29390685640362235 0.6992334801762115
0.24955368693402324 0.52931718061674
0.5119818887451487 0.2020660792951543
0.46208279430789145 0.21465198237885463
0.3937037516170764 0.18948017621145352
0.3585899094437258 0.06361233480176232
0.27173091849935316 0.05102643171806154
0.2772742561448901 0.23353303964757688
0.3179327296248382 0.3153436123348017
0.3290206985769729 0.5167312775330397
0.36043855109961176 0.6488898678414097
0.4158809831824064 0.6677665198237884
0.48795601552393275 0.6677665198237884
0.5526390685640363 0.6174229074889866
0.5859055627425613 0.52931718061674
0.6080827943078914 0.38457268722466964
0.6228667529107375 0.25241409691629957
0.7226636481241914 0.7495814977973567
0.7688654592496766 0.7118193832599118
0.794738680465718 0.6992334801762115
0.8224605433376455 0.6803524229074892
0.8483337645536868 0.6740616740088103
}
