version: 2
n_points: 55
{
0.8861741935483873 0.5894105263157897
0.9238064516129032 0.4578315789473687
0.9614451612903225 0.31309473684210554
0.9399354838709677 0.1946736842105266
0.8673548387096774 0.11572631578947398
0.7867096774193548 0.0806421052631579
0.6872516129032258 0.06309473684210526
0.595851612903226 0.10256842105263188
0.5313354838709679 0.13765263157894736
0.46681935483870984 0.18151578947368452
0.39692903225806453 0.22098947368421082
0.32434838709677416 0.2560736842105263
0.26520645161290346 0.2955473684210526
0.1899354838709677 0.34817894736842103
0.12810967741935497 0.4271263157894737
0.07434838709677416 0.5192315789473684
0.042090322580645156 0.615726315789474
0.025961290322580655 0.7166
0.034025806451612906 0.8394105263157897
0.09047741935483866 0.9534421052631579
0.5716580645161292 0.729757894736842
0.6523032258064518 0.6595894736842105
0.7410129032258066 0.5718631578947369
0.813593548387097 0.47537894736842107
0.8566064516129033 0.35256842105263186
0.848541935483871 0.22098947368421082
0.7678967741935484 0.1683578947368424
0.6738064516129032 0.15081052631578945
0.595851612903226 0.1946736842105266
0.5125161290322581 0.2560736842105263
0.44531612903225803 0.29993684210526345
0.3700451612903227 0.3438
0.3109032258064516 0.40958947368421056
0.2705806451612903 0.45344210526315787
0.2410129032258066 0.5148526315789473
0.5486580645161289 0.794336842105263
0.4865354838709678 0.7475473684210526
0.4339677419354838 0.7553473684210524
0.4100709677419353 0.8138210526315788
0.32882580645161297 0.817726315789474
0.3049354838709677 0.6890736842105262
0.30732258064516127 0.5721157894736842
0.37661935483870956 0.5214315789473685
0.42440645161290336 0.45514736842105236
0.4865354838709678 0.48244210526315784
0.5295419354838711 0.5136315789473686
0.5749419354838708 0.5682105263157896
0.613174193548387 0.5877052631578946
0.6322903225806451 0.6072000000000003
0.6322903225806451 0.6500842105263156
0.5080387096774193 0.29141052631578973
0.5940580645161291 0.2992105263157896
0.6681354838709677 0.29141052631578973
0.7613225806451612 0.29141052631578973
0.8258387096774193 0.33039999999999975
}
