version: 2
n_points: 55
{
0.8257261410788381 0.7266666666666667
0.892116182572614 0.5466666666666666
0.979253112033195 0.3933333333333333
0.979253112033195 0.22666666666666666
0.91701244813278 0.10666666666666667
0.8423236514522822 0.06
0.7717842323651453 0.03333333333333333
0.6721991701244814 0.04666666666666667
0.5975103734439834 0.04666666666666667
0.5186721991701244 0.07333333333333333
0.4481327800829875 0.10666666666666667
0.3609958506224067 0.15333333333333332
0.27800829875518673 0.21333333333333335
0.19917012448132776 0.32
0.1203319502074689 0.44
0.06639004149377592 0.5333333333333333
0.02904564315352698 0.6466666666666666
0.020746887966805017 0.7866666666666666
0.06639004149377592 0.8933333333333333
0.13278008298755184 0.9666666666666667
0.5850622406639003 0.62
0.6929460580912863 0.5933333333333334
0.7842323651452282 0.5466666666666666
0.8672199170124482 0.4666666666666667
0.8962655601659751 0.4066666666666667
0.8755186721991701 0.26666666666666666
0.8340248962655602 0.15333333333333332
0.7510373443983402 0.14666666666666667
0.6680497925311204 0.16
0.5643153526970954 0.16666666666666666
0.48962655601659755 0.17333333333333334
0.41493775933609955 0.19333333333333333
0.3568464730290456 0.24666666666666667
0.31950207468879666 0.30666666666666664
0.29460580912863066 0.38
0.5933609958506224 0.78
0.5228215767634854 0.7466666666666667
0.4273858921161826 0.72
0.37344398340248963 0.7866666666666666
0.3153526970954357 0.8066666666666666
0.3112033195020747 0.72
0.36929460580912865 0.5933333333333334
0.3609958506224067 0.4533333333333333
0.39419087136929465 0.35333333333333333
0.46058091286307057 0.32666666666666666
0.5228215767634854 0.3333333333333333
0.5601659751037344 0.34
0.6016597510373445 0.38666666666666666
0.6431535269709543 0.43333333333333335
0.6887966804979253 0.54
0.5269709543568465 0.19333333333333333
0.6182572614107884 0.19333333333333333
0.6970954356846473 0.18666666666666668
0.7551867219917012 0.18666666666666668
0.7842323651452282 0.16666666666666666
}
