version: 2
n_points: 55
{
0.903100529100529 0.5805425531914896
0.9284973544973545 0.4613936170212764
0.9581269841269842 0.33798936170212784
0.9708253968253968 0.19756382978723433
0.9221481481481482 0.08267021276595761
0.8290264550264549 0.061393617021276756
0.7507195767195769 0.07841489361702107
0.6512486772486773 0.08692553191489354
0.5665925925925926 0.13373404255319177
0.4713544973544974 0.17203191489361694
0.38669841269841276 0.21458510638297865
0.31474074074074065 0.2869255319148937
0.22796825396825404 0.3635212765957446
0.14966137566137538 0.4741595744680854
0.09251851851851844 0.5762872340425531
0.06288888888888866 0.6741595744680849
0.035375661375661616 0.7720319148936173
0.024793650793651034 0.8571382978723407
0.03960846560846554 0.9337340425531917
0.09040211640211648 0.9550106382978725
0.6068042328042327 0.6401170212765956
0.6808783068783067 0.5677765957446806
0.7464867724867725 0.5124574468085106
0.8290264550264549 0.4358617021276596
0.8798201058201058 0.3209680851063829
0.8967513227513227 0.20181914893617026
0.8523068783068783 0.10820212765957439
0.774 0.1252234042553193
0.6914603174603173 0.16352127659574447
0.6173862433862433 0.17203191489361694
0.5306137566137566 0.21884042553191518
0.4692380952380951 0.25288297872340443
0.39728042328042334 0.29543617021276614
0.3464867724867724 0.3465000000000003
0.2935767195767195 0.4060744680851063
0.5687089947089947 0.6826702127659574
0.5157989417989417 0.6571382978723406
0.4565396825396826 0.6784148936170215
0.4078624338624339 0.7550106382978724
0.3464867724867724 0.814585106382979
0.31474074074074065 0.7337340425531915
0.36130158730158735 0.6230957446808514
0.36976719576719586 0.48267021276595723
0.39516402116402105 0.38905319148936196
0.4565396825396826 0.3465000000000003
0.522148148148148 0.34224468085106374
0.5708253968253969 0.33798936170212784
0.6131534391534392 0.376287234042553
0.649132275132275 0.42735106382978716
0.6745291005291005 0.49969148936170216
0.5877566137566138 0.22735106382978704
0.647015873015873 0.25288297872340443
0.7020423280423279 0.2613936170212769
0.7782328042328043 0.2826702127659577
0.8374920634920635 0.29543617021276614
}
