version: 2
n_points: 55
{
0.1810119047619049 0.24285714285714244
0.0984047619047618 0.4385918367346936
0.06925000000000009 0.5760408163265306
0.07411904761904761 0.7509591836734699
0.15185714285714286 0.8425918367346934
0.24174999999999985 0.8717551020408165
0.2927738095238094 0.8800816326530617
0.3607976190476189 0.8759183673469391
0.4336904761904763 0.8675918367346939
0.4992857142857143 0.8425918367346934
0.5697380952380953 0.8176122448979589
0.6377738095238096 0.7842857142857145
0.6960714285714286 0.7343061224489795
0.7592499999999999 0.6551836734693874
0.8224166666666667 0.5635510204081629
0.9098809523809525 0.47191836734693926
0.9268809523809525 0.38861224489795865
0.9511785714285714 0.29699999999999993
0.9463214285714288 0.18036734693877599
0.9317380952380951 0.08873469387755129
0.4591428571428573 0.27669387755102026
0.3669761904761904 0.26683673469387736
0.2594523809523811 0.28987755102040835
0.19609523809523818 0.3556938775510199
0.14040476190476203 0.45116326530612305
0.11736904761904772 0.5400408163265304
0.11352380952380954 0.6947346938775505
0.15960714285714298 0.7704489795918369
0.2268095238095237 0.8165306122448978
0.30170238095238083 0.8099387755102043
0.3669761904761904 0.8000816326530613
0.43610714285714297 0.7967755102040811
0.5186666666666668 0.7868979591836733
0.5781904761904764 0.7704489795918369
0.6415595238095237 0.7276530612244893
0.45530952380952394 0.16479591836734675
0.5167500000000002 0.21744897959183618
0.5647499999999999 0.22404081632653083
0.6031547619047618 0.17465306122448965
0.6914761904761905 0.19112244897959207
0.6761190476190477 0.3063265306122447
0.6031547619047618 0.3853265306122443
0.6089166666666667 0.5071224489795916
0.5839523809523809 0.5861224489795924
0.5321071428571429 0.6651224489795919
0.46875 0.6552448979591843
0.4226666666666666 0.5894081632653055
0.38617857142857137 0.4972448979591838
0.3592976190476192 0.39191836734693897
0.32665476190476184 0.309612244897959
0.39194047619047623 0.7902040816326537
0.3439404761904761 0.7540000000000006
0.27480952380952384 0.7013265306122451
0.19225 0.6453673469387753
0.14808333333333326 0.628918367346939
}
