version: 2
n_points: 55
{
0.8932806324110671 0.6720183486238532
0.9426877470355731 0.5619266055045872
0.9762845849802372 0.3967889908256881
0.9782608695652174 0.30045871559633025
0.9328063241106719 0.1811926605504587
0.8893280632411067 0.11697247706422019
0.8181818181818181 0.07110091743119266
0.7252964426877471 0.052752293577981654
0.6660079051383399 0.10321100917431193
0.5948616600790514 0.1444954128440367
0.48814229249011853 0.17660550458715596
0.3913043478260869 0.22247706422018348
0.30632411067193677 0.27293577981651373
0.23320158102766797 0.36009174311926606
0.1699604743083004 0.3922018348623853
0.11067193675889331 0.49770642201834864
0.05731225296442688 0.6353211009174312
0.01976284584980237 0.7775229357798165
0.01976284584980237 0.8922018348623854
0.01976284584980237 0.9610091743119266
0.5786758893280631 0.7896422018348623
0.6483162055335969 0.7503302752293578
0.7405415019762847 0.6847981651376147
0.7744229249011857 0.6629541284403669
0.8214743083003954 0.5187889908256881
0.8704110671936759 0.40082568807339447
0.8798221343873519 0.2566605504587156
0.8365335968379446 0.17366055045871562
0.7819486166007906 0.16491743119266053
0.6991343873517786 0.19987155963302752
0.6182015810276679 0.24792660550458717
0.5485612648221344 0.24792660550458717
0.4732727272727273 0.26540366972477064
0.40363241106719383 0.3134587155963303
0.35845849802371543 0.38335779816513765
0.5485612648221344 0.8202293577981652
0.5353833992094861 0.7852752293577981
0.46198023715415004 0.7503302752293578
0.39045849802371546 0.7852752293577981
0.32458102766798436 0.7983853211009174
0.36786956521739145 0.7372201834862385
0.4111620553359684 0.6978990825688073
0.42433596837944676 0.5930550458715597
0.4676284584980237 0.48820183486238533
0.533501976284585 0.453256880733945
0.5937312252964426 0.4838348623853211
0.6238458498023716 0.5187889908256881
0.6483162055335969 0.5799449541284404
0.6596086956521738 0.6323761467889908
0.670901185770751 0.6935321100917431
0.6407865612648223 0.2697706422018349
0.6916047430830039 0.2959816513761468
0.7405415019762847 0.32655963302752294
0.7894782608695652 0.37461467889908256
0.8327667984189724 0.40082568807339447
}
