version: 2
n_points: 55
{
0.26549999999999996 0.8044897959183671
0.16821176470588237 0.674969387755102
0.07318823529411769 0.5336836734693876
0.03246470588235297 0.3453061224489793
0.07092941176470584 0.1490714285714284
0.13654117647058817 0.08235714285714313
0.20441176470588235 0.05487755102040803
0.2768117647058823 0.05487755102040803
0.3514705882352941 0.06272448979591827
0.43970588235294117 0.101979591836735
0.5121058823529412 0.12944897959183654
0.586764705882353 0.15300000000000025
0.6569 0.20009183673469366
0.7247764705882352 0.25895918367346926
0.8039588235294117 0.3609999999999999
0.8740941176470588 0.42379591836734676
0.9306588235294116 0.5258367346938774
0.960070588235294 0.6671224489795917
0.9713823529411764 0.824112244897959
0.9736411764705882 0.957551020408163
0.4306588235294117 0.718142857142857
0.3469470588235294 0.718142857142857
0.27002352941176466 0.6671224489795917
0.19988823529411762 0.6121836734693881
0.1569 0.4787448979591834
0.1569 0.3139081632653059
0.19762352941176473 0.1804693877551018
0.2745470588235294 0.16084693877550993
0.3627823529411765 0.16869387755102028
0.44422941176470593 0.16476530612244888
0.5098411764705882 0.18831632653061203
0.5618764705882353 0.23148979591836716
0.6093882352941177 0.2746632653061222
0.6433235294117647 0.3099795918367345
0.6795235294117647 0.36492857142857127
0.46459411764705877 0.8476632653061227
0.5256764705882353 0.7887857142857142
0.5980764705882353 0.7848673469387752
0.6569 0.8319591836734692
0.7134588235294118 0.8672857142857145
0.6930999999999999 0.718142857142857
0.604864705882353 0.6082551020408161
0.5958117647058824 0.44734693877551
0.5641411764705883 0.35315306122448953
0.5098411764705882 0.2746632653061222
0.4532823529411764 0.24718367346938763
0.39898235294117645 0.278581632653061
0.37635882352941175 0.39239795918367326
0.353735294117647 0.5258367346938774
0.317535294117647 0.6671224489795917
0.3469470588235294 0.1804693877551018
0.31527058823529414 0.20009183673469366
0.2790705882352942 0.21971428571428553
0.23834705882352944 0.23148979591836716
0.19988823529411762 0.25895918367346926
}
