version: 2
n_points: 55
{
0.7754590163934426 0.07259953161592506
0.5887158469945356 0.04218969555035126
0.41112021857923503 0.018770491803278656
0.22897267759562834 0.012915690866510506
0.09236065573770484 0.06951288056206092
0.037715846994535444 0.1534309133489461
0.028606557377049254 0.24320374707259942
0.046819672131147606 0.3271241217798595
0.11968306010928954 0.39347775175644023
0.1879890710382513 0.46763934426229514
0.2426338797814207 0.5554613583138174
0.3246010928961748 0.6335245901639344
0.4020109289617487 0.7174426229508196
0.5067486338797815 0.7974590163934426
0.52951912568306 0.8482014051522249
0.5887158469945356 0.9008946135831382
0.684344262295082 0.9574894613583137
0.802743169398907 0.9867634660421545
0.9120327868852458 0.9887166276346605
0.9757814207650273 0.971152224824356
0.8664918032786885 0.4461709601873536
0.7799726775956285 0.37005854800936766
0.6980054644808744 0.2978501170960188
0.6296994535519126 0.21392974238875867
0.4794262295081968 0.1573348946135832
0.3792459016393442 0.12415690866510536
0.19709289617486345 0.11635128805620613
0.11512568306010935 0.17099531615925057
0.1287868852459017 0.2236885245901639
0.14700546448087423 0.2958969555035128
0.22441530054644815 0.37981733021077285
0.2881693989071039 0.4364121779859484
0.33826229508196715 0.4949601873536299
0.4020109289617487 0.57888056206089
0.5340710382513661 0.7057330210772833
0.9712295081967214 0.4461709601873536
0.9029234972677597 0.4871545667447306
0.8892622950819673 0.5457025761124121
0.9256939890710382 0.5847353629976582
0.916584699453552 0.6374285714285715
0.8391693989071037 0.6354754098360654
0.76175956284153 0.6062014051522248
0.7071147540983606 0.6237658079625291
0.6069289617486338 0.5964449648711945
0.5279398907103825 0.5233348946135833
0.519535519125683 0.46929039812646356
0.5405519125683059 0.39723185011709616
0.5951967213114754 0.3810187353629978
0.6750601092896175 0.3666065573770493
0.7381147540983606 0.3612014051522247
0.38081967213114754 0.505320843091335
0.36400546448087434 0.4260538641686182
0.36820765027322405 0.32517096018735353
0.37661748633879777 0.26031850117096006
0.37661748633879777 0.19366510538641699
}
