version: 2
n_points: 55
{
0.8251065573770493 0.6146463414634148
0.8839508196721311 0.4926951219512196
0.9449016393442624 0.37387804878048797
0.9512131147540984 0.2487926829268294
0.9070737704918034 0.1643658536585367
0.8377131147540986 0.1174634146341464
0.768360655737705 0.07993902439024399
0.7011065573770494 0.07056097560975612
0.6296475409836066 0.08619512195121931
0.5644918032786885 0.13935365853658563
0.4993360655737703 0.19251219512195122
0.43202459016393435 0.25196341463414634
0.35868852459016387 0.30331707317073187
0.2853524590163934 0.3578658536585369
0.21848360655737686 0.4477317073170732
0.1559262295081969 0.5375853658536585
0.08474590163934426 0.6563292682926831
0.03945081967213104 0.7782804878048782
0.045918032786885 0.8713414634146347
0.09121311475409821 0.9483658536585361
0.5916475409836064 0.6627439024390247
0.6736147540983606 0.6306585365853659
0.7383278688524593 0.5921463414634144
0.8051967213114752 0.5247439024390244
0.8526475409836067 0.41563414634146334
0.865590163934426 0.3065243902439023
0.8310819672131147 0.2102439024390245
0.7598934426229508 0.1653170731707315
0.6887131147540986 0.15889024390243897
0.6089016393442623 0.18136585365853675
0.5377213114754096 0.23270731707317066
0.4557540983606555 0.2936829268292682
0.3845737704918033 0.3354024390243901
0.3263360655737704 0.3835365853658535
0.2702540983606557 0.4573536585365852
0.5602540983606557 0.7799756097560979
0.49422131147540993 0.7596463414634146
0.41453278688524575 0.7630365853658538
0.37127049180327887 0.82740243902439
0.3325655737704917 0.8544999999999995
0.3302868852459018 0.7901341463414634
0.37809836065573754 0.7190000000000003
0.37809836065573754 0.6139878048780485
0.3803770491803279 0.5123536585365851
0.4168114754098361 0.4446097560975613
0.4919426229508196 0.39379268292682923
0.5648032786885246 0.41073170731707326
0.5989590163934424 0.4852560975609756
0.6308360655737704 0.553012195121951
0.6558770491803279 0.6105975609756099
0.47372950819672144 0.3260487804878048
0.5579754098360654 0.30232926829268286
0.6467704918032787 0.30910975609756075
0.7219098360655736 0.3294268292682924
0.8038770491803278 0.33281707317073167
}
