version: 2
n_points: 55
{
0.12984057971014498 0.6259247311827958
0.08661835748792274 0.5297096774193549
0.040850241545893805 0.41652688172043006
0.025594202898550734 0.29202150537634397
0.03068115942028985 0.18449462365591385
0.06882125603864725 0.08262365591397847
0.13238647342995166 0.07131182795698932
0.20103381642512066 0.054333333333333345
0.27476811594202905 0.0656451612903225
0.36121739130434805 0.10525806451612896
0.42478260869565193 0.17317204301075262
0.49597584541062817 0.22410752688172053
0.5849661835748791 0.2693870967741936
0.6688695652173914 0.28636559139784956
0.7680289855072462 0.3146559139784947
0.857024154589372 0.41652688172043006
0.9129565217391303 0.5523440860215053
0.9612657004830917 0.7164731182795699
0.9765217391304347 0.8240000000000001
0.9714396135265699 0.9485053763440862
0.3561304347826089 0.7051505376344087
0.28493719806763296 0.6315806451612903
0.21883091787439615 0.5183978494623658
0.18069565217391304 0.38822580645161286
0.14255555555555563 0.25806451612903225
0.14255555555555563 0.1675161290322582
0.20103381642512066 0.1675161290322582
0.27476811594202905 0.17883870967741944
0.37138647342995146 0.21278494623655897
0.4349516908212559 0.2750430107526882
0.4985169082125603 0.28069892473118263
0.5620821256038647 0.30334408602150553
0.607850241545894 0.3259784946236559
0.6612415458937195 0.38256989247311834
0.6917536231884057 0.4221827956989248
0.46546376811594203 0.7843763440860215
0.5163140096618355 0.7447634408602151
0.5747922705314008 0.7108064516129031
0.6332753623188404 0.7504193548387096
0.6866666666666666 0.7843763440860215
0.6561594202898553 0.7334516129032259
0.62056038647343 0.699494623655914
0.605304347826087 0.5693225806451613
0.57987922705314 0.46746236559139775
0.5290289855072464 0.3938924731182796
0.4603768115942029 0.35993548387096763
0.4095265700483094 0.3938924731182796
0.3815555555555554 0.5014193548387097
0.37138647342995146 0.5863010752688174
0.36121739130434805 0.6711935483870967
0.4069855072463767 0.28636559139784956
0.3434202898550723 0.2976774193548386
0.2951111111111112 0.3203118279569891
0.24171497584541074 0.3372903225806452
0.19086473429951697 0.33163440860215065
}
