version: 2
n_points: 55
{
0.9408943661971831 0.7503529411764706
0.963781690140845 0.5934901960784313
0.9796267605633803 0.45623529411764707
0.9708239436619718 0.29937254901960786
0.9162464788732394 0.171921568627451
0.838781690140845 0.11309803921568629
0.759556338028169 0.05917647058823531
0.6873732394366197 0.05427450980392158
0.6222323943661972 0.05917647058823531
0.5447676056338029 0.0983921568627451
0.47962676056338027 0.11309803921568629
0.3986408450704225 0.11309803921568629
0.31589436619718314 0.1327058823529412
0.22786619718309864 0.1768235294117647
0.16448591549295777 0.24545098039215688
0.10286619718309864 0.3336862745098039
0.043007042253521144 0.4807450980392157
0.014838028169014028 0.6425098039215686
0.025401408450704266 0.8385882352941176
0.07997887323943664 0.9513333333333334
0.6011056338028169 0.7601568627450981
0.7401901408450704 0.6229019607843137
0.8423028169014084 0.5199607843137255
0.9056830985915493 0.4072156862745098
0.8933591549295774 0.27976470588235297
0.8528661971830986 0.24054901960784314
0.8018098591549296 0.1768235294117647
0.7507535211267605 0.18172549019607845
0.6996971830985915 0.171921568627451
0.6380774647887324 0.20133333333333334
0.5658943661971831 0.1915294117647059
0.486669014084507 0.1523137254901961
0.41448591549295777 0.14741176470588235
0.3458239436619718 0.16701960784313727
0.23314788732394365 0.29447058823529415
0.5799788732394366 0.7699607843137255
0.5183591549295774 0.7160392156862745
0.41448591549295777 0.7405490196078431
0.35286619718309864 0.7650588235294118
0.2771619718309859 0.7993725490196079
0.2489929577464789 0.6964313725490197
0.282443661971831 0.5591764705882353
0.282443661971831 0.4317254901960784
0.3317394366197183 0.368
0.4162464788732394 0.3532941176470588
0.4725845070422535 0.3827058823529412
0.5271619718309859 0.45133333333333336
0.5729366197183099 0.5199607843137255
0.6063873239436619 0.6032941176470589
0.6187112676056338 0.7111372549019608
0.6028661971830986 0.2307450980392157
0.6697676056338029 0.27976470588235297
0.7542746478873239 0.2846666666666667
0.8229366197183099 0.3287843137254902
0.8810352112676056 0.37290196078431376
}
