version: 2
n_points: 55
{
0.12893399339933995 0.7387714285714294
0.05945214521452148 0.5771214285714288
0.01776567656765689 0.445542857142857
0.028188118811881366 0.28012857142857195
0.07856105610561047 0.13727142857142915
0.15846204620462048 0.0583214285714283
0.25573597359735994 0.039528571428572135
0.36864356435643547 0.07336428571428544
0.4537557755775579 0.1297499999999997
0.5353960396039604 0.1598285714285712
0.611825082508251 0.1673428571428579
0.6726204620462045 0.23125714285714272
0.7351518151815181 0.291407142857143
0.7872640264026405 0.332757142857143
0.842848184818482 0.39290714285714334
0.907118811881188 0.48313571428571356
0.9661749174917491 0.5959142857142865
0.9852838283828385 0.7538142857142864
0.967914191419142 0.8703571428571422
0.901907590759076 0.9643357142857147
0.399907590759076 0.7124571428571422
0.30610891089108905 0.6598285714285712
0.20188778877887797 0.599678571428571
0.15499009900990096 0.5244857142857151
0.1254587458745875 0.42674285714285654
0.12198679867986795 0.30644285714285746
0.1428316831683169 0.19742142857142786
0.2088382838283829 0.13727142857142915
0.27310561056105603 0.1335142857142858
0.35127062706270606 0.18238571428571504
0.412069306930693 0.22373571428571493
0.4763366336633665 0.21622142857142823
0.5475544554455445 0.25005000000000044
0.618772277227723 0.32147857142857195
0.66219801980198 0.38539285714285665
0.398171617161716 0.7688499999999993
0.4398613861386139 0.7087000000000006
0.5162871287128711 0.6861428571428567
0.563188118811881 0.7538142857142864
0.6483003300330031 0.8064428571428575
0.6604620462046205 0.6974214285714279
0.590980198019802 0.656071428571428
0.5805577557755776 0.5132142857142851
0.5545016501650165 0.400428571428571
0.512815181518152 0.32147857142857195
0.43638613861386144 0.3177214285714285
0.3894851485148515 0.40418571428571437
0.3755907590759075 0.47561428571428577
0.36864356435643547 0.5808785714285721
0.35474587458745893 0.6635857142857146
0.392960396039604 0.2387714285714293
0.3477986798679869 0.26884999999999926
0.2835280528052805 0.3026857142857141
0.22620792079207938 0.34027857142857076
0.16714851485148502 0.4079500000000005
}
