version: 2
n_points: 55
{
0.09929078014184398 0.6153846153846154
0.05673758865248227 0.4835164835164836
0.03546099290780142 0.3296703296703296
0.06382978723404255 0.17582417582417587
0.14184397163120568 0.08791208791208793
0.24113475177304963 0.05494505494505497
0.3475177304964539 0.06593406593406592
0.4397163120567376 0.10989010989010994
0.5177304964539007 0.1648351648351648
0.5815602836879432 0.23076923076923084
0.6453900709219859 0.29670329670329676
0.7092198581560284 0.35164835164835173
0.7730496453900709 0.4065934065934066
0.8226950354609929 0.4945054945054945
0.873872340425532 0.6204175824175824
0.929950354609929 0.6843076923076922
0.9662340425531913 0.7635274725274724
0.9596382978723406 0.8683076923076922
0.9052056737588654 0.9500879120879121
0.7782056737588651 0.9347582417582416
0.47802836879432614 0.6817472527472526
0.39060992907801434 0.679197802197802
0.32463829787234044 0.6178571428571428
0.24712056737588647 0.5590879120879122
0.18444680851063833 0.47219780219780216
0.1498085106382978 0.3341868131868132
0.1662978723404254 0.2191868131868131
0.19598581560283698 0.1476373626373626
0.2685602836879434 0.1348571428571428
0.3279361702127658 0.15274725274725287
0.3856666666666668 0.1706373626373625
0.4466879432624114 0.2115274725274725
0.5258581560283689 0.27030769230769247
0.626468085106383 0.35207692307692295
0.7039858156028369 0.48752747252747264
0.47143262411347503 0.7814175824175825
0.5258581560283689 0.7737472527472528
0.5918297872340424 0.8018681318681319
0.6396666666666666 0.8657582417582417
0.6693546099290781 0.8555274725274726
0.6479078014184398 0.8044175824175824
0.5868865248226949 0.7533076923076921
0.5835886524822695 0.6919780219780219
0.5984326241134753 0.5871978021978023
0.5670921985815601 0.4977472527472526
0.5093617021276595 0.4543076923076925
0.44998581560283674 0.44919780219780225
0.42029787234042554 0.48752747252747264
0.3856666666666668 0.5641978021978024
0.3460780141843973 0.6050879120879119
0.5077163120567377 0.28052747252747245
0.4170000000000002 0.24985714285714278
0.326290780141844 0.24729670329670317
0.2603120567375887 0.2524175824175824
0.19104255319148944 0.3137472527472527
}
