version: 2
n_points: 55
{
0.7503529411764706 0.05910563380281691
0.5934901960784313 0.03621830985915493
0.45623529411764707 0.020373239436619724
0.29937254901960786 0.029176056338028174
0.171921568627451 0.08375352112676057
0.11309803921568629 0.16121830985915495
0.05917647058823531 0.24044366197183098
0.05427450980392158 0.3126267605633803
0.05917647058823531 0.3777676056338028
0.0983921568627451 0.45523239436619717
0.11309803921568629 0.5203732394366197
0.11309803921568629 0.6013591549295775
0.1327058823529412 0.6841056338028169
0.1768235294117647 0.7721338028169014
0.24545098039215688 0.8355140845070422
0.3336862745098039 0.8971338028169014
0.4807450980392157 0.9569929577464789
0.6425098039215686 0.985161971830986
0.8385882352941176 0.9745985915492957
0.9513333333333334 0.9200211267605634
0.7601568627450981 0.3988943661971831
0.6229019607843137 0.2598098591549296
0.5199607843137255 0.15769718309859154
0.4072156862745098 0.09431690140845071
0.27976470588235297 0.10664084507042254
0.24054901960784314 0.14713380281690142
0.1768235294117647 0.19819014084507042
0.18172549019607845 0.24924647887323945
0.171921568627451 0.3003028169014085
0.20133333333333334 0.3619225352112676
0.1915294117647059 0.4341056338028169
0.1523137254901961 0.513330985915493
0.14741176470588235 0.5855140845070422
0.16701960784313727 0.6541760563380282
0.29447058823529415 0.7668521126760564
0.7699607843137255 0.4200211267605634
0.7160392156862745 0.48164084507042254
0.7405490196078431 0.5855140845070422
0.7650588235294118 0.6471338028169014
0.7993725490196079 0.7228380281690141
0.6964313725490197 0.7510070422535211
0.5591764705882353 0.717556338028169
0.4317254901960784 0.717556338028169
0.368 0.6682605633802817
0.3532941176470588 0.5837535211267606
0.3827058823529412 0.5274154929577465
0.45133333333333336 0.4728380281690141
0.5199607843137255 0.42706338028169016
0.6032941176470589 0.39361267605633804
0.7111372549019608 0.3812887323943662
0.2307450980392157 0.3971338028169014
0.27976470588235297 0.33023239436619717
0.2846666666666667 0.24572535211267607
0.3287843137254902 0.17706338028169014
0.37290196078431376 0.11896478873239437
}
