version: 2
n_points: 55
{
0.6751101694915255 0.16945681818181801
0.5094703389830504 0.09920909090909101
0.32842372881355947 0.04342272727272726
0.17048728813559327 0.012431818181818243
0.07033050847457609 0.04135681818181793
0.02795762711864388 0.09920909090909101
0.03951694915254247 0.16945681818181801
0.054923728813559274 0.24383636363636366
0.03181355932203406 0.3182159090909093
0.02410593220338968 0.3987954545454546
0.05107203389830507 0.5062318181818181
0.1088516949152541 0.5950750000000002
0.1473728813559321 0.6756545454545455
0.20900847457627128 0.7624318181818183
0.29760593220338943 0.8285477272727271
0.4285762711864407 0.8905295454545457
0.5749533898305088 0.950447727272727
0.694368644067797 0.9814386363636366
0.8446016949152543 0.9897045454545456
0.9794237288135593 0.9773068181818184
0.6134745762711863 0.41325681818181836
0.5518432203389826 0.3450750000000002
0.45168644067796593 0.2686295454545452
0.3785000000000001 0.21077727272727265
0.2552330508474577 0.16532272727272718
0.1473728813559321 0.14052954545454566
0.1512245762711863 0.18185227272727295
0.1550762711864405 0.2541659090909093
0.1358177966101695 0.31615
0.1088516949152541 0.38433181818181816
0.10114830508474568 0.4401181818181819
0.12041101694915267 0.5000340909090911
0.1550762711864405 0.5496204545454547
0.1935974576271185 0.605406818181818
0.2475296610169493 0.6508613636363634
0.617326271186441 0.45871136363636383
0.5865127118644065 0.5227613636363638
0.5980677966101695 0.5806136363636364
0.6905169491525424 0.6033409090909092
0.7405932203389829 0.6508613636363634
0.694368644067797 0.6632568181818184
0.5826610169491527 0.617802272727273
0.46709745762711824 0.6116045454545455
0.3322754237288132 0.5847454545454546
0.2513813559322035 0.5330931818181817
0.2321186440677965 0.4649113636363635
0.2937542372881357 0.40292727272727275
0.34768220338983097 0.3657363636363636
0.4362796610169491 0.34094318181818206
0.49405932203389813 0.32648181818181826
0.1550762711864405 0.38020000000000004
0.1935974576271185 0.3202818181818181
0.2321186440677965 0.2686295454545452
0.2359703389830507 0.21077727272727265
0.2167118644067797 0.17978636363636363
}
