version: 2
n_points: 55
{
0.1967666666666673 0.21953191489361729
0.3101666666666669 0.16031914893617014
0.40293333333333403 0.12521276595744663
0.5197666666666673 0.11425531914893626
0.6194333333333342 0.14057446808510637
0.7087666666666659 0.20857446808510632
0.7672000000000007 0.28972340425531895
0.8049999999999993 0.3840425531914896
0.8015666666666675 0.47178723404255335
0.763766666666667 0.5682978723404257
0.7190999999999993 0.6406808510638297
0.6503666666666674 0.7042978723404256
0.5884999999999991 0.7525531914893618
0.5438333333333333 0.7854468085106382
0.488833333333334 0.8117659574468084
0.4373000000000009 0.8534468085106381
0.37886666666666613 0.8797659574468083
0.2861000000000009 0.9038936170212767
0.2104999999999999 0.9017021276595744
0.14519999999999977 0.8775744680851065
0.337633333333334 0.4564255319148936
0.27923333333333367 0.40597872340425506
0.27580000000000005 0.34236170212765976
0.32733333333333314 0.2721702127659575
0.413233333333333 0.22172340425531897
0.5163333333333336 0.2019787234042552
0.622866666666666 0.20857446808510632
0.688166666666666 0.2590212765957448
0.7225333333333329 0.3357872340425534
0.7328333333333338 0.4081702127659574
0.7328333333333338 0.4674042553191487
0.7121999999999995 0.5156595744680849
0.6915999999999997 0.579255319148936
0.6366000000000005 0.642872340425532
0.5507000000000005 0.6911276595744682
0.22766666666666613 0.4871489361702125
0.2585999999999994 0.5463617021276597
0.262033333333333 0.6011914893617021
0.23109999999999975 0.642872340425532
0.19329999999999925 0.6801702127659572
0.26890000000000025 0.6691914893617021
0.33076666666666676 0.6077872340425532
0.4097999999999994 0.579255319148936
0.4854000000000004 0.5902340425531918
0.5541333333333341 0.574872340425532
0.5713333333333328 0.5134680851063832
0.5575666666666659 0.4542340425531913
0.4991666666666674 0.4169574468085108
0.44416666666666627 0.3906170212765959
0.337633333333334 0.37308510638297865
0.6537999999999993 0.5682978723404257
0.688166666666666 0.47836170212765966
0.688166666666666 0.4103617021276597
0.6813000000000007 0.3445744680851062
0.6366000000000005 0.26997872340425516
}
