version: 2
n_points: 55
{
0.8745980707395499 0.39303482587064675
0.9303311897106108 0.4925373134328358
0.9732057877813506 0.5953582089552241
0.9839228295819936 0.7213930348258706
0.9517684887459807 0.8275273631840797
0.8938906752411575 0.9038159203980098
0.8145755627009645 0.9502487562189055
0.7224019292604502 0.9734676616915422
0.640942122186495 0.9601990049751243
0.5766334405144693 0.9303482587064676
0.49946302250803853 0.8905472636815921
0.405144694533762 0.8474278606965175
0.3193987138263664 0.7810945273631841
0.23365594855305438 0.6749601990049753
0.16934726688102864 0.5356567164179106
0.10074919614147937 0.45936815920398
0.04072990353697725 0.386402985074627
0.015006430868166887 0.2670000000000001
0.027868167202572125 0.11110945273631823
0.06430868167202575 0.02487562189054726
0.5573408360128617 0.33333333333333337
0.6580932475884245 0.3565522388059703
0.7374051446945337 0.41956716417910433
0.797427652733119 0.5290199004975122
0.8445884244372992 0.6351592039800997
0.8553054662379421 0.774462686567164
0.7931414790996786 0.8374776119402987
0.7052508038585208 0.8706467661691543
0.595926045016077 0.8407960199004976
0.5101832797427654 0.8009950248756219
0.41372025723472683 0.7512437810945274
0.33440514469453375 0.6782736318407958
0.3001061093247588 0.6318407960199005
0.2722411575562699 0.572139303482587
0.23794212218649513 0.4792686567164177
0.5037524115755627 0.2670000000000001
0.42015112540192934 0.2603631840796018
0.3622733118971062 0.22719900497512457
0.3001061093247588 0.19071144278606955
0.33869131832797417 0.2305124378109451
0.38585209003215437 0.25704975124378127
0.405144694533762 0.3366517412935325
0.3987138263665595 0.4328358208955224
0.37942122186495175 0.5489203980099501
0.4115755627009646 0.6119402985074627
0.4823151125401929 0.6616915422885572
0.5487684887459808 0.6451094527363186
0.6023569131832797 0.5887213930348257
0.6323697749196142 0.49916915422885555
0.6473729903536977 0.3996666666666665
0.47159807073954996 0.7346616915422888
0.5423376205787782 0.7578756218905474
0.6216495176848873 0.7678258706467663
0.707395498392283 0.7678258706467663
0.797427652733119 0.7280248756218903
}
