version: 2
n_points: 55
{
0.2267441860465116 0.20689655172413793
0.32751937984496127 0.11379310344827587
0.4903100775193798 0.04655172413793104
0.622093023255814 0.008620689655172414
0.7189922480620154 0.010344827586206896
0.8313953488372093 0.041379310344827586
0.9205426356589147 0.08793103448275862
0.9786821705426356 0.1706896551724138
0.9748062015503876 0.24655172413793103
0.9205426356589147 0.3086206896551724
0.8391472868217054 0.3931034482758621
0.8197674418604651 0.4896551724137931
0.8158914728682171 0.6017241379310345
0.7926356589147286 0.7103448275862069
0.7577519379844961 0.8051724137931034
0.6763565891472868 0.8913793103448275
0.5368217054263567 0.9551724137931035
0.3817829457364341 0.9913793103448276
0.18023255813953487 0.9844827586206897
0.01744186046511631 0.9275862068965517
0.2965116279069767 0.4224137931034483
0.3856589147286822 0.30517241379310345
0.48643410852713176 0.19482758620689655
0.6143410852713178 0.10172413793103448
0.7422480620155039 0.0706896551724138
0.8313953488372093 0.10172413793103448
0.8856589147286822 0.18620689655172415
0.8856589147286822 0.2620689655172414
0.7965116279069767 0.3258620689655172
0.7228682170542635 0.38620689655172413
0.7189922480620154 0.4362068965517241
0.7344961240310077 0.5051724137931034
0.7306201550387597 0.5741379310344827
0.6763565891472868 0.6206896551724138
0.6104651162790697 0.6551724137931034
0.1414728682170543 0.4810344827586207
0.2383720930232558 0.5431034482758621
0.3003875968992248 0.6206896551724138
0.2655038759689923 0.6775862068965517
0.25 0.7258620689655172
0.3003875968992248 0.6603448275862069
0.35465116279069764 0.6310344827586207
0.5096899224806202 0.6224137931034482
0.5794573643410852 0.5586206896551724
0.560077519379845 0.5051724137931034
0.501937984496124 0.44655172413793104
0.43992248062015504 0.4086206896551724
0.40503875968992253 0.3879310344827586
0.3856589147286822 0.3810344827586207
0.34302325581395354 0.3775862068965517
0.6802325581395349 0.35172413793103446
0.6531007751937985 0.31896551724137934
0.7073643410852712 0.2517241379310345
0.7034883720930232 0.20517241379310344
0.6763565891472868 0.16379310344827586
}
