version: 2
n_points: 55
{
0.8051629955947136 0.21056451612903238
0.9088149779735682 0.41929838709677414
0.9528678414096916 0.5758387096774193
0.976193832599119 0.7608548387096774
0.9606431718061673 0.8415
0.8880881057268722 0.9126532258064515
0.8025726872246697 0.9553467741935485
0.717057268722467 0.9506048387096774
0.6367268722466959 0.9221451612903226
0.5512114537444934 0.9031693548387096
0.45792511013215864 0.8699596774193549
0.375 0.8367500000000001
0.29985022026431707 0.7655967741935485
0.24025110132158578 0.6896935483870967
0.1422290748898678 0.5653225806451615
0.07136123348017631 0.46714516129032246
0.017731277533039602 0.2918306451612904
0.034969162995594716 0.11300806451612888
0.12116299559471377 0.039379032258064384
0.2360792951541849 0.060411290322580524
0.6383039647577091 0.2953387096774195
0.7359867841409693 0.40403225806451626
0.8240925110132159 0.46714516129032246
0.8815506607929516 0.5758387096774193
0.8968722466960352 0.7020725806451614
0.8968722466960352 0.8002419354838711
0.8432466960352422 0.8703709677419353
0.7896167400881057 0.8598548387096775
0.7149162995594713 0.8458306451612901
0.6306431718061674 0.8247903225806452
0.5367885462555066 0.8107661290322583
0.4563436123348017 0.7862177419354838
0.3720704845814977 0.7371290322580645
0.29928634361233475 0.659991935483871
0.2724713656387665 0.5933709677419352
0.6555418502202643 0.23923387096774207
0.5885022026431717 0.3163709677419356
0.5099735682819384 0.3339032258064516
0.4371938325991189 0.22170161290322565
0.3452555066079295 0.2006693548387095
0.3624933920704846 0.25676612903225804
0.3854801762114538 0.3093629032258064
0.3739867841409691 0.45312096774193555
0.4084625550660793 0.5863629032258064
0.4563436123348017 0.642459677419355
0.5310440528634363 0.667008064516129
0.6076563876651981 0.5898709677419356
0.6536255506607929 0.509225806451613
0.6766079295154184 0.4320806451612901
0.6976784140969163 0.3829919354838709
0.48890748898678427 0.7721935483870969
0.5731806167400881 0.7581693548387095
0.6651189427312776 0.7301209677419357
0.7474757709251103 0.7195967741935485
0.8470748898678414 0.7020725806451614
}
