version: 2
n_points: 55
{
0.08942068965517247 0.6063720930232561
0.03637241379310346 0.4274767441860463
0.07351034482758614 0.23517441860465138
0.14777931034482758 0.12337209302325602
0.25122758620689656 0.07417441860465135
0.36263448275862065 0.06523255813953499
0.4448620689655172 0.09653488372093044
0.5270896551724138 0.15019767441860432
0.6146206896551725 0.1904534883720932
0.7074620689655172 0.24411627906976774
0.7711172413793105 0.28883720930232526
0.8268206896551725 0.3514534883720932
0.8666137931034482 0.3961744186046514
0.909048275862069 0.45431395348837245
0.9408827586206896 0.5571744186046509
0.9674068965517242 0.6555697674418607
0.9674068965517242 0.7539534883720928
0.9514896551724138 0.8434069767441862
0.9249655172413793 0.9060116279069764
0.8957862068965518 0.9507325581395346
0.5032137931034484 0.5929534883720934
0.4050689655172415 0.6153139534883718
0.3016206896551725 0.5974302325581398
0.20878620689655172 0.5482325581395352
0.12465517241379302 0.4775581395348836
0.08825517241379309 0.3741976744186044
0.13423448275862068 0.2546860465116281
0.19553793103448283 0.16747674418604674
0.2913241379310344 0.13194186046511602
0.3756137931034483 0.13517441860465118
0.44457931034482756 0.1642441860465116
0.5192896551724138 0.19654651162790726
0.6131586206896551 0.24822093023255787
0.691703448275862 0.32251162790697663
0.7549241379310345 0.4032674418604649
0.4407448275862068 0.6875
0.5173793103448276 0.6325930232558142
0.5767655172413794 0.6616627906976746
0.5844275862068965 0.7327209302325582
0.6821241379310344 0.7650232558139531
0.6878758620689654 0.5938372093023255
0.6514758620689655 0.4937093023255814
0.6533931034482758 0.39034883720930225
0.6093310344827587 0.3128255813953491
0.5480275862068965 0.2772906976744184
0.49630344827586204 0.2546860465116281
0.4388344827586207 0.26760465116279075
0.3871103448275862 0.3160581395348836
0.3468758620689655 0.40972093023255796
0.31048275862068975 0.5518488372093023
0.4426620689655173 0.20623255813953478
0.37369655172413796 0.22884883720930216
0.27982758620689646 0.24822093023255787
0.21660689655172405 0.3031395348837209
0.15722068965517239 0.40003488372093043
}
