version: 2
n_points: 55
{
0.11987704918032786 0.01660507246376819
0.04986270491803278 0.05283695652173925
0.007172131147540984 0.07699275362318836
0.0037561475409836065 0.18568840579710144
0.005465163934426229 0.2943840579710145
0.056694672131147546 0.39100362318840576
0.1096311475409836 0.47252536231884057
0.1557377049180328 0.5449891304347826
0.20867418032786886 0.6144311594202898
0.29405737704918034 0.6748188405797102
0.3828545081967213 0.717090579710145
0.4614077868852459 0.7352065217391304
0.567280737704918 0.7865326086956521
0.6543709016393443 0.7986123188405797
0.7585389344262294 0.8016304347826086
0.8558749999999999 0.7955905797101449
0.9583340163934426 0.7321847826086956
0.9907786885245902 0.6506630434782609
0.9754098360655737 0.5661231884057971
0.9344262295081968 0.48761956521739125
0.47506762295081967 0.2641920289855072
0.38797745901639347 0.20984420289855077
0.27527254098360654 0.14643840579710143
0.21379713114754098 0.12228260869565222
0.10450819672131148 0.16757246376811596
0.03278688524590164 0.22796014492753625
0.0703545081967213 0.31853985507246374
0.13012295081967212 0.41515579710144923
0.1915983606557377 0.5238514492753623
0.28039549180327866 0.5932971014492754
0.3333340163934426 0.6476449275362319
0.39651639344262296 0.7110507246376812
0.4818995901639344 0.7291666666666667
0.5433749999999999 0.7412427536231885
0.6270491803278688 0.7291666666666667
0.5126372950819672 0.2521123188405797
0.5638668032786884 0.34873188405797106
0.6219262295081968 0.36684782608695654
0.6834016393442623 0.3547717391304348
0.7482930327868852 0.3698659420289855
0.6936475409836066 0.4544094202898551
0.6014344262295082 0.4544094202898551
0.562157786885246 0.532909420289855
0.5006823770491803 0.6265108695652174
0.4016393442622951 0.6114130434782609
0.36577868852459017 0.5510253623188406
0.3350409836065574 0.4513876811594203
0.32991803278688525 0.3789239130434783
0.3709016393442623 0.30646014492753626
0.37260860655737704 0.24305434782608693
0.2616127049180328 0.5691413043478261
0.22062909836065575 0.49969927536231884
0.17452254098360656 0.41515579710144923
0.13353893442622952 0.33665579710144933
0.0942622950819672 0.24305434782608693
}
