version: 2
n_points: 55
{
0.24298387096774188 0.22011827956989252
0.3150483870967744 0.12860215053763419
0.45232258064516107 0.08055913978494644
0.6342096774193553 0.05996774193548385
0.7851935483870971 0.08284946236559122
0.8881451612903225 0.16749462365591397
0.9121774193548389 0.28875268817204286
0.9018709677419354 0.4008602150537631
0.8778548387096777 0.4969462365591399
0.8366774193548391 0.5976021505376344
0.7851935483870971 0.6662365591397847
0.7062741935483869 0.7508924731182799
0.6513548387096777 0.7989354838709676
0.5621290322580641 0.8469784946236559
0.4557580645161291 0.892731182795699
0.3768225806451613 0.9270537634408603
0.28416129032258053 0.9476451612903223
0.19151612903225845 0.9476451612903223
0.12630645161290355 0.9247634408602149
0.07483870967741912 0.892731182795699
0.3390806451612908 0.3779784946236558
0.294467741935484 0.31620430107526865
0.3081935483870969 0.24527956989247288
0.3768225806451613 0.19037634408602133
0.486645161290323 0.16063440860215078
0.610177419354839 0.14919354838709678
0.7337258064516127 0.16521505376344095
0.8229516129032262 0.20181720430107533
0.8332419354838709 0.2590107526881723
0.8229516129032262 0.3390860215053766
0.8195161290322581 0.4191612903225809
0.802354838709677 0.4969462365591399
0.7749032258064513 0.572440860215054
0.7234193548387093 0.6410752688172043
0.6376290322580648 0.7051290322580644
0.2567096774193548 0.4420322580645159
0.25327419354838665 0.5060967741935485
0.24298387096774188 0.572440860215054
0.17779032258064553 0.6227741935483871
0.14690322580645165 0.7051290322580644
0.23612903225806425 0.6982688172043013
0.3390806451612908 0.6387849462365589
0.47291935483871006 0.6433655913978498
0.5827258064516132 0.6250645161290319
0.6376290322580648 0.5472795698924731
0.5998870967741933 0.45347311827956993
0.5552741935483874 0.396279569892473
0.5106612903225807 0.361967741935484
0.43859677419354814 0.329935483870968
0.3528064516129036 0.30476344086021523
0.7886290322580642 0.4649139784946239
0.7851935483870971 0.396279569892473
0.7474516129032256 0.3276451612903226
0.7062741935483869 0.27274193548387105
0.6891129032258068 0.19723655913978513
}
