version: 2
n_points: 55
{
0.8324888888888886 0.2436315789473683
0.7314888888888883 0.1598947368421051
0.6052222222222226 0.09410526315789457
0.4435999999999998 0.06718421052631572
0.31228888888888884 0.11205263157894725
0.2062222222222216 0.2017631578947369
0.14057777777777827 0.29446052631578934
0.12037777777777718 0.39913157894736845
0.13046666666666623 0.4828552631578948
0.17593333333333275 0.5606052631578947
0.22137777777777753 0.6622894736842105
0.292088888888889 0.754986842105263
0.36784444444444436 0.8118026315789474
0.4435999999999998 0.8626447368421054
0.5395555555555549 0.9045131578947367
0.6355333333333331 0.931421052631579
0.7365333333333335 0.937407894736842
0.8021999999999998 0.937407894736842
0.8577555555555553 0.931421052631579
0.8981555555555549 0.9344210526315788
0.7193555555555551 0.5083289473684212
0.7467111111111105 0.3929473684210527
0.7637999999999996 0.2876842105263158
0.6680666666666664 0.20873684210526322
0.5757777777777784 0.174328947368421
0.4321777777777773 0.15813157894736843
0.315933333333333 0.16419736842105281
0.2646666666666672 0.23505263157894743
0.2270444444444441 0.3180526315789473
0.2031111111111108 0.3990263157894736
0.19286666666666608 0.46784210526315806
0.21679999999999938 0.5467894736842107
0.26124444444444384 0.6075263157894737
0.3193555555555551 0.6500394736842104
0.37748888888888943 0.6864736842105262
0.8492666666666663 0.5022631578947369
0.8048222222222219 0.5751315789473685
0.808244444444444 0.6480131578947368
0.8321777777777773 0.6945657894736843
0.8287555555555551 0.759342105263158
0.715933333333333 0.7208815789473685
0.6099555555555551 0.6419342105263158
0.5108222222222227 0.6216973684210526
0.4219333333333338 0.6075263157894737
0.333044444444445 0.5670394736842105
0.33644444444444416 0.5002368421052632
0.40482222222222186 0.46177631578947365
0.5108222222222227 0.42938157894736856
0.5962888888888895 0.405092105263158
0.6851777777777783 0.3929473684210527
0.24755555555555525 0.4961842105263159
0.281755555555555 0.41319736842105254
0.333044444444445 0.35246052631578956
0.4116666666666662 0.26744736842105254
0.4663777777777783 0.22898684210526304
}
