version: 2
n_points: 55
{
0.871031746031746 0.1504950495049505
0.7321428571428571 0.07524752475247524
0.5892857142857143 0.02178217821782178
0.4305555555555556 0.009900990099009901
0.2837301587301587 0.03564356435643564
0.18055555555555555 0.08514851485148515
0.10515873015873016 0.15445544554455445
0.04563492063492063 0.22772277227722773
0.021825396825396824 0.3227722772277228
0.037698412698412696 0.41188118811881186
0.057539682539682536 0.5148514851485149
0.09722222222222222 0.6257425742574257
0.17261904761904762 0.7386138613861386
0.2876984126984127 0.8158415841584158
0.38293650793650796 0.8811881188118812
0.501984126984127 0.9405940594059405
0.625 0.9821782178217822
0.7638888888888888 0.9900990099009901
0.8829365079365079 0.9643564356435643
0.9821428571428571 0.9247524752475248
0.7916666666666666 0.4752475247524752
0.8313492063492064 0.4099009900990099
0.8154761904761905 0.3207920792079208
0.751984126984127 0.2316831683168317
0.6765873015873016 0.15841584158415842
0.5694444444444444 0.12475247524752475
0.4384920634920635 0.09504950495049505
0.30357142857142855 0.10891089108910891
0.2361111111111111 0.1603960396039604
0.1884920634920635 0.22376237623762377
0.1527777777777778 0.32673267326732675
0.1527777777777778 0.4079207920792079
0.15674603174603174 0.500990099009901
0.2003968253968254 0.592079207920792
0.3115079365079365 0.6693069306930693
0.875 0.5188118811881188
0.8630952380952381 0.5801980198019802
0.8472222222222222 0.6336633663366337
0.9146825396825397 0.689108910891089
0.9305555555555556 0.7445544554455445
0.7797619047619048 0.7227722772277227
0.6369047619047619 0.6138613861386139
0.5257936507936508 0.6
0.4226190476190476 0.5702970297029702
0.4027777777777778 0.5148514851485149
0.45436507936507936 0.45742574257425744
0.5257936507936508 0.401980198019802
0.5932539682539683 0.36633663366336633
0.7083333333333334 0.35445544554455444
0.7916666666666666 0.3465346534653465
0.19246031746031747 0.4079207920792079
0.2361111111111111 0.36237623762376237
0.25595238095238093 0.27920792079207923
0.26785714285714285 0.22376237623762377
0.2876984126984127 0.16435643564356436
}
