version: 2
n_points: 55
{
0.9321666666666665 0.5268635097493036
0.9607125603864732 0.6408161559888579
0.9870628019323672 0.7826239554317549
0.9431449275362318 0.921899721448468
0.8531135265700485 0.9852061281337048
0.738929951690821 0.9801420612813371
0.6379178743961351 0.9396267409470752
0.5500845410628017 0.8839164345403899
0.4776207729468597 0.8206072423398328
0.40076570048309157 0.75983286908078
0.3129299516908215 0.6965264623955432
0.22948792270531415 0.6332200557103064
0.1438478260869568 0.5293955431754875
0.07577536231884086 0.4281030640668524
0.0472294685990341 0.3597325905292479
0.018683574879226783 0.27869916434540387
0.009898550724637523 0.18500557103064064
0.02966183574879222 0.10650417827298053
0.06260144927536215 0.04826183844011145
0.1109106280193235 0.012807799442897005
0.5632584541062804 0.3470696378830084
0.6445072463768117 0.3799916434540389
0.7059903381642512 0.4458300835654596
0.7960217391304351 0.5192674094707521
0.8487222222222225 0.6382841225626741
0.8728768115942032 0.7547688022284122
0.8662898550724638 0.8991086350974931
0.7894347826086957 0.9269637883008357
0.6906207729468596 0.9067075208913649
0.6181570048309177 0.8560612813370474
0.552280193236715 0.8104791086350975
0.4885990338164251 0.7547688022284122
0.39857004830917886 0.7041225626740948
0.3041473429951689 0.6357520891364903
0.23387922705314013 0.5040724233983287
0.5500845410628017 0.27616713091922007
0.45785748792270553 0.2736350974930363
0.3919806763285023 0.25337604456824514
0.36782608695652164 0.20779387186629528
0.3151256038647343 0.19513370473537606
0.33708454106280217 0.25084401114206123
0.3897850241545896 0.33187743732590536
0.38319806763285025 0.4357019498607242
0.36343478260869566 0.5116685236768802
0.4095483091787442 0.5775097493036212
0.47542512077294696 0.5851058495821727
0.5412995169082124 0.5851058495821727
0.6005893719806763 0.5623147632311978
0.6379178743961351 0.5293955431754875
0.6796400966183578 0.46608913649025063
0.44468115942028974 0.7066545961002786
0.514949275362319 0.7345097493036212
0.594002415458937 0.7522367688022285
0.692816425120773 0.7724958217270195
0.7850434782608696 0.7978189415041783
}
