version: 2
n_points: 55
{
0.11710714285714273 0.5738857142857143
0.07001020408163255 0.4713142857142857
0.032729591836734795 0.3248000000000002
0.028801020408163173 0.2075809523809523
0.05823979591836745 0.11234285714285708
0.11514285714285706 0.06839047619047633
0.1877499999999999 0.05007619047619061
0.2780204081632654 0.0537333333333333
0.36436224489795926 0.057399999999999896
0.4251938775510205 0.07571428571428562
0.4958367346938777 0.09402857142857135
0.5861020408163264 0.1306571428571428
0.6645969387755101 0.1929333333333334
0.741127551020408 0.28817142857142874
0.8058826530612243 0.3577619047619047
0.8647551020408162 0.45299999999999996
0.9334336734693877 0.5702190476190475
0.9785663265306122 0.7130761904761904
0.9707193877551019 0.8376190476190475
0.9432448979591835 0.9584952380952381
0.36239795918367335 0.5958571428571429
0.2780204081632654 0.5299238095238095
0.21130102040816337 0.46399047619047606
0.17205102040816317 0.36875238095238094
0.13869387755102053 0.2625238095238095
0.13280612244897946 0.20392380952380962
0.16812755102040802 0.13432380952380962
0.2544693877551019 0.1306571428571428
0.3408112244897958 0.13432380952380962
0.38987244897959195 0.1306571428571428
0.4428520408163264 0.1160095238095239
0.5115357142857144 0.13432380952380962
0.5704030612244897 0.14897142857142853
0.6194642857142856 0.21490476190476193
0.6783316326530611 0.3248000000000002
0.44677551020408157 0.6654571428571427
0.5174234693877552 0.647142857142857
0.5782551020408162 0.6178380952380952
0.6410459183673468 0.6727809523809524
0.7058061224489794 0.7277333333333333
0.6763673469387754 0.6324952380952381
0.607688775510204 0.5555714285714286
0.5900255102040816 0.4200380952380953
0.5762908163265305 0.32113333333333327
0.5233061224489796 0.23688571428571414
0.45659183673469395 0.24055238095238107
0.4094948979591838 0.2845047619047618
0.3761326530612244 0.35410476190476203
0.3741734693877552 0.467657142857143
0.38398469387755113 0.5665523809523809
0.28329081632653047 0.16946666666666677
0.23864795918367335 0.19029523809523807
0.21951530612244885 0.2141047619047618
0.19241326530612257 0.2319619047619047
0.16530612244897946 0.23791428571428563
}
