version: 2
n_points: 55
{
0.853448275862069 0.8181818181818182
0.9137931034482758 0.6727272727272727
0.9482758620689655 0.5272727272727272
0.9568965517241379 0.41818181818181815
0.9396551724137931 0.3090909090909091
0.896551724137931 0.2
0.8275862068965517 0.12727272727272726
0.7327586206896552 0.10909090909090909
0.6637931034482758 0.09090909090909091
0.5603448275862069 0.09090909090909091
0.4655172413793104 0.10909090909090909
0.3793103448275862 0.12727272727272726
0.27586206896551724 0.18181818181818182
0.19827586206896552 0.2909090909090909
0.1293103448275862 0.4
0.07758620689655171 0.4909090909090909
0.051724137931034475 0.6181818181818182
0.0431034482758621 0.7454545454545455
0.06896551724137934 0.8363636363636363
0.12068965517241381 0.9090909090909091
0.5258620689655172 0.7090909090909091
0.603448275862069 0.7090909090909091
0.6982758620689655 0.6545454545454545
0.7844827586206897 0.5818181818181818
0.8362068965517242 0.509090909090909
0.8620689655172413 0.4
0.8448275862068966 0.32727272727272727
0.7931034482758621 0.23636363636363636
0.7327586206896552 0.21818181818181817
0.6637931034482758 0.18181818181818182
0.5862068965517242 0.18181818181818182
0.5086206896551724 0.18181818181818182
0.4224137931034483 0.2
0.35344827586206895 0.21818181818181817
0.31034482758620685 0.34545454545454546
0.5172413793103448 0.7818181818181819
0.47413793103448276 0.7454545454545455
0.43103448275862066 0.7636363636363637
0.3706896551724138 0.8363636363636363
0.3275862068965517 0.8545454545454545
0.31896551724137934 0.7272727272727273
0.3620689655172413 0.6363636363636364
0.3620689655172413 0.4909090909090909
0.4137931034482759 0.4727272727272727
0.47413793103448276 0.43636363636363634
0.5258620689655172 0.4727272727272727
0.5517241379310345 0.509090909090909
0.5862068965517242 0.5636363636363636
0.6120689655172413 0.6181818181818182
0.6293103448275862 0.6545454545454545
0.5258620689655172 0.21818181818181817
0.5775862068965517 0.2545454545454545
0.6551724137931034 0.23636363636363636
0.7413793103448276 0.2909090909090909
0.8017241379310345 0.36363636363636365
}
