version: 2
n_points: 55
{
0.2163333333333331 0.7739411764705889
0.11150925925925932 0.6435294117647058
0.04687037037037048 0.4548529411764699
0.04861111111111111 0.2994705882352946
0.0957870370370373 0.17738235294117666
0.17789814814814836 0.11077941176470607
0.2722314814814816 0.08026470588235246
0.36133333333333334 0.07748529411764715
0.45217592592592576 0.08858823529411763
0.5325462962962961 0.11355882352941149
0.6216388888888889 0.17460294117647135
0.6915185185185188 0.2467499999999999
0.7439351851851854 0.31888235294117595
0.8015833333333335 0.4520735294117645
0.8662222222222224 0.4909117647058816
0.9168888888888889 0.5380882352941181
0.9570740740740739 0.6352058823529406
0.9518333333333333 0.7572941176470586
0.9378518518518519 0.8211029411764711
0.913398148148148 0.9293235294117641
0.49935185185185194 0.6879264705882352
0.41374074074074096 0.7101176470588237
0.3386203703703706 0.6879264705882352
0.27398148148148127 0.6546176470588236
0.22681481481481464 0.6074558823529415
0.17789814814814836 0.5242205882352948
0.13247222222222238 0.41600000000000015
0.1412037037037037 0.3050147058823527
0.16741666666666682 0.22732352941176426
0.2337962962962963 0.19402941176470523
0.3281388888888891 0.19402941176470523
0.41549074074074066 0.17460294117647135
0.49935185185185194 0.21067647058823558
0.5797129629629628 0.2633970588235286
0.6618240740740738 0.37160294117647075
0.4504351851851851 0.8488529411764703
0.4923611111111112 0.8044558823529409
0.5919444444444445 0.7989117647058827
0.6792962962962961 0.8655000000000006
0.7159814814814817 0.8322058823529417
0.6932685185185185 0.7489705882352934
0.658324074074074 0.6573970588235291
0.6338703703703706 0.585264705882353
0.5989259259259262 0.4742647058823529
0.5867037037037035 0.4298676470588234
0.5220555555555556 0.3938088235294117
0.4661574074074077 0.42154411764705824
0.41374074074074096 0.46872058823529483
0.3910370370370373 0.5602794117647065
0.35609259259259285 0.6629558823529415
0.47488888888888897 0.2495147058823527
0.3945277777777776 0.2550735294117651
0.32464814814814824 0.26894117647058846
0.26524999999999993 0.2939117647058822
0.2023518518518517 0.32166176470588304
}
