version: 2
n_points: 55
{
0.8584915254237288 0.048782178217821937
0.8984957627118645 0.14123762376237614
0.9472245762711865 0.2947029702970295
0.9747669491525425 0.448168316831683
0.9556991525423729 0.6263861386138613
0.9027330508474577 0.7402475247524751
0.8370550847457627 0.8194554455445543
0.7671398305084747 0.8640099009900989
0.6908686440677967 0.9085643564356434
0.5976483050847459 0.948168316831683
0.504427966101695 0.948168316831683
0.41968220338983053 0.9184653465346533
0.3328177966101695 0.8739108910891088
0.25230932203389833 0.7996534653465346
0.18239406779661027 0.6956930693069305
0.1103601694915255 0.5917326732673266
0.05315677966101706 0.48777227722772265
0.01925847457627128 0.3392574257425741
0.040444915254237324 0.23034653465346522
0.055275423728813666 0.1362871287128712
0.580699152542373 0.15113861386138605
0.6760381355932203 0.18084158415841567
0.7629025423728815 0.2204455445544553
0.8306991525423729 0.2996534653465345
0.8879025423728815 0.4184653465346533
0.9196822033898305 0.5471782178217821
0.8963771186440679 0.6511386138613859
0.8434110169491527 0.7352970297029702
0.7713771186440679 0.7798514851485148
0.7120550847457627 0.8046039603960394
0.6315466101694915 0.8442079207920791
0.5489194915254239 0.8442079207920791
0.46629237288135605 0.8343069306930692
0.38790254237288146 0.75509900990099
0.3137500000000001 0.6560891089108909
0.5446822033898306 0.06698019801980182
0.515021186440678 0.1659900990099008
0.42180084745762714 0.23034653465346522
0.3709533898305085 0.18084158415841567
0.3201059322033899 0.1461881188118811
0.2904449152542373 0.24519801980198008
0.3603601694915255 0.31450495049504934
0.38154661016949154 0.5174752475247524
0.4451059322033899 0.6164851485148514
0.4959533898305085 0.6659900990099008
0.5679872881355933 0.6659900990099008
0.6040042372881357 0.5768811881188117
0.6040042372881357 0.4580693069306929
0.6124788135593221 0.33430693069306916
0.6336652542372883 0.19074257425742558
0.6061228813559323 0.8046039603960394
0.6823940677966103 0.7303465346534652
0.7438347457627119 0.6263861386138613
0.8031567796610171 0.5719306930693068
0.8667161016949153 0.45311881188118797
}
