version: 2
n_points: 55
{
0.927007299270073 0.5738831615120275
0.9744525547445255 0.7285223367697595
0.9817518248175182 0.859106529209622
0.9051094890510949 0.9484536082474226
0.8175182481751825 0.9828178694158075
0.6751824817518248 0.9553264604810997
0.5912408759124088 0.8969072164948454
0.5036496350364963 0.8419243986254296
0.4124087591240876 0.8144329896907216
0.33211678832116787 0.7731958762886598
0.24087591240875916 0.70446735395189
0.16788321167883213 0.6219931271477663
0.1058394160583942 0.5360824742268041
0.07299270072992703 0.45704467353951894
0.051094890510948954 0.3608247422680413
0.029197080291970767 0.27835051546391754
0.018248175182481785 0.1786941580756014
0.058394160583941646 0.07903780068728528
0.1021897810218978 0.037800687285223344
0.17518248175182483 0.01718213058419249
0.635036496350365 0.4639175257731959
0.7153284671532847 0.5017182130584192
0.781021897810219 0.5601374570446735
0.8248175182481752 0.6288659793814433
0.8394160583941606 0.711340206185567
0.8576642335766423 0.7800687285223368
0.8613138686131387 0.831615120274914
0.7956204379562044 0.8865979381443299
0.7153284671532847 0.8797250859106529
0.6277372262773723 0.845360824742268
0.5437956204379562 0.8006872852233677
0.4744525547445255 0.7594501718213058
0.3905109489051095 0.731958762886598
0.3284671532846716 0.7010309278350515
0.25912408759124084 0.6357388316151202
0.6094890510948905 0.4020618556701031
0.5474452554744526 0.3711340206185567
0.4963503649635036 0.3161512027491409
0.4963503649635036 0.27835051546391754
0.416058394160584 0.2233676975945017
0.34306569343065696 0.2646048109965635
0.35766423357664234 0.3470790378006873
0.3211678832116789 0.41237113402061853
0.3065693430656934 0.48797250859106533
0.34671532846715325 0.5876288659793815
0.4197080291970803 0.6082474226804124
0.4963503649635036 0.6151202749140894
0.572992700729927 0.6082474226804124
0.6277372262773723 0.5807560137457044
0.6715328467153285 0.5532646048109966
0.583941605839416 0.7594501718213058
0.6423357664233577 0.7938144329896908
0.7007299270072993 0.8213058419243986
0.7700729927007299 0.8384879725085911
0.8248175182481752 0.8213058419243986
}
