version: 2
n_points: 55
{
0.26840869565217407 0.1070511363636364
0.42268695652173893 0.07039204545454551
0.5601391304347826 0.041068181818181865
0.706 0.03190340909090914
0.8182000000000001 0.07222727272727267
0.9051565217391306 0.1547045454545455
0.9444260869565215 0.2225170454545455
0.9556434782608696 0.2958295454545453
0.9444260869565215 0.3636477272727273
0.8995478260869564 0.44062500000000004
0.8546695652173911 0.5139431818181819
0.7873478260869566 0.6074147727272726
0.764904347826087 0.6678977272727273
0.6863652173913045 0.7522102272727273
0.5741565217391307 0.8273579545454546
0.4563478260869567 0.8823409090909089
0.3469478260869565 0.9483238636363635
0.22913913043478262 0.975818181818182
0.11413043478260865 0.9629886363636363
0.0355913043478262 0.9135000000000001
0.29926956521739123 0.4534545454545454
0.2908521739130433 0.37831250000000016
0.3722 0.2426818181818181
0.49281739130434765 0.18219318181818184
0.638678260869565 0.14370454545454547
0.7873478260869566 0.13087499999999996
0.8714956521739129 0.1895284090909091
0.9107652173913043 0.27383522727272724
0.8855217391304346 0.3416534090909089
0.8490521739130437 0.42779545454545437
0.8125913043478259 0.4901136363636363
0.7789304347826087 0.5505965909090907
0.7368521739130435 0.6092500000000001
0.6891652173913045 0.6733977272727271
0.6274521739130433 0.7283806818181818
0.15901739130434767 0.3801420454545453
0.19547826086956532 0.4442897727272727
0.2038956521739128 0.5469318181818181
0.15901739130434767 0.6202443181818182
0.16462608695652192 0.6788977272727272
0.26840869565217407 0.6605681818181818
0.35256521739130453 0.6074147727272726
0.4675652173913042 0.6110795454545456
0.5853826086956524 0.5854204545454545
0.661113043478261 0.5597613636363635
0.6779478260869565 0.47544886363636346
0.6106260869565215 0.4168011363636365
0.5208608695652174 0.3856420454545454
0.431104347826087 0.37281250000000005
0.33573043478260856 0.3398181818181818
0.6639217391304348 0.6477386363636364
0.7340521739130434 0.5707613636363637
0.7200260869565217 0.42046590909090914
0.6891652173913045 0.3031647727272729
0.6779478260869565 0.19502272727272735
}
