version: 2
n_points: 55
{
0.9354537572254336 0.45318539325842677
0.9816965317919076 0.5692865168539325
0.9836213872832369 0.6367022471910112
0.9816965317919076 0.7415730337078652
0.9527947976878614 0.8689157303370787
0.8969161849710982 0.9288370786516854
0.8063583815028902 0.9625449438202247
0.7369942196531791 0.9700393258426966
0.6734104046242775 0.9700393258426966
0.6175346820809249 0.9662921348314607
0.544315028901734 0.9550561797752809
0.4903670520231215 0.9475674157303371
0.4210028901734105 0.9325842696629214
0.33044219653179185 0.9213483146067416
0.23603179190751422 0.8838932584269663
0.15317919075144504 0.8015
0.09537572254335258 0.6367022471910112
0.06262138728323674 0.4906348314606741
0.033719653179190456 0.2883876404494383
0.012523121387283509 0.02621910112359538
0.476878612716763 0.45692696629213503
0.5423901734104046 0.40824157303370767
0.6310202312138727 0.4382022471910112
0.7215809248554914 0.5430730337078652
0.8102109826589594 0.6142303370786517
0.8776502890173411 0.6067415730337078
0.8776502890173411 0.7003764044943821
0.8275520231213872 0.7715337078651685
0.802505780346821 0.8614213483146067
0.7408468208092485 0.8726573033707865
0.6541416184971097 0.9138595505617978
0.5712919075144509 0.9325842696629214
0.4942196531791907 0.9400730337078651
0.37476011560693645 0.898876404494382
0.29190751445086704 0.8015
0.5077080924855493 0.348314606741573
0.4344884393063583 0.3745337078651684
0.3709046242774565 0.348314606741573
0.3323699421965318 0.3146067415730337
0.293835260115607 0.3071179775280898
0.2899797687861271 0.3782752808988765
0.3265895953757225 0.4269662921348315
0.35163872832369947 0.5318370786516854
0.36897976878612726 0.6591741573033707
0.4383439306358382 0.7041179775280899
0.48651156069364154 0.7003764044943821
0.5269739884393063 0.651685393258427
0.5732167630057803 0.5992528089887641
0.6233150289017342 0.5730337078651686
0.6445086705202312 0.4981292134831461
0.6329479768786127 0.9063651685393258
0.6984595375722544 0.8651685393258427
0.7427745664739884 0.8277134831460674
0.7755289017341039 0.8164775280898876
0.7986502890173409 0.8015
}
