version: 2
n_points: 55
{
0.7634408602150538 0.16
0.6559139784946236 0.09333333333333334
0.5376344086021505 0.05333333333333334
0.3870967741935484 0.03333333333333333
0.20430107526881722 0.08
0.10752688172043011 0.14666666666666667
0.053763440860215055 0.22
0.053763440860215055 0.31333333333333335
0.0967741935483871 0.38666666666666666
0.16129032258064516 0.4533333333333333
0.20430107526881722 0.5466666666666666
0.26881720430107525 0.6266666666666667
0.3225806451612903 0.7066666666666667
0.3870967741935484 0.7866666666666666
0.4838709677419355 0.8533333333333334
0.6021505376344086 0.9133333333333333
0.7311827956989247 0.9666666666666667
0.8817204301075269 0.96
0.946236559139785 0.9066666666666666
0.946236559139785 0.8466666666666667
0.7634408602150538 0.44666666666666666
0.7419354838709677 0.36666666666666664
0.6881720430107527 0.2733333333333333
0.6129032258064516 0.19333333333333333
0.4946236559139785 0.14666666666666667
0.3655913978494624 0.11333333333333333
0.24731182795698925 0.12
0.13978494623655913 0.17333333333333334
0.11290322580645161 0.26371333333333324
0.14222580645161295 0.3394666666666666
0.205763440860215 0.41826
0.25464516129032244 0.4849266666666667
0.2790860215053765 0.5879533333333332
0.36217204301075256 0.6849266666666665
0.47947311827956995 0.7273466666666665
0.782505376344086 0.5031066666666667
0.7629569892473119 0.5637133333333333
0.8020537634408603 0.6303800000000002
0.8509247311827957 0.6697733333333334
0.8509247311827957 0.7121999999999999
0.7580645161290323 0.7121999999999999
0.6847526881720429 0.6334066666666668
0.5576774193548387 0.6606799999999998
0.48435483870967727 0.6303800000000002
0.4648064516129033 0.5818933333333333
0.489247311827957 0.5273466666666667
0.552784946236559 0.46674
0.5821075268817204 0.4273466666666667
0.6407634408602152 0.39098666666666665
0.7043010752688172 0.3455333333333334
0.25464516129032244 0.4546200000000001
0.26441935483870976 0.39098666666666665
0.27419354838709675 0.30916666666666665
0.3181827956989248 0.2031066666666667
0.3475053763440861 0.1576533333333333
}
