version: 2
n_points: 55
{
0.0963302752293578 0.35798734177215197
0.06192660550458716 0.51226582278481
0.0533211009174313 0.6625822784810126
0.07052293577981662 0.8128987341772151
0.13073394495412843 0.8880506329113925
0.23680733944954138 0.9355189873417722
0.32281651376146797 0.9236582278481011
0.414559633027523 0.9078354430379746
0.5034403669724771 0.892012658227848
0.5951834862385321 0.8445443037974683
0.698394495412844 0.7812531645569619
0.7757981651376148 0.6744430379746836
0.8474770642201835 0.5597341772151898
0.8962110091743121 0.4727088607594936
0.944954128440367 0.3738101265822785
0.9506880733944955 0.3105189873417722
0.9535504587155964 0.24722784810126586
0.9535504587155964 0.19184810126582286
0.9564220183486238 0.12460759493670881
0.9564220183486238 0.05340506329113914
0.4489633027522937 0.43315189873417714
0.3658256880733945 0.40941772151898725
0.25974311926605514 0.4015063291139239
0.19666972477064232 0.3975443037974684
0.15653211009174323 0.4450126582278482
0.11353211009174312 0.5755569620253164
0.10779816513761468 0.7179620253164556
0.14506422018348636 0.8366329113924049
0.24827522935779828 0.8682784810126581
0.3543577981651376 0.8643164556962026
0.43463302752293576 0.8287215189873417
0.5091743119266054 0.8089367088607595
0.555045871559633 0.8010253164556963
0.6209816513761469 0.7772911392405064
0.6525229357798165 0.7140000000000001
0.40309174311926615 0.2828354430379746
0.4805045871559633 0.32634177215189886
0.5722477064220184 0.3342531645569621
0.6439174311926606 0.26701265822784803
0.6897889908256882 0.27492405063291137
0.6725871559633029 0.3698607594936708
0.6238532110091743 0.43710126582278486
0.6238532110091743 0.5439113924050631
0.6267155963302753 0.6190632911392406
0.5751100917431193 0.7100506329113923
0.4805045871559633 0.73773417721519
0.4231651376146789 0.7100506329113923
0.40022935779816515 0.6111518987341773
0.37155963302752293 0.5359999999999999
0.34575229357798176 0.4489746835443037
0.3830275229357798 0.8089367088607595
0.3113486238532111 0.7970759493670885
0.24827522935779828 0.7654303797468354
0.20240366972477075 0.73773417721519
0.16800000000000012 0.7060886075949369
}
