version: 2
n_points: 55
{
0.8315365168539327 0.3846337209302324
0.9026966292134831 0.5086627906976744
0.96636797752809 0.6714534883720931
0.9832219101123597 0.7954883720930234
0.958876404494382 0.8962616279069766
0.913932584269663 0.9427732558139534
0.8259185393258428 0.9699069767441861
0.745393258426966 0.9621511627906977
0.6517612359550563 0.9311453488372092
0.5749803370786517 0.8497499999999999
0.5131825842696629 0.8226162790697675
0.4476404494382019 0.8032383720930232
0.355879213483146 0.7644767441860465
0.2528848314606743 0.7102151162790697
0.1480140449438202 0.5939360465116278
0.0918342696629213 0.48928488372093015
0.04876404494381992 0.39238372093023266
0.0188005617977528 0.27223255813953495
0.0131825842696629 0.1326976744186047
0.0188005617977528 0.028046511627907056
0.5693623595505617 0.2993604651162791
0.6835955056179772 0.419517441860465
0.7678651685393256 0.5280465116279071
0.8240449438202244 0.6443255813953489
0.8746067415730338 0.7761046511627907
0.8540084269662922 0.8691279069767442
0.7828455056179775 0.8807558139534885
0.7079410112359552 0.8652558139534885
0.6480140449438202 0.8303720930232559
0.5824719101123592 0.791610465116279
0.5319101123595502 0.791610465116279
0.4776039325842698 0.7877325581395349
0.4176769662921348 0.7412209302325582
0.355879213483146 0.6947093023255815
0.3034466292134833 0.5939360465116278
0.5140646067415733 0.3153197674418605
0.48432303370786545 0.3597790697674419
0.4033567415730338 0.3426802325581394
0.34222191011235925 0.27086046511627915
0.25960393258426995 0.20588372093023244
0.2794325842696631 0.25376162790697665
0.33726404494382034 0.29138372093023257
0.3504831460674156 0.41108139534883736
0.39840168539325815 0.5410406976744188
0.4661460674157306 0.636796511627907
0.5157162921348315 0.6607383720930232
0.5669410112359548 0.6299593023255814
0.5950308988764041 0.5581395348837209
0.6165112359550564 0.4692209302325583
0.6363370786516855 0.4008197674418603
0.6032921348314605 0.780436046511628
0.6611235955056177 0.7530755813953488
0.7189550561797755 0.7393953488372093
0.7685252808988765 0.722296511627907
0.8214016853932586 0.7051976744186046
}
