version: 2
n_points: 55
{
0.5658124999999998 0.15386772486772496
0.4402499999999998 0.0801693121693121
0.29516406250000005 0.03103703703703696
0.16960937500000006 0.029148148148148225
0.08310937500000004 0.07071957671957664
0.04962500000000003 0.14064021164021173
0.04404687500000004 0.22189417989417984
0.06915625000000003 0.32015343915343925
0.10542968750000004 0.4146349206349206
0.16402343750000004 0.5204550264550264
0.21425000000000005 0.6149417989417989
0.28679687500000006 0.713201058201058
0.3956093749999998 0.8152433862433863
0.4932656249999998 0.8832698412698412
0.6216171875000001 0.9569629629629629
0.7276406249999998 0.973973544973545
0.8141406249999998 0.9683015873015873
0.8783124999999998 0.9569629629629629
0.9257421875 0.9456296296296298
0.9648046875 0.9361798941798941
0.6718359375 0.40519047619047627
0.6160312499999998 0.3182645502645502
0.5686015625 0.24457142857142852
0.46257812499999984 0.1973280423280424
0.29516406250000005 0.1614232804232805
0.23657031250000005 0.14064021164021173
0.11659375000000005 0.15008465608465602
0.09706250000000005 0.19921693121693115
0.12496093750000004 0.2785820105820105
0.15565625000000005 0.3579470899470899
0.20308593750000004 0.4354232804232805
0.22540625000000003 0.5110105820105821
0.27005468750000006 0.5847037037037037
0.31748437500000004 0.6357248677248677
0.3956093749999998 0.6905238095238097
0.6997421875000001 0.5204550264550264
0.6439374999999998 0.5563597883597883
0.6606796875000001 0.6413968253968256
0.7332187499999998 0.7056402116402115
0.7388046875000001 0.7661111111111109
0.6634687499999998 0.7302063492063493
0.6048749999999998 0.6621798941798944
0.5267499999999998 0.6432857142857143
0.5044296875000001 0.579037037037037
0.4988437499999998 0.5185661375661377
0.5127968749999998 0.46187830687830694
0.5127968749999998 0.4146349206349206
0.5267499999999998 0.3825132275132276
0.5686015625 0.35416931216931213
0.6076640625 0.33149206349206345
0.23378125000000005 0.42030687830687824
0.24214843750000004 0.36739682539682533
0.25610156250000005 0.29937037037037045
0.25889062500000004 0.2256719576719576
0.26726562500000006 0.16709523809523819
}
