version: 2
n_points: 55
{
0.7953111111111109 0.11018009478672981
0.6648777777777778 0.05866824644549772
0.5247777777777777 0.025696682464455098
0.32671111111111106 0.050426540284360125
0.1962777777777777 0.1266682464454975
0.08998888888888877 0.23175829383886262
0.05617777777777791 0.32036018957345974
0.05617777777777791 0.3842417061611374
0.07549999999999986 0.4563601895734596
0.08998888888888877 0.538781990521327
0.11897777777777777 0.6273886255924171
0.1576222222222223 0.7036303317535545
0.18177777777777793 0.7654454976303319
0.23008888888888887 0.8355071090047392
0.32671111111111106 0.9117488151658769
0.4861333333333334 0.9632606635071093
0.6020666666666667 0.9797488151658766
0.7325000000000002 0.9776872037914693
0.8629444444444446 0.946777251184834
0.9547222222222224 0.9035071090047393
0.7719222222222224 0.36915639810426537
0.7541444444444443 0.29522274881516575
0.7363666666666666 0.22697630331753552
0.6919222222222222 0.1682085308056873
0.6074777777777778 0.11323222748815163
0.5363666666666667 0.0904834123222748
0.39858888888888877 0.0999620853080568
0.24747777777777774 0.1587298578199053
0.14970000000000014 0.23266350710900466
0.1096999999999999 0.3047014218009477
0.1096999999999999 0.4013838862559242
0.12303333333333341 0.4980663507109004
0.15858888888888883 0.590957345971564
0.21636666666666682 0.6762654028436019
0.3008111111111112 0.7464075829383887
0.7985888888888888 0.43740284360189563
0.6963666666666667 0.5113364928909953
0.7141444444444444 0.5701042654028434
0.8163666666666668 0.590957345971564
0.8030333333333336 0.6819526066350711
0.5852555555555555 0.6971184834123222
0.5141444444444444 0.6440379146919432
0.40747777777777777 0.6402464454976302
0.3008111111111112 0.590957345971564
0.25192222222222227 0.5227109004739335
0.26525555555555547 0.462047393364929
0.3141444444444444 0.39759241706161136
0.4252555555555555 0.3615734597156397
0.5408111111111111 0.3577819905213271
0.678588888888889 0.3312417061611374
0.16303333333333336 0.46773459715639815
0.2074777777777778 0.3748436018957345
0.278588888888889 0.28574407582938377
0.3941444444444446 0.20801895734597153
0.5408111111111111 0.1435639810426539
}
