version: 2
n_points: 55
{
0.11905917159763302 0.3642765957446811
0.08561538461538458 0.47527659574468073
0.04702366863905327 0.6279148936170214
0.03415976331360945 0.8083085106382978
0.1010473372781065 0.886936170212766
0.1679408284023669 0.9424361702127659
0.25798224852071 0.9378191489361699
0.3403076923076923 0.9331914893617024
0.43292307692307685 0.8776808510638299
0.5075325443786983 0.8175531914893619
0.587284023668639 0.7712978723404256
0.6747573964497041 0.7065425531914895
0.7622248520710058 0.6325425531914894
0.813680473372781 0.5955425531914893
0.878 0.5354148936170213
0.9345976331360947 0.4429042553191488
0.9706153846153845 0.31339361702127666
0.973189349112426 0.17925531914893644
0.9474615384615384 0.11449999999999971
0.9243076923076925 0.04512765957446829
0.41234319526627206 0.359648936170213
0.3325917159763315 0.3503936170212767
0.25540828402366855 0.3827765957446808
0.21424852071005934 0.456776595744681
0.18080473372781056 0.581659574468085
0.16279289940828404 0.6695425531914895
0.1602189349112426 0.8129255319148938
0.21682248520710043 0.8591808510638296
0.2785621301775148 0.8638085106382977
0.353171597633136 0.849936170212766
0.4354970414201183 0.7944255319148935
0.5255384615384614 0.7389255319148936
0.6027218934911244 0.6972978723404255
0.6541775147928993 0.6602978723404254
0.7313550295857988 0.5955425531914893
0.44064497041420114 0.26713829787234034
0.49981656804733726 0.3920212765957449
0.6413136094674556 0.30876595744680857
0.6824733727810652 0.23476595744680828
0.7339289940828402 0.21626595744680854
0.7467928994082842 0.30876595744680857
0.6258757396449706 0.38739361702127684
0.6258757396449706 0.4984042553191492
0.5950059171597633 0.6047872340425534
0.5332603550295857 0.6371702127659575
0.4509349112426037 0.6602978723404254
0.3891893491124262 0.6556702127659573
0.3634615384615385 0.5724148936170215
0.35059763313609454 0.456776595744681
0.34288165680473376 0.3920212765957449
0.41234319526627206 0.7250531914893614
0.3557455621301774 0.7157978723404258
0.3094378698224853 0.7065425531914895
0.26055621301775145 0.7111702127659577
0.1988106508875739 0.7111702127659577
}
