version: 2
n_points: 55
{
0.8091528497409326 0.973463687150838
0.9235751295336787 0.8710446927374303
0.9840233160621762 0.6708547486033518
0.9861839378238342 0.43342458100558645
0.9386865284974094 0.2239273743016758
0.8566502590673576 0.08426256983240207
0.7810880829015544 0.03305586592178788
0.6904145077720207 0.042363128491619946
0.6342823834196891 0.07960893854748603
0.5479274611398963 0.11685474860335213
0.4680492227979275 0.13082122905027949
0.3946450777202072 0.16806145251396631
0.31476683937823835 0.20996089385474845
0.2521580310880829 0.24720670391061453
0.16796113989637296 0.30307262569832405
0.11398963730569944 0.3729050279329609
0.04274611398963735 0.47067039106145253
0.01252072538860094 0.5963687150837989
0.021158031088083007 0.754653631284916
0.09887823834196896 0.8477653631284916
0.565199481865285 0.8710446927374303
0.681779792746114 0.8803519553072624
0.7789300518134716 0.861731843575419
0.8609663212435232 0.7918994413407822
0.8998264248704663 0.7127541899441339
0.9235751295336787 0.45670391061452514
0.8803963730569947 0.2611731843575419
0.7810880829015544 0.13082122905027949
0.7227979274611399 0.15875418994413423
0.6601891191709843 0.18202793296089367
0.5911062176165804 0.2239273743016758
0.4961139896373057 0.2239273743016758
0.4356658031088083 0.2378938547486032
0.4075984455958549 0.2611731843575419
0.34499222797927465 0.34497206703910616
0.5500854922279792 0.936217877094972
0.4917953367875647 0.8431117318435756
0.405440414507772 0.75
0.32987823834196883 0.7965530726256982
0.25647668393782386 0.8384525139664802
0.2910181347150258 0.7872458100558661
0.3644222797927462 0.745346368715084
0.362261658031088 0.5591229050279328
0.31908549222797933 0.48463687150837986
0.37305699481865284 0.43342458100558645
0.4529352331606217 0.46135754189944117
0.48963730569948183 0.531189944134078
0.5479274611398963 0.6848212290502792
0.6018989637305698 0.7686201117318434
0.6666658031088082 0.8431117318435756
0.5500854922279792 0.23324022346368714
0.645077720207254 0.25651955307262586
0.7271165803108809 0.2937597765363127
0.8264248704663213 0.46135754189944117
0.8825569948186529 0.531189944134078
}
