version: 2
n_points: 55
{
0.7965933333333332 0.8498571428571428
0.8735133333333333 0.7338571428571429
0.9478733333333332 0.5446031746031746
0.9632599999999998 0.3126190476190475
0.8914599999999999 0.11725396825396826
0.8042866666666665 0.08673015873015871
0.7119733333333333 0.10504761904761897
0.6068466666666665 0.1477777777777778
0.5273599999999998 0.1477777777777778
0.42735999999999985 0.15388888888888877
0.36838666666666653 0.16609523809523807
0.3119733333333333 0.22714285714285717
0.2529999999999999 0.2576666666666667
0.2042866666666665 0.3187142857142856
0.1504399999999998 0.3736666666666666
0.0965933333333332 0.4347142857142857
0.05043999999999982 0.5384920634920635
0.02735999999999994 0.6666984126984129
0.029926666666666546 0.8254285714285716
0.08120666666666654 0.9292222222222222
0.5632599999999999 0.8986984126984127
0.64018 0.8376349206349204
0.7247933333333333 0.7155396825396827
0.7965933333333332 0.5690158730158732
0.8555666666666666 0.41028571428571425
0.8940266666666665 0.2576666666666667
0.8324866666666666 0.20271428571428574
0.76582 0.18441269841269833
0.7042866666666665 0.20271428571428574
0.6478733333333333 0.23325396825396816
0.5863333333333333 0.221031746031746
0.5401799999999999 0.2149365079365079
0.47607999999999984 0.22714285714285717
0.4094133333333332 0.2698730158730158
0.3555666666666665 0.3187142857142856
0.5094133333333332 0.9047936507936509
0.4350533333333332 0.8559523809523811
0.35043999999999986 0.794904761904762
0.29145999999999994 0.9292222222222222
0.24274666666666656 0.9047936507936509
0.2812066666666666 0.7888095238095237
0.34274666666666653 0.7277460317460319
0.37351333333333325 0.5812380952380951
0.3863333333333333 0.453031746031746
0.45043999999999984 0.36144444444444446
0.5299266666666664 0.3187142857142856
0.5888999999999999 0.33703174603174607
0.6222333333333332 0.4591269841269841
0.6350533333333332 0.5995396825396824
0.6453066666666667 0.7582698412698411
0.6478733333333333 0.2637777777777777
0.6965933333333332 0.29430158730158723
0.7401799999999998 0.30650793650793656
0.7888999999999998 0.3309206349206349
0.8299266666666665 0.30650793650793656
}
