version: 2
n_points: 55
{
0.6082222222222223 0.1838363636363638
0.44502222222222215 0.09671515151515168
0.3130777777777777 0.04179393939393949
0.16029999999999991 0.03610909090909107
0.06307777777777769 0.10429090909090925
0.05961111111111121 0.18762424242424258
0.1360000000000001 0.25580606060606076
0.1985000000000001 0.3315636363636365
0.24363333333333326 0.40164242424242436
0.29224444444444436 0.4736121212121213
0.33391111111111105 0.5531575757575758
0.3721111111111112 0.6232303030303032
0.42766666666666675 0.7008848484848486
0.5179444444444445 0.765278787878788
0.5665555555555557 0.8164121212121214
0.6394666666666666 0.8524
0.6950222222222221 0.9054303030303031
0.7644666666666668 0.9603515151515153
0.8616888888888892 0.9736121212121213
0.9554444444444445 0.9584606060606061
0.6669444444444446 0.4062121212121211
0.5656333333333334 0.3313454545454547
0.47085555555555564 0.2493454545454545
0.3499444444444445 0.203
0.22903333333333334 0.17269696969696974
0.11465555555555543 0.18161212121212125
0.12772222222222226 0.22439393939393926
0.1865444444444443 0.26538787878787873
0.24209999999999987 0.3313454545454547
0.2715111111111112 0.39729696969696954
0.2845888888888889 0.45255757575757594
0.3107333333333334 0.506030303030303
0.3564777777777778 0.5844606060606059
0.425111111111111 0.6308060606060608
0.5329555555555556 0.6397212121212119
0.7452111111111113 0.44092727272727267
0.7028888888888888 0.5101878787878786
0.6817222222222221 0.5751272727272728
0.769022222222222 0.6241878787878787
0.835166666666667 0.683351515151515
0.7637333333333333 0.6790242424242423
0.6684999999999999 0.6039878787878789
0.5467999999999998 0.5808969696969698
0.42246666666666655 0.569351515151515
0.35367777777777765 0.5116303030303029
0.34574444444444435 0.4495818181818181
0.34838888888888875 0.399078787878788
0.4012999999999999 0.37166060606060614
0.4806666666666666 0.3615636363636365
0.5362222222222222 0.345690909090909
0.2848999999999999 0.3788787878787878
0.2848999999999999 0.3355878787878789
0.2954777777777777 0.2850848484848484
0.30341111111111096 0.25189090909090917
0.3139999999999999 0.2158181818181819
}
