version: 2
n_points: 55
{
0.7772647058823524 0.23153456221198154
0.5863431372549022 0.13694009216589864
0.44701960784313727 0.0472027649769585
0.2819019607843139 0.025373271889400792
0.12195098039215652 0.06902764976958518
0.08425490196078482 0.14569585253456213
0.06720588235294135 0.24186635944700466
0.05442156862745142 0.3340322580645162
0.07573529411764728 0.4181843317972349
0.12688235294117653 0.4983271889400919
0.1780294117647058 0.5664516129032257
0.22065686274509752 0.6566129032258066
0.31443137254901965 0.7367557603686635
0.3954215686274507 0.808889400921659
0.4678921568627453 0.8569723502304146
0.544617647058824 0.9030552995391703
0.6597058823529408 0.9271013824884794
0.7620098039215688 0.955152073732719
0.8557843137254898 0.9591566820276495
0.9538235294117644 0.9811981566820275
0.7872647058823534 0.39399078341013816
0.6638137254901956 0.3120691244239634
0.5330882352941176 0.21819354838709684
0.42778431372549036 0.13626728110599076
0.3297450980392158 0.10383870967741943
0.1808725490196074 0.11578801843317961
0.1554607843137252 0.19088479262672822
0.13730392156862742 0.2659861751152076
0.13730392156862742 0.33425345622119823
0.1772450980392152 0.4059400921658989
0.17361764705882302 0.4912764976958524
0.21718627450980413 0.5356543778801842
0.26801960784313694 0.5783225806451612
0.300696078431373 0.6278202764976957
0.3261176470588236 0.6739032258064515
0.812686274509804 0.4349539170506912
0.7364313725490195 0.5049308755760371
0.7400588235294117 0.5953917050691246
0.8308431372549018 0.663663594470046
0.834470588235294 0.6892626728110601
0.6928529411764711 0.6585437788018433
0.6674411764705878 0.624405529953917
0.5548725490196077 0.6090460829493088
0.4495784313725487 0.561258064516129
0.3479019607843136 0.5185852534562213
0.3115980392156864 0.46055760368663606
0.36605882352941144 0.41447465437788034
0.43504901960784315 0.38204608294930875
0.5512450980392154 0.3479078341013824
0.638392156862745 0.3410829493087557
0.17361764705882302 0.3598571428571431
0.20629411764705913 0.3120691244239634
0.2353431372549019 0.22843317972350227
0.27165686274509754 0.1772304147465438
0.2789117647058819 0.1379769585253455
}
