version: 2
n_points: 55
{
0.11512365591397855 0.34926241134751757
0.04343548387096778 0.5108085106382978
0.028505376344086134 0.7078156028368794
0.058370967741935634 0.826014184397163
0.17187096774193558 0.8969361702127658
0.30329569892473124 0.9599787234042553
0.41977956989247317 0.963921985815603
0.5153602150537636 0.9245177304964539
0.598994623655914 0.8063120567375887
0.6885967741935481 0.7196312056737588
0.7543118279569894 0.6250709219858155
0.8080752688172044 0.5541489361702128
0.879758064516129 0.4635248226950355
0.9006666666666667 0.4044255319148936
0.933521505376344 0.32956028368794343
0.9753387096774194 0.24287943262411338
0.9723494623655913 0.11679432624113484
0.9126129032258063 0.0537517730496454
0.817032258064516 0.034056737588652686
0.7274301075268819 0.0537517730496454
0.3958870967741935 0.2862198581560286
0.29134408602150536 0.32956028368794343
0.16589784946236574 0.412304964539007
0.091225806451613 0.5147446808510638
0.08824193548387102 0.6684113475177306
0.1688870967741936 0.7787375886524822
0.24953225806451618 0.8457163120567377
0.3630322580645161 0.9048156028368795
0.47951612903225804 0.865418439716312
0.5512043010752689 0.7866170212765958
0.6199032258064517 0.715695035460993
0.6885967741935481 0.6132482269503545
0.7184677419354838 0.5580851063829787
0.7543118279569894 0.5068652482269502
0.7811935483870969 0.4241276595744681
0.3839408602150538 0.235
0.44965053763440854 0.23893617021276592
0.5273064516129032 0.21529787234042574
0.5661397849462366 0.1128581560283689
0.6228870967741934 0.12467375886524823
0.6288602150537632 0.20347517730496456
0.5750967741935484 0.2743971631205674
0.598994623655914 0.41624113475177305
0.6049677419354839 0.47534751773049644
0.5930215053763442 0.5462695035460994
0.5273064516129032 0.5856666666666668
0.45861290322580656 0.5699078014184398
0.40186021505376335 0.49110638297872344
0.3630322580645161 0.4359432624113474
0.32420430107526893 0.3729007092198582
0.6228870967741934 0.6644680851063829
0.5243225806451612 0.7078156028368794
0.3839408602150538 0.7196312056737588
0.27044086021505387 0.703872340425532
0.15395161290322576 0.692049645390071
}
