version: 2
n_points: 55
{
0.22123893805309736 0.19850187265917604
0.35398230088495575 0.10486891385767791
0.5221238938053097 0.0299625468164794
0.6902654867256637 0.018726591760299626
0.7964601769911505 0.0599250936329588
0.8761061946902655 0.1348314606741573
0.9203539823008849 0.21348314606741572
0.9292035398230089 0.27340823970037453
0.9469026548672567 0.3333333333333333
0.9557522123893806 0.40074906367041196
0.9557522123893806 0.47191011235955055
0.9203539823008849 0.5243445692883895
0.8849557522123894 0.5692883895131086
0.8495575221238938 0.6217228464419475
0.8053097345132744 0.6928838951310862
0.7256637168141593 0.7752808988764045
0.5929203539823009 0.8576779026217228
0.4513274336283186 0.9400749063670412
0.23893805309734517 0.9812734082397003
0.04424778761061943 0.947565543071161
0.22123893805309736 0.299625468164794
0.3008849557522124 0.19850187265917604
0.4070796460176991 0.1348314606741573
0.5398230088495575 0.09363295880149813
0.6991150442477876 0.0898876404494382
0.7787610619469026 0.14606741573033707
0.831858407079646 0.20224719101123595
0.8407079646017699 0.26217228464419473
0.8761061946902655 0.31835205992509363
0.911504424778761 0.38202247191011235
0.9026548672566371 0.4307116104868914
0.8938053097345133 0.49063670411985016
0.8672566371681416 0.5430711610486891
0.8141592920353982 0.5842696629213483
0.7256637168141593 0.651685393258427
0.09734513274336287 0.449438202247191
0.1415929203539823 0.49812734082397003
0.22123893805309736 0.5543071161048689
0.17699115044247793 0.6142322097378277
0.16814159292035402 0.6741573033707865
0.2743362831858407 0.6404494382022472
0.4070796460176991 0.5917602996254682
0.5398230088495575 0.599250936329588
0.6460176991150443 0.5580524344569289
0.7168141592920354 0.5280898876404494
0.7345132743362832 0.4681647940074906
0.6725663716814159 0.42696629213483145
0.5752212389380531 0.3895131086142322
0.47787610619469023 0.3595505617977528
0.38053097345132747 0.3295880149812734
0.8407079646017699 0.2883895131086142
0.7964601769911505 0.2247191011235955
0.7699115044247787 0.19101123595505617
0.7433628318584071 0.15730337078651685
0.6902654867256637 0.12359550561797752
}
