version: 2
n_points: 55
{
0.07902475247524754 0.7793214285714286
0.03501980198019799 0.647047619047619
0.013018151815181535 0.5059523809523809
0.009351485148514901 0.38690476190476186
0.02768646864686472 0.2678571428571428
0.06435643564356436 0.19730952380952382
0.11569471947194718 0.13117460317460328
0.19453630363036306 0.07385317460317453
0.26054290429042903 0.020944444444444432
0.3705544554455446 0.020944444444444432
0.464062706270627 0.09590079365079363
0.5575726072607259 0.15762698412698417
0.647414191419142 0.22376587301587303
0.7299224422442245 0.30313095238095245
0.806930693069307 0.40895238095238096
0.8931056105610561 0.5279999999999999
0.9609455445544556 0.6338174603174602
0.9921155115511551 0.766095238095238
0.9829488448844883 0.9071865079365079
0.9352772277227723 0.9821428571428571
0.4035577557755776 0.8675039682539682
0.31554785478547853 0.8101865079365078
0.22387293729372942 0.739638888888889
0.16153300330033005 0.6514563492063491
0.11019471947194723 0.5500436507936508
0.07168976897689762 0.4530436507936506
0.07719141914191423 0.3692698412698412
0.12669636963696373 0.2722658730158729
0.1835346534653465 0.21053968253968247
0.25320792079207916 0.17085714285714293
0.3302161716171617 0.13117460317460328
0.3943894389438944 0.17085714285714293
0.4897326732673268 0.25463095238095224
0.5759075907590759 0.3207658730158731
0.6400808580858084 0.364857142857143
0.4200594059405941 0.9160039682539683
0.46589603960396053 0.8322301587301586
0.5667392739273927 0.8101865079365078
0.6309125412541255 0.8895515873015872
0.7097541254125415 0.9645079365079364
0.6089108910891089 0.8454603174603174
0.6034108910891087 0.7308214285714285
0.6327458745874587 0.6205912698412699
0.5594059405940595 0.53240873015873
0.4897326732673268 0.5191785714285715
0.4457277227722774 0.5765000000000001
0.41822442244224417 0.6161825396825398
0.3815544554455445 0.6911388888888887
0.35221782178217814 0.7528650793650793
0.3375511551155116 0.8057777777777777
0.5337359735973597 0.3428134920634921
0.4255594059405939 0.3604484126984129
0.31921452145214513 0.3957222222222221
0.23670627062706265 0.43540476190476185
0.1560330033003301 0.48390476190476195
}
