version: 2
n_points: 55
{
0.12699470899470905 0.6388522727272726
0.06860846560846552 0.5095340909090909
0.03759259259259269 0.3880681818181819
0.03029629629629629 0.29402272727272716
0.05948677248677246 0.18430681818181816
0.09597883597883591 0.13336363636363624
0.16166137566137553 0.09026136363636383
0.2382857142857143 0.06282954545454544
0.30032275132275144 0.07849999999999979
0.3495820105820107 0.11769318181818178
0.44080423280423287 0.16471590909090916
0.5539259259259259 0.2274090909090909
0.6579206349206348 0.2783522727272727
0.760089947089947 0.3723863636363638
0.842190476190476 0.4546818181818182
0.9042222222222224 0.5643977272727273
0.9516613756613759 0.6741136363636364
0.9735555555555553 0.7760000000000001
0.9735555555555553 0.8582840909090909
0.9626084656084656 0.9444886363636364
0.3951957671957672 0.6819545454545455
0.3112698412698412 0.6310113636363636
0.23464021164021154 0.5722386363636364
0.1853756613756614 0.4586022727272727
0.14159259259259271 0.36063636363636353
0.1361164021164021 0.22348863636363636
0.18902645502645501 0.16862500000000002
0.24923280423280433 0.1882272727272727
0.3203915343915342 0.22348863636363636
0.386068783068783 0.2509204545454544
0.45540211640211653 0.2469999999999999
0.5137830687830689 0.2783522727272727
0.552100529100529 0.3175340909090911
0.6086560846560847 0.36455681818181807
0.6506190476190475 0.4664318181818181
0.4189100529100528 0.7368068181818181
0.47364550264550265 0.6701931818181819
0.5502751322751324 0.658443181818182
0.5958888888888888 0.7250568181818182
0.6524444444444445 0.7799204545454547
0.6287301587301587 0.7132954545454546
0.5940634920634922 0.6349318181818181
0.5867619047619049 0.5761590909090909
0.5539259259259259 0.4781931818181817
0.4973650793650794 0.43117045454545466
0.43350793650793645 0.4468409090909091
0.38971957671957663 0.5056250000000001
0.3659999999999999 0.525215909090909
0.34775661375661376 0.5604772727272728
0.34410582010582014 0.6231704545454545
0.3605291005291005 0.28226136363636356
0.324037037037037 0.2979431818181817
0.2984973544973545 0.3332045454545455
0.2674814814814813 0.356715909090909
0.1981481481481481 0.3488863636363636
}
