version: 2
n_points: 55
{
0.19306130268199237 0.696875
0.11004597701149417 0.5649312500000001
0.03767432950191559 0.39131874999999994
0.0206475095785441 0.259375
0.04831800766283521 0.15173750000000008
0.09940229885057456 0.09965000000000013
0.173904214559387 0.05451249999999985
0.2633026819923371 0.03715000000000013
0.352704980842912 0.05451249999999985
0.4506168582375479 0.10659999999999992
0.5570459770114943 0.13784999999999992
0.6315440613026819 0.19340000000000013
0.7145593869731801 0.2524312500000001
0.806088122605364 0.3774312500000001
0.8933601532567051 0.5197937499999998
0.9444444444444444 0.6725687499999999
0.9806283524904214 0.7767375000000001
0.9827586206896551 0.8392375000000001
0.9742452107279694 0.9052062500000002
0.959344827586207 0.9711812500000001
0.38037547892720314 0.7107624999999999
0.3058735632183907 0.6274312500000001
0.23563218390804597 0.5267375000000001
0.19306130268199237 0.415625
0.14410344827586202 0.3149312500000001
0.15900383141762453 0.19687500000000002
0.22711877394636024 0.1586812500000001
0.3165172413793103 0.14826249999999985
0.39527586206896564 0.15173750000000008
0.4633869731800765 0.18298750000000008
0.5017011494252872 0.22465000000000013
0.5719463601532567 0.24548750000000008
0.6166436781609194 0.2871500000000001
0.6358007662835248 0.36354374999999983
0.6996590038314175 0.4121500000000001
0.41868965517241385 0.7871500000000001
0.4633869731800765 0.7559000000000001
0.5655593869731801 0.7385437499999998
0.6358007662835248 0.7975687499999999
0.686888888888889 0.8635437499999998
0.6826321839080461 0.7767375000000001
0.6358007662835248 0.6829875000000001
0.6315440613026819 0.6065999999999999
0.6060038314176246 0.5232624999999999
0.5613026819923371 0.45381874999999994
0.49531800766283535 0.4086812500000001
0.4421034482758621 0.3809000000000001
0.39740229885057465 0.4399312500000001
0.35483141762452103 0.4954875000000001
0.32077394636015316 0.5961812500000001
0.3739885057471264 0.1864562500000002
0.32290421455938706 0.20034999999999992
0.2611762452107281 0.23506874999999994
0.203704980842912 0.2489562500000002
0.16326053639846738 0.27326249999999985
}
