version: 2
n_points: 55
{
0.3758292682926827 0.18870967741935465
0.5120243902439023 0.12796774193548383
0.6419024390243899 0.08396774193548369
0.8002682926829263 0.1342419354838711
0.8668048780487801 0.23269354838709666
0.8731219512195123 0.34161290322580656
0.8572926829268293 0.41493548387096774
0.8256097560975615 0.505
0.7780975609756094 0.5825000000000001
0.7179268292682928 0.6558225806451613
0.6545609756097559 0.7165645161290322
0.5753902439024392 0.7668387096774195
0.527878048780487 0.8150161290322582
0.4866829268292685 0.8569032258064514
0.45185365853658566 0.886241935483871
0.36314634146341485 0.9071774193548388
0.2681219512195121 0.926032258064516
0.2206097560975614 0.9218387096774193
0.14141463414634148 0.9029999999999998
0.1002439024390247 0.8652903225806451
0.3768048780487808 0.39619354838709664
0.397146341463415 0.2864354838709675
0.5055365853658531 0.2237096774193549
0.6003902439024387 0.1856290322580643
0.7155609756097566 0.20354838709677428
0.7697804878048775 0.25058064516129036
0.7765365853658542 0.32003225806451635
0.779926829268292 0.37154838709677424
0.7867073170731707 0.4253225806451614
0.773146341463415 0.4723548387096774
0.7528292682926826 0.5350806451612905
0.7121707317073174 0.5866129032258065
0.6545853658536591 0.6291774193548385
0.5732926829268292 0.6605322580645162
0.5190975609756101 0.6650161290322579
0.24809756097561042 0.4813225806451615
0.23792682926829256 0.561967741935484
0.3293902439024389 0.6134838709677419
0.23114634146341406 0.658290322580645
0.2243658536585369 0.7008548387096775
0.31246341463414584 0.658290322580645
0.383585365853658 0.5798870967741936
0.48521951219512205 0.5843709677419354
0.583463414634147 0.5709354838709677
0.6647560975609754 0.5306129032258063
0.6681463414634148 0.4858064516129033
0.6342682926829267 0.42980645161290315
0.5597317073170734 0.39619354838709664
0.49200000000000066 0.3737903225806453
0.4072926829268295 0.35138709677419355
0.7426585365853662 0.4902903225806451
0.7325121951219515 0.4096451612903225
0.7359024390243909 0.37154838709677424
0.7325121951219515 0.33346774193548406
0.7359024390243909 0.28195161290322573
}
