version: 2
n_points: 55
{
0.23809523809523814 0.2169576059850374
0.37037037037037035 0.1172069825436409
0.5291005291005291 0.05486284289276808
0.7195767195767195 0.012468827930174564
0.8571428571428572 0.03740648379052369
0.9523809523809523 0.09975062344139651
0.9735449735449735 0.1596009975062344
0.962962962962963 0.23690773067331672
0.9470899470899471 0.33665835411471323
0.8994708994708995 0.4139650872817955
0.8518518518518519 0.49625935162094764
0.8042328042328042 0.5760598503740648
0.7671957671957672 0.6483790523690773
0.7248677248677249 0.7456359102244389
0.6455026455026456 0.8254364089775561
0.544973544973545 0.9052369077306733
0.417989417989418 0.9675810473815462
0.26455026455026454 0.9875311720698254
0.1428571428571429 0.9825436408977556
0.02645502645502651 0.9501246882793017
0.28852910052910075 0.44325685785536156
0.3527777777777775 0.3559750623441396
0.44725925925925947 0.2829426433915213
0.5379629629629628 0.1885361596009974
0.6437830687830686 0.13688029925187034
0.7722751322751324 0.10659850374064833
0.8629788359788357 0.13153615960099746
0.8856560846560847 0.20278553615960102
0.8705396825396827 0.29006733167082294
0.8403015873015873 0.3773491271820449
0.7760582010582008 0.4664139650872819
0.7798359788359789 0.5483516209476309
0.7873915343915344 0.6267256857855362
0.6966931216931215 0.6979775561097254
0.6135449735449737 0.7442892768079802
0.2729894179894181 0.49055860349127195
0.31708465608465597 0.5293516209476309
0.3347195767195764 0.5681421446384041
0.2994444444444446 0.613862842892768
0.2935661375661378 0.6512693266832917
0.3405978835978839 0.641571072319202
0.3758730158730157 0.600007481296758
0.5022698412698412 0.6180174563591023
0.5728148148148144 0.6277157107231922
0.6756931216931218 0.613862842892768
0.6962698412698414 0.5653715710723194
0.6521798941798939 0.5057980049875312
0.5786931216931219 0.44206982543640894
0.4993280423280426 0.39496508728179547
0.3993862433862436 0.3658703241895263
0.7668201058201056 0.4309850374064839
0.7433015873015876 0.3741845386533666
0.7168465608465611 0.30214214463840394
0.6985820105820109 0.24197506234413974
0.6834656084656082 0.17428678304239403
}
