version: 2
n_points: 55
{
0.08131132075471698 0.7909533333333332
0.045374213836477995 0.6671400000000002
0.01841823899371069 0.51476
0.02066352201257861 0.39095333333333315
0.06558805031446541 0.25285999999999986
0.12848113207547168 0.13857333333333333
0.2138364779874214 0.052859999999999796
0.303682389937107 0.03857333333333335
0.3867924528301887 0.05761999999999978
0.4631635220125786 0.08142666666666665
0.5530094339622642 0.10524
0.6495943396226416 0.15761999999999987
0.7124874213836478 0.23380666666666683
0.7753805031446541 0.32904666666666693
0.8427672955974843 0.38619333333333317
0.9168899371069184 0.4766666666666667
0.9707987421383648 0.5957133333333335
0.9865220125786164 0.7528599999999999
0.9730471698113207 0.8814266666666667
0.9505849056603773 0.9671400000000002
0.46990251572327035 0.7385733333333333
0.413745283018868 0.81
0.3261446540880503 0.7814266666666666
0.22731446540880504 0.7290466666666668
0.15992767295597485 0.6861933333333332
0.12399056603773585 0.5861933333333331
0.1329748427672956 0.38619333333333317
0.1734056603773585 0.25761999999999974
0.22955974842767296 0.17190666666666665
0.303682389937107 0.16714000000000018
0.4025157232704403 0.18142666666666663
0.4811320754716981 0.1909533333333331
0.5642421383647798 0.22904666666666684
0.6226415094339622 0.31475999999999993
0.6877798742138365 0.40524000000000004
0.4451918238993712 0.8957133333333335
0.5170723270440251 0.8623800000000001
0.5754716981132075 0.8004733333333335
0.6473490566037736 0.8338066666666668
0.6945188679245284 0.8671400000000001
0.6630723270440252 0.7195266666666665
0.5777169811320755 0.5909533333333331
0.5709779874213837 0.4719066666666667
0.5148238993710692 0.3576199999999998
0.4586698113207548 0.34809333333333337
0.4159937106918239 0.39095333333333315
0.3867924528301887 0.5004733333333335
0.37331446540880503 0.61
0.3688238993710692 0.70524
0.3486069182389938 0.7719066666666666
0.42722327044025166 0.22904666666666684
0.3643301886792454 0.26238000000000017
0.29694654088050304 0.32904666666666693
0.2160817610062893 0.4195266666666665
0.16891194968553458 0.49095333333333313
}
