version: 2
n_points: 55
{
0.0879056603773586 0.7380540540540539
0.05360377358490555 0.6070180180180181
0.025731132075471622 0.4473153153153152
0.03644811320754705 0.23027927927927938
0.11363679245283023 0.08695495495495487
0.197254716981132 0.050099099099099154
0.27658490566037747 0.050099099099099154
0.3430518867924527 0.06647747747747745
0.41595283018867935 0.08695495495495487
0.49313679245283 0.1279009009009009
0.5553160377358489 0.17704504504504492
0.6282169811320756 0.21389189189189184
0.6925377358490565 0.2589369369369371
0.7547169811320755 0.295792792792793
0.8276179245283021 0.36950450450450445
0.8962264150943396 0.4514054054054053
0.9519716981132075 0.5619729729729731
0.9798443396226414 0.6807297297297296
0.9798443396226414 0.8363333333333336
0.9326745283018867 0.9550900900900899
0.4052311320754717 0.6930090090090089
0.3173254716981133 0.6930090090090089
0.22941509433962276 0.6725405405405405
0.15223113207547181 0.6192972972972974
0.1179245283018868 0.46369369369369395
0.11363679245283023 0.263036036036036
0.17152830188679233 0.1442792792792792
0.2637216981132075 0.1319999999999999
0.3494858490566038 0.18523423423423435
0.42452830188679247 0.18523423423423435
0.48456132075471686 0.20570270270270274
0.5403066037735847 0.2466576576576578
0.6046320754716982 0.299891891891892
0.6582311320754715 0.3736036036036039
0.7139811320754719 0.46369369369369395
0.42667452830188674 0.8363333333333336
0.4867075471698114 0.7953873873873875
0.563891509433962 0.7626306306306305
0.6303584905660375 0.8322432432432434
0.6882499999999999 0.8527207207207206
0.6689528301886791 0.7544324324324326
0.6174952830188679 0.6274954954954953
0.6067735849056602 0.48007207207207214
0.5660377358490566 0.4186486486486489
0.4974292452830191 0.3981711711711712
0.4481132075471698 0.4514054054054053
0.4052311320754717 0.508738738738739
0.364495283018868 0.5619729729729731
0.3430518867924527 0.6192972972972974
0.33233490566037727 0.6561531531531534
0.4974292452830191 0.24255855855855835
0.4416792452830187 0.23436936936936925
0.3880801886792454 0.22618018018018016
0.33662264150943383 0.21799099099099095
0.27873113207547173 0.18932432432432422
}
