version: 2
n_points: 55
{
0.7083809523809526 0.13032638888888887
0.6054166666666669 0.09090972222222228
0.4574166666666667 0.04023611111111119
0.3351547619047621 0.03647916666666657
0.22897619047619025 0.057124999999999995
0.142107142857143 0.0946666666666667
0.09384523809523787 0.17349305555555558
0.06488095238095225 0.28047222222222223
0.0713214285714284 0.38557638888888884
0.10671428571428569 0.4719166666666666
0.16784523809523796 0.5620069444444444
0.22897619047619025 0.6445902777777778
0.3094166666666665 0.7196666666666667
0.4059404761904761 0.8003680555555555
0.5249880952380951 0.8679375
0.5989880952380953 0.9317500000000002
0.7051666666666664 0.9599027777777778
0.7920357142857144 0.965534722222222
0.8724761904761906 0.9392569444444443
0.9464761904761907 0.9167361111111111
0.6633333333333337 0.4775486111111111
0.6762023809523808 0.4024722222222221
0.6215119047619047 0.2598263888888888
0.5668095238095241 0.18663194444444445
0.47028571428571453 0.13032638888888887
0.4155952380952384 0.10779861111111108
0.29976190476190484 0.09654166666666658
0.2225357142857141 0.13595833333333335
0.1646190476190473 0.21478472222222222
0.13245238095238068 0.29924305555555564
0.13888095238095235 0.36868750000000006
0.19036904761904744 0.45877777777777773
0.2547142857142859 0.5601319444444444
0.3126309523809527 0.6164375
0.3576785714285716 0.6708680555555555
0.7662976190476194 0.44751388888888893
0.7920357142857144 0.5075763888888889
0.801690476190476 0.5920347222222221
0.7598571428571426 0.6183125
0.7888214285714289 0.6708680555555555
0.7437738095238092 0.6389583333333333
0.6729880952380953 0.5788958333333333
0.5861190476190474 0.5807777777777778
0.4767261904761907 0.5638819444444445
0.4284642857142855 0.5413611111111111
0.37697619047619046 0.48318055555555556
0.3834166666666666 0.41748611111111106
0.4381071428571427 0.3837013888888888
0.5475119047619046 0.37244444444444447
0.6279404761904763 0.3499166666666667
0.23863095238095258 0.48318055555555556
0.24827380952380973 0.37995138888888885
0.27402380952380917 0.29173611111111103
0.3158452380952382 0.21290972222222215
0.3962857142857144 0.14909027777777772
}
