version: 2
n_points: 55
{
0.5680138248847926 0.96388125
0.6966589861751152 0.9743000000000002
0.8387511520737326 0.9222187499999996
0.9328341013824886 0.8128437499999996
0.9731566820276497 0.7034687499999996
0.9673963133640553 0.56544375
0.9366774193548386 0.46388125
0.8637096774193549 0.3649250000000002
0.792668202764977 0.27638125
0.7043410138248849 0.1644062499999997
0.6083364055299538 0.08888125000000002
0.5142488479262673 0.04461250000000021
0.41056221198156684 0.031593749999999685
0.314557603686636 0.05242500000000021
0.2396728110599079 0.10971874999999968
0.1743870967741935 0.12794375000000002
0.11102304147465436 0.16180000000000022
0.05341935483870963 0.22950625000000002
0.0226958525345623 0.3414875000000002
0.05725806451612914 0.4118000000000002
0.4835253456221199 0.5289875000000002
0.4988894009216589 0.6383625000000002
0.560331797235023 0.7503437499999996
0.6582580645161291 0.8493000000000002
0.7734654377880185 0.8519062499999996
0.8617926267281105 0.79200625
0.9040322580645161 0.6852375000000002
0.9001935483870969 0.5472187499999996
0.8349078341013825 0.4586750000000002
0.7504239631336407 0.3753437499999997
0.6908986175115208 0.2972187499999997
0.6140967741935484 0.2034687499999997
0.5161705069124423 0.1644062499999997
0.43552534562211975 0.1644062499999997
0.3702396313364056 0.20086250000000022
0.4220829493087558 0.6305500000000002
0.3721612903225806 0.5680500000000002
0.28959447004608285 0.5159687499999996
0.2204700460829493 0.5055500000000002
0.1455852534562211 0.4196125000000002
0.18014746543778792 0.37794375
0.29343317972350236 0.3649250000000002
0.3721612903225806 0.33106875
0.4240046082949308 0.2659687499999997
0.4988894009216589 0.24773750000000022
0.5872119815668203 0.26856875
0.6294562211981567 0.3362812499999997
0.6160138248847926 0.4586750000000002
0.5660921658986175 0.55763125
0.546889400921659 0.7008625000000002
0.7043410138248849 0.33888125
0.7408248847926266 0.4300312499999997
0.779225806451613 0.5237812499999996
0.8176267281105991 0.60450625
0.8637096774193549 0.6722187499999996
}
