version: 2
n_points: 55
{
0.7448841463414635 0.23473
0.8706463414634147 0.38473
0.9659207317073171 0.60973
0.9316219512195122 0.8159799999999999
0.8325365853658537 0.93473
0.7334512195121952 0.94723
0.6419878048780487 0.94098
0.569579268292683 0.90348
0.49717073170731707 0.8784799999999999
0.42095121951219516 0.8159799999999999
0.3637865853658536 0.77848
0.29518902439024386 0.7222299999999999
0.24564634146341469 0.6534800000000001
0.17704878048780492 0.5909800000000001
0.11607317073170731 0.51598
0.07034146341463421 0.45972999999999997
0.03604268292682933 0.34097999999999995
0.024609756097560997 0.24097999999999997
0.05128658536585362 0.11597999999999997
0.10464024390243898 0.040980000000000016
0.6021036585365853 0.29459
0.6783231707317073 0.35084000000000004
0.7640670731707317 0.40709000000000006
0.7983658536585366 0.4852200000000001
0.8250426829268293 0.61334
0.8040853658536585 0.7508400000000001
0.743109756097561 0.82897
0.6726036585365853 0.8383400000000001
0.5944817073170732 0.81959
0.5315975609756098 0.7789699999999999
0.46681097560975604 0.7508400000000001
0.4287012195121951 0.71959
0.40202439024390235 0.67897
0.3696341463414634 0.63834
0.3334268292682926 0.5539700000000001
0.5658963414634146 0.22272000000000003
0.4801524390243903 0.23209000000000002
0.39250000000000007 0.21022000000000007
0.3334268292682926 0.15397000000000005
0.3448597560975609 0.23209000000000002
0.37534756097560973 0.27897000000000005
0.4039329268292683 0.34772000000000003
0.4096463414634146 0.41959
0.42107926829268283 0.4852200000000001
0.4706219512195122 0.56959
0.5430304878048781 0.61022
0.5925731707317073 0.59459
0.6192500000000001 0.53209
0.624969512195122 0.45084
0.6306829268292683 0.35084000000000004
0.6078170731707317 0.79772
0.6630792682926829 0.7789699999999999
0.6897560975609756 0.77272
0.7335792682926829 0.76647
0.7755000000000001 0.75397
}
