version: 2
n_points: 55
{
0.7909407665505226 0.7070063694267515
0.8989547038327526 0.5286624203821656
0.975609756097561 0.31210191082802546
0.9825783972125436 0.17197452229299362
0.9128919860627178 0.07643312101910828
0.8327526132404182 0.044585987261146494
0.7386759581881532 0.03184713375796178
0.6445993031358885 0.050955414012738856
0.5505226480836236 0.09554140127388536
0.45993031358885017 0.12738853503184713
0.3972125435540069 0.1592356687898089
0.3310104529616724 0.17834394904458598
0.27177700348432055 0.24203821656050956
0.2090592334494773 0.33121019108280253
0.1533101045296167 0.43312101910828027
0.08710801393728218 0.5095541401273885
0.04529616724738672 0.6050955414012739
0.017421602787456414 0.7261146496815286
0.024390243902439046 0.8726114649681529
0.059233449477351874 0.9681528662420382
0.5644599303135889 0.6050955414012739
0.662020905923345 0.5732484076433121
0.7665505226480837 0.5159235668789809
0.8257839721254355 0.39490445859872614
0.8710801393728222 0.2929936305732484
0.8954703832752613 0.2229299363057325
0.8780487804878049 0.10828025477707007
0.7909407665505226 0.08917197452229299
0.7142857142857143 0.08917197452229299
0.627177700348432 0.15286624203821655
0.5505226480836236 0.1464968152866242
0.4738675958188153 0.1337579617834395
0.40418118466898956 0.1464968152866242
0.3449477351916377 0.1910828025477707
0.29268292682926833 0.3630573248407643
0.5505226480836236 0.7006369426751592
0.47038327526132406 0.6687898089171974
0.4181184668989547 0.6624203821656051
0.3693379790940766 0.7197452229299363
0.28919860627177696 0.7515923566878981
0.3310104529616724 0.6815286624203821
0.37630662020905925 0.5923566878980892
0.372822299651568 0.49044585987261147
0.37630662020905925 0.33121019108280253
0.3972125435540069 0.24203821656050956
0.4947735191637631 0.267515923566879
0.5400696864111498 0.3503184713375796
0.5853658536585367 0.4140127388535032
0.627177700348432 0.445859872611465
0.6550522648083623 0.5159235668789809
0.6550522648083623 0.17834394904458598
0.7038327526132404 0.21019108280254778
0.7526132404181185 0.22929936305732485
0.8083623693379791 0.2356687898089172
0.8432055749128919 0.2356687898089172
}
