version: 2
n_points: 55
{
0.8465324675324675 0.12091780821917805
0.6914025974025974 0.058130136986301525
0.47135064935064913 0.03720547945205491
0.2909740259740256 0.0752534246575344
0.135857142857143 0.15326027397260258
0.06731168831168821 0.2541027397260273
0.07812987012987038 0.34732876712328753
0.13945454545454544 0.43674657534246564
0.20800000000000024 0.5337808219178083
0.262116883116883 0.6155890410958903
0.31262337662337664 0.6802808219178084
0.3775584415584416 0.7373561643835617
0.45692207792207784 0.7830205479452057
0.4785584415584414 0.8248767123287672
0.532675324675325 0.8781506849315067
0.5976103896103898 0.9352260273972604
0.6733636363636363 0.9675684931506848
0.7960259740259737 0.9713767123287673
0.9295064935064935 0.9257123287671233
0.9475454545454547 0.8248767123287672
0.6950129870129873 0.37586301369862996
0.7671688311688312 0.29405479452054806
0.7491298701298701 0.21034246575342452
0.7274805194805197 0.14184931506849302
0.6084285714285713 0.10950000000000015
0.4280649350649352 0.111404109589041
0.2729350649350652 0.1551643835616438
0.18996103896103908 0.2236575342465753
0.19357142857142823 0.3016643835616439
0.22242857142857156 0.3777671232876712
0.24407792207792187 0.457678082191781
0.2945844155844155 0.5280753424657534
0.3414805194805193 0.579445205479452
0.4064155844155842 0.6213013698630135
0.4605324675324677 0.6555479452054793
0.9114675324675324 0.4082123287671232
0.8248831168831171 0.47480136986301386
0.7996363636363637 0.5299726027397259
0.8537402597402597 0.5965684931506848
0.8645714285714287 0.6555479452054793
0.7743766233766235 0.6346164383561643
0.7166623376623376 0.57563698630137
0.6372987012987014 0.558513698630137
0.5254675324675326 0.5509041095890412
0.45692207792207784 0.5109520547945204
0.4605324675324677 0.4538698630136985
0.4857792207792204 0.41010958904109573
0.5471038961038962 0.36634931506849333
0.6300779220779223 0.33591095890410966
0.7310909090909089 0.2883493150684931
0.3090129870129868 0.47860273972602724
0.2945844155844155 0.4329452054794519
0.25128571428571417 0.36634931506849333
0.22964935064935055 0.29976027397260263
0.23685714285714285 0.23317123287671238
}
