version: 2
n_points: 55
{
0.3819285714285714 0.12225352112676066
0.5137380952380952 0.08955633802816891
0.6837976190476194 0.03926056338028161
0.7603333333333333 0.04177464788732406
0.8156071428571432 0.071950704225352
0.8921309523809526 0.12476760563380271
0.9304047619047618 0.1851338028169013
0.9346547619047618 0.2756760563380283
0.9218928571428571 0.3586760563380283
0.8963928571428571 0.44166901408450693
0.8666309523809527 0.524669014084507
0.8623690476190479 0.6101830985915494
0.8113571428571428 0.7057535211267605
0.7518333333333334 0.7686338028169015
0.6370357142857146 0.8541478873239435
0.5179880952380955 0.9145070422535212
0.3861785714285717 0.9472042253521126
0.2586309523809527 0.969838028169014
0.12683333333333324 0.9648098591549295
0.05029761904761931 0.8994154929577464
0.36067857142857174 0.41400704225352103
0.3904404761904765 0.32095070422535205
0.46271428571428563 0.2429788732394365
0.5222380952380952 0.19267605633802826
0.6455357142857145 0.15997887323943652
0.7348214285714288 0.154950704225352
0.8241071428571431 0.18010563380281683
0.8453690476190479 0.23040140845070411
0.8198571428571428 0.32597887323943653
0.8028452380952383 0.421549295774648
0.7730833333333336 0.5070633802816901
0.7645833333333336 0.617725352112676
0.7178214285714288 0.6856338028169014
0.6582976190476193 0.7460000000000001
0.5690119047619051 0.7887535211267604
0.28414285714285703 0.411492957746479
0.32240476190476186 0.4743661971830987
0.2798928571428574 0.5548521126760563
0.2118690476190479 0.6227605633802819
0.16934523809523838 0.6856338028169014
0.22886904761904792 0.7158169014084508
0.3181547619047622 0.6881478873239436
0.42020238095238127 0.6856338028169014
0.5179880952380955 0.680605633802817
0.6242738095238098 0.6227605633802819
0.6327857142857143 0.5422746478873238
0.594511904761905 0.47688028169014074
0.5349880952380954 0.4341267605633804
0.48397619047619045 0.3863380281690142
0.3819285714285714 0.3662183098591548
0.7518333333333334 0.4693380281690142
0.7220714285714285 0.3913732394366196
0.7050595238095241 0.3184295774647886
0.6965595238095241 0.2630985915492959
0.6540357142857145 0.1951901408450703
}
