version: 2
n_points: 55
{
0.8227448275862069 0.19972448979591834
0.6557793103448275 0.11558503401360554
0.49606896551724144 0.040397959183673504
0.318206896551724 0.01712585034013614
0.1548689655172413 0.06009183673469379
0.07501379310344834 0.13706802721088435
0.038717241379310374 0.2229965986394557
0.03508965517241375 0.30534693877551017
0.0459793103448276 0.3715850340136054
0.0641241379310345 0.45572108843537423
0.09316551724137921 0.527329931972789
0.12583448275862075 0.5989387755102039
0.18391034482758623 0.6866564625850339
0.2456137931034483 0.7636360544217687
0.3799172413793103 0.8262925170068025
0.4742896551724137 0.8764183673469389
0.5650344827586208 0.9229625850340136
0.6848137931034483 0.9659251700680271
0.811855172413793 0.9784591836734695
0.9715655172413794 0.983829931972789
0.7791862068965517 0.48615646258503387
0.7392620689655173 0.3841156462585034
0.6594068965517241 0.26954421768707476
0.579551724137931 0.20867687074829933
0.47791724137931035 0.15318027210884363
0.38354482758620695 0.10484693877551017
0.25650344827586213 0.12274829931972797
0.16213103448275853 0.16750340136054415
0.15124137931034487 0.24090136054421765
0.15849655172413793 0.3411496598639456
0.18753793103448285 0.4324489795918367
0.16213103448275853 0.49510544217687086
0.16575862068965516 0.5559727891156463
0.22020689655172418 0.620421768707483
0.33998620689655173 0.6705442176870747
0.8336344827586207 0.48257482993197265
0.768303448275862 0.5470238095238097
0.768303448275862 0.5935680272108844
0.8154896551724139 0.6240000000000001
0.840896551724138 0.6920272108843538
0.7319999999999999 0.6830782312925172
0.6448896551724137 0.6096802721088435
0.5650344827586208 0.602517006802721
0.445248275862069 0.6132585034013606
0.34362068965517234 0.5792448979591837
0.27828275862068963 0.5344897959183673
0.3327310344827587 0.4718333333333333
0.4198413793103449 0.41454761904761905
0.5359931034482758 0.37516326530612243
0.6848137931034483 0.3518911564625851
0.20205517241379312 0.402017006802721
0.24198620689655168 0.3375714285714285
0.29279999999999995 0.25701020408163255
0.3508758620689656 0.19972448979591834
0.41621379310344825 0.1621326530612244
}
