version: 2
n_points: 55
{
0.8093428571428571 0.4651807228915664
0.8926761904761904 0.5465060240963857
0.9498190476190476 0.6940963855421689
0.9283904761904761 0.8356626506024099
0.8807714285714285 0.9049397590361448
0.8283904761904761 0.9380722891566267
0.7593428571428571 0.9350602409638555
0.6736285714285714 0.9230120481927713
0.6236285714285714 0.9019277108433736
0.5450571428571428 0.8687951807228917
0.45934285714285705 0.8326506024096387
0.36886666666666656 0.7784337349397592
0.27124761904761896 0.7091566265060243
0.19029523809523807 0.6187951807228917
0.11886666666666656 0.5043373493975905
0.0902952380952381 0.41698795180722903
0.06648571428571426 0.3145783132530122
0.05696190476190466 0.21819277108433754
0.05696190476190466 0.12481927710843388
0.045057142857142796 0.049518072289156834
0.5950571428571427 0.45313253012048205
0.6807714285714286 0.4953012048192773
0.7664857142857142 0.519397590361446
0.8093428571428571 0.5886746987951809
0.840295238095238 0.6760240963855424
0.8331523809523809 0.7934939759036146
0.8236285714285714 0.877831325301205
0.7450571428571429 0.880843373493976
0.659342857142857 0.8748192771084339
0.5879142857142856 0.8477108433734941
0.5045809523809524 0.7965060240963857
0.421247619047619 0.7754216867469881
0.35219999999999996 0.7362650602409639
0.29743809523809517 0.6700000000000002
0.2688666666666666 0.594698795180723
0.5831523809523809 0.33867469879518086
0.521247619047619 0.3959036144578315
0.41410476190476186 0.3808433734939761
0.36886666666666656 0.31759036144578334
0.32600952380952375 0.28445783132530134
0.31886666666666663 0.33867469879518086
0.3641047619047618 0.4079518072289158
0.35458095238095233 0.5073493975903616
0.3474380952380952 0.6127710843373495
0.3855333333333333 0.6880722891566267
0.4617238095238094 0.7212048192771086
0.5474380952380952 0.6790361445783134
0.5855333333333332 0.6157831325301206
0.6164857142857143 0.5645783132530122
0.6498190476190475 0.5133734939759038
0.5474380952380952 0.7874698795180725
0.6164857142857143 0.7904819277108436
0.6950571428571428 0.805542168674699
0.7545809523809524 0.8145783132530122
0.8117238095238095 0.8025301204819278
}
