version: 2
n_points: 55
{
0.29828448275862063 0.17137037037037026
0.4419655172413791 0.1321769547325104
0.5856465517241379 0.065551440329218
0.7170086206896552 0.024399176954732402
0.8771034482758623 0.065551440329218
0.9427844827586207 0.1419753086419753
0.9551034482758618 0.24387654320987653
0.9427844827586207 0.3085432098765432
0.9058362068965518 0.38497119341563785
0.8812068965517244 0.4633539094650207
0.8606810344827587 0.5436995884773663
0.8278448275862067 0.624045267489712
0.7498448275862071 0.7102674897119343
0.6759568965517242 0.7729753086419752
0.5610086206896552 0.8474444444444443
0.474801724137931 0.9023127572016458
0.3885948275862069 0.9532633744855968
0.29828448275862063 0.980699588477366
0.17102586206896553 0.9787366255144032
0.03966379310344825 0.9650205761316872
0.22029310344827568 0.4065267489711932
0.31060344827586184 0.32813991769547346
0.4214396551724138 0.2654320987654321
0.5692241379310343 0.19880658436213994
0.6841637931034483 0.15373251028806595
0.8360517241379313 0.12825925925925916
0.8729999999999998 0.19880658436213994
0.8606810344827587 0.26151440329218106
0.8401551724137933 0.3379382716049384
0.8155258620689655 0.4143621399176957
0.8237413793103446 0.4829506172839505
0.8196293103448276 0.5613374485596707
0.7662672413793103 0.6064074074074073
0.663637931034483 0.6553991769547323
0.5733275862068963 0.7024279835390949
0.15871551724137933 0.4692345679012346
0.22029310344827568 0.5436995884773663
0.25312931034482755 0.6260041152263376
0.18334482758620663 0.6691152263374487
0.15871551724137933 0.7141893004115226
0.2161810344827586 0.7220246913580247
0.3147068965517239 0.6887119341563784
0.46659482758620685 0.6749958847736626
0.5651206896551721 0.6299218106995886
0.6431120689655172 0.5907325102880658
0.7005862068965515 0.5162633744855967
0.7170086206896552 0.4555144032921813
0.663637931034483 0.41632510288065855
0.5610086206896552 0.3810493827160495
0.43374999999999997 0.3536172839506172
0.7991034482758623 0.3888888888888889
0.7703706896551724 0.3320576131687245
0.7375344827586204 0.2693497942386831
0.7334224137931034 0.20664197530864198
0.704689655172414 0.16548971193415637
}
