version: 2
n_points: 55
{
0.8204028436018959 0.8445503875968993
0.9176872037914692 0.7384728682170545
0.9750568720379148 0.5752790697674419
0.9575971563981043 0.3753565891472872
0.9151895734597157 0.23255813953488372
0.8353696682464454 0.138720930232558
0.7480663507109004 0.06935658914728685
0.6532796208530804 0.04487596899224797
0.5709668246445497 0.05303875968992236
0.49114691943127964 0.06527906976744224
0.4013459715639812 0.11424031007751911
0.3364928909952607 0.17544186046511587
0.25418009478672987 0.2529612403100771
0.19680568720379155 0.322317829457364
0.1519099526066351 0.3998372093023252
0.11449289099526072 0.5181550387596898
0.06210900473933656 0.5915968992248064
0.019706161137440836 0.6854341085271322
0.019706161137440836 0.9179922480620158
0.072090047393365 0.9669534883720927
0.5584928909952607 0.6201550387596899
0.6507867298578198 0.7180775193798445
0.7355971563981043 0.6976744186046512
0.8229004739336493 0.7099147286821702
0.8702938388625593 0.5915968992248064
0.8653033175355451 0.4202403100775195
0.8204028436018959 0.3141550387596896
0.7455734597156397 0.22439534883720932
0.6557725118483413 0.18359689922480596
0.5584928909952607 0.19175968992248035
0.46869668246445484 0.22439534883720932
0.3838862559241706 0.265201550387597
0.2965829383886256 0.3590387596899227
0.24669668246445497 0.4814341085271319
0.1943127962085308 0.5956744186046511
0.49863033175355453 0.8445503875968993
0.42130331753554495 0.8445503875968993
0.37390995260663495 0.860875968992248
0.3514597156398105 0.9220697674418605
0.2965829383886256 0.9261550387596903
0.27662559241706164 0.8771937984496125
0.3065592417061612 0.8159922480620158
0.3689194312796208 0.7058372093023255
0.37390995260663495 0.5711937984496122
0.3764028436018957 0.44879844961240295
0.42878672985781985 0.4120775193798451
0.5110995260663507 0.4079999999999996
0.5659763033175356 0.444713178294574
0.6283364928909954 0.5344728682170543
0.6632559241706162 0.6691162790697677
0.4063364928909954 0.297837209302326
0.5086066350710899 0.2774341085271317
0.6258436018957345 0.29375968992248047
0.7081563981042653 0.31824031007751935
0.8029431279620853 0.37943410852713183
}
