version: 2
n_points: 55
{
0.8018202247191011 0.6741666666666665
0.8533258426966293 0.5734666666666669
0.9235505617977527 0.4449999999999998
0.9422696629213483 0.3269333333333331
0.9235505617977527 0.20541666666666647
0.8603483146067415 0.1324999999999998
0.7784157303370787 0.08388333333333359
0.6918089887640448 0.09083333333333314
0.5911460674157303 0.12208333333333314
0.4998539325842696 0.19846666666666693
0.42026966292134826 0.2713833333333336
0.3383370786516854 0.3269333333333331
0.277483146067416 0.3824999999999998
0.21661797752808987 0.46583333333333315
0.17214606741573069 0.5422166666666669
0.10894382022471938 0.6220833333333331
0.06914606741573026 0.7019333333333331
0.05510112359550556 0.7922166666666669
0.06680898876404529 0.8720833333333331
0.08552808988764071 0.9310999999999997
0.614561797752809 0.6915166666666664
0.6964831460674157 0.6324999999999998
0.7667078651685393 0.5526333333333336
0.8205505617977528 0.4484666666666669
0.8509775280898876 0.3547166666666669
0.8463033707865169 0.2331833333333331
0.7737303370786517 0.14291666666666647
0.6988314606741572 0.1637499999999998
0.6215842696629214 0.18109999999999976
0.5466741573033708 0.22276666666666642
0.4998539325842696 0.2818000000000003
0.4506966292134831 0.30958333333333315
0.39920224719101116 0.34776666666666645
0.35473033707865165 0.4068000000000003
0.32897752808988756 0.4588833333333336
0.5536966292134831 0.8026333333333336
0.46942696629213476 0.8026333333333336
0.41793258426966284 0.7852666666666664
0.36175280898876405 0.8443000000000003
0.32664044943820225 0.8581833333333331
0.3242921348314606 0.7713833333333336
0.36408988764044936 0.6810999999999997
0.3945168539325842 0.5734666666666669
0.39686516853932585 0.4901333333333336
0.4366516853932584 0.39984999999999976
0.5022022471910113 0.36859999999999976
0.5607191011235955 0.3859666666666669
0.5911460674157303 0.4449999999999998
0.6239213483146067 0.5387499999999998
0.6637191011235954 0.6220833333333331
0.5349662921348314 0.2887499999999998
0.5817865168539326 0.2887499999999998
0.6239213483146067 0.27484999999999976
0.6683932584269663 0.21583333333333315
0.7222359550561797 0.18805000000000024
}
