version: 2
n_points: 55
{
0.36114772727272737 0.12699470899470905
0.49046590909090915 0.06860846560846552
0.6119318181818181 0.03759259259259269
0.7059772727272728 0.03029629629629629
0.8156931818181818 0.05948677248677246
0.8666363636363638 0.09597883597883591
0.9097386363636362 0.16166137566137553
0.9371704545454546 0.2382857142857143
0.9215000000000002 0.30032275132275144
0.8823068181818182 0.3495820105820107
0.8352840909090908 0.44080423280423287
0.7725909090909091 0.5539259259259259
0.7216477272727273 0.6579206349206348
0.6276136363636362 0.760089947089947
0.5453181818181818 0.842190476190476
0.4356022727272727 0.9042222222222224
0.3258863636363636 0.9516613756613759
0.22399999999999987 0.9735555555555553
0.14171590909090914 0.9735555555555553
0.05551136363636355 0.9626084656084656
0.3180454545454545 0.3951957671957672
0.36898863636363644 0.3112698412698412
0.42776136363636363 0.23464021164021154
0.5413977272727273 0.1853756613756614
0.6393636363636365 0.14159259259259271
0.7765113636363636 0.1361164021164021
0.831375 0.18902645502645501
0.8117727272727273 0.24923280423280433
0.7765113636363636 0.3203915343915342
0.7490795454545456 0.386068783068783
0.7530000000000001 0.45540211640211653
0.7216477272727273 0.5137830687830689
0.6824659090909089 0.552100529100529
0.6354431818181819 0.6086560846560847
0.5335681818181819 0.6506190476190475
0.26319318181818185 0.4189100529100528
0.3298068181818181 0.47364550264550265
0.34155681818181804 0.5502751322751324
0.2749431818181818 0.5958888888888888
0.22007954545454533 0.6524444444444445
0.2867045454545454 0.6287301587301587
0.3650681818181819 0.5940634920634922
0.4238409090909091 0.5867619047619049
0.5218068181818183 0.5539259259259259
0.5688295454545453 0.4973650793650794
0.5531590909090909 0.43350793650793645
0.4943749999999999 0.38971957671957663
0.474784090909091 0.3659999999999999
0.43952272727272723 0.34775661375661376
0.3768295454545455 0.34410582010582014
0.7177386363636364 0.3605291005291005
0.7020568181818183 0.324037037037037
0.6667954545454545 0.2984973544973545
0.643284090909091 0.2674814814814813
0.6511136363636364 0.1981481481481481
}
