version: 2
n_points: 55
{
0.6239193083573487 0.1187374749498998
0.4942363112391931 0.06663326653306613
0.37319884726224783 0.016533066132264528
0.22046109510086456 0.010521042084168337
0.1138328530259366 0.05661322645290581
0.0446685878962536 0.13276553106212424
0.01585014409221902 0.22695390781563127
0.03314121037463977 0.32915831663326656
0.10230547550432277 0.4333667334669339
0.15706051873198848 0.5435871743486974
0.21469740634005763 0.6337675350701403
0.2780979827089337 0.7139278557114228
0.33861671469740634 0.780060120240481
0.41354466858789624 0.8481963927855711
0.5 0.9123246492985972
0.6123919308357348 0.9564128256513026
0.739193083573487 0.9884769539078156
0.8688760806916427 0.9904809619238477
0.9610951008645533 0.9283567134268537
0.9870317002881844 0.8261523046092184
0.6296829971181557 0.3912825651302605
0.5922190201729106 0.28106212424849697
0.5403458213256485 0.20090180360721444
0.4538904899135447 0.13276553106212424
0.3559077809798271 0.09468937875751503
0.24063400576368876 0.09869739478957916
0.15417867435158503 0.15881763527054107
0.10518731988472622 0.2249498997995992
0.1282420749279539 0.30511022044088176
0.15417867435158503 0.3912825651302605
0.20605187319884727 0.4634268537074148
0.2579250720461095 0.5536072144288577
0.30979827089337175 0.625751503006012
0.3818443804034582 0.6738476953907816
0.4654178674351585 0.7119238476953907
0.7536023054755043 0.3632264529058116
0.7046109510086456 0.4133266533066132
0.6902017291066282 0.5375751503006012
0.7737752161383286 0.5896793587174348
0.8054755043227666 0.6497995991983968
0.7420749279538905 0.6698396793587175
0.6902017291066282 0.625751503006012
0.5806916426512968 0.6137274549098196
0.4884726224783862 0.5896793587174348
0.4654178674351585 0.5556112224448898
0.45677233429394815 0.49148296593186375
0.4654178674351585 0.437374749498998
0.4827089337175792 0.38527054108216435
0.5288184438040345 0.3471943887775551
0.5749279538904899 0.31713426853707416
0.22334293948126802 0.4574148296593186
0.24351585014409222 0.37925851703406815
0.24639769452449567 0.29509018036072143
0.18587896253602307 0.22094188376753507
0.26945244956772335 0.13677354709418837
}
