version: 2
n_points: 55
{
0.7428427947598253 0.9493709677419353
0.848637554585153 0.7708467741935482
0.937873362445415 0.588516129032258
0.9758471615720524 0.41670161290322577
0.9587598253275108 0.2834677419354837
0.9093930131004366 0.17827419354838706
0.8391441048034933 0.10464516129032257
0.7423144104803494 0.06958064516129021
0.6511834061135371 0.041532258064515944
0.5334672489082969 0.055556451612903304
0.4442314410480349 0.1256854838709676
0.360694323144105 0.20983064516129038
0.27905240174672497 0.2659354838709677
0.18412227074235799 0.3570967741935482
0.1271659388646288 0.4272258064516129
0.08539737991266394 0.5499435483870967
0.0569170305676856 0.6551370967741937
0.03223580786026181 0.7533145161290322
0.020842794759825423 0.8690161290322579
0.047423580786026265 0.9636935483870966
0.632593886462882 0.7726693548387095
0.7199301310043666 0.7222661290322578
0.7963493449781658 0.6248225806451614
0.8600305676855895 0.5307338709677417
0.8782270742358078 0.40304838709677426
0.8782270742358078 0.2820806451612904
0.8145414847161571 0.21487096774193554
0.7035545851528383 0.1879919354838708
0.6016593886462881 0.1644677419354839
0.5416157205240173 0.1644677419354839
0.47065502183406105 0.18462903225806457
0.43790393013100426 0.21151612903225814
0.38696069868995653 0.2720000000000001
0.3633056768558952 0.3224032258064517
0.31963755458515286 0.3728064516129033
0.5834672489082968 0.789467741935484
0.5325196506550218 0.7525080645161288
0.4324454148471615 0.728983870967742
0.3596681222707425 0.8029112903225805
0.3141790393013101 0.8331532258064515
0.32509606986899564 0.728983870967742
0.3724017467248907 0.6046612903225808
0.41243231441048034 0.5139354838709678
0.4324454148471615 0.416483870967742
0.49431004366812226 0.39296774193548395
0.5579912663755457 0.38960483870967727
0.6053013100436679 0.4332903225806452
0.6344104803493449 0.4736129032258065
0.6453275109170304 0.5777741935483871
0.6489694323144104 0.6416209677419353
0.46155895196506547 0.2753548387096775
0.5434366812227074 0.2451129032258065
0.628951965065502 0.2451129032258065
0.7250087336244542 0.32604838709677425
0.8018078602620087 0.3761048387096774
}
