version: 2
n_points: 55
{
0.14222077922077914 0.4449310344827586
0.09815584415584407 0.5393448275862069
0.05177272727272736 0.646080459770115
0.037857142857142756 0.7363908045977012
0.06105194805194797 0.8308045977011494
0.11438961038961029 0.8964942528735633
0.19092207792207783 0.9252298850574713
0.272090909090909 0.9416436781609195
0.3602142857142858 0.9334367816091954
0.4437012987012986 0.9005977011494253
0.5225519480519482 0.8513333333333334
0.6106818181818183 0.8184942528735633
0.6872077922077922 0.7856551724137931
0.7753376623376622 0.7487011494252873
0.8425909090909092 0.670712643678161
0.8982467532467535 0.5804022988505748
0.9492662337662339 0.45313793103448274
0.9701428571428574 0.29714942528735633
0.9539090909090912 0.16988505747126437
0.9075259740259741 0.05494252873563221
0.3648506493506494 0.3135632183908046
0.29991558441558447 0.4244022988505748
0.22107142857142867 0.5229310344827587
0.16077272727272737 0.621448275862069
0.1514935064935064 0.7158620689655173
0.15613636363636374 0.8061724137931034
0.21642857142857133 0.8267011494252874
0.27672727272727266 0.8472298850574713
0.35557792207792216 0.8636436781609196
0.4274675324675324 0.8349080459770115
0.4877662337662337 0.7856551724137931
0.5573376623376622 0.7610229885057471
0.6292337662337661 0.7240804597701149
0.6895259740259742 0.703551724137931
0.7359090909090908 0.650183908045977
0.40196103896103885 0.3012528735632184
0.439064935064935 0.32178160919540233
0.550383116883117 0.2684137931034484
0.6060389610389609 0.20683908045977017
0.659383116883117 0.1781034482758621
0.6640194805194806 0.30535632183908046
0.6292337662337661 0.3833563218390805
0.6292337662337661 0.5229310344827587
0.6083571428571429 0.6050229885057472
0.548064935064935 0.650183908045977
0.4761688311688311 0.6912298850574713
0.4112337662337661 0.6666091954022989
0.37412987012987003 0.617344827586207
0.3578961038961038 0.5229310344827587
0.33702597402597395 0.4244022988505748
0.4460194805194806 0.7815517241379311
0.38340909090909103 0.752816091954023
0.31614935064935074 0.7487011494252873
0.2604935064935064 0.7363908045977012
0.2001948051948051 0.7076551724137932
}
