version: 2
n_points: 55
{
0.9439438202247193 0.20957
0.7754044943820227 0.12110999999999997
0.5679662921348312 0.04225999999999999
0.4167191011235958 0.028800000000000027
0.24817977528089913 0.03264499999999998
0.23953932584269683 0.09226
0.20496629213483167 0.174955
0.18335955056179795 0.232645
0.1574269662921351 0.31534
0.11421348314606765 0.39611
0.06667415730337108 0.48649000000000003
0.07100000000000019 0.5788
0.1185280898876402 0.67303
0.16174157303370765 0.7537999999999999
0.21792134831460655 0.7999550000000001
0.2477191011235958 0.8704999999999999
0.297988764044944 0.9205
0.36895505617977514 0.953395
0.4606179775280899 0.9757650000000001
0.5581910112359547 0.9757650000000001
0.7405955056179776 0.37700999999999996
0.7709662921348313 0.29322499999999996
0.7254157303370787 0.21484499999999998
0.6677078651685392 0.14457500000000004
0.5462471910112358 0.08781999999999997
0.32456179775280924 0.05673999999999999
0.2790112359550561 0.11079
0.257752808988764 0.17701
0.23649438202247194 0.23917000000000002
0.20916853932584253 0.29322499999999996
0.17879775280898888 0.33917
0.1484269662921346 0.38781999999999994
0.1302134831460674 0.435115
0.11805617977528096 0.494575
0.10591011235955042 0.55674
0.8468764044943822 0.47700999999999993
0.7254157303370787 0.501335
0.613056179775281 0.5851149999999999
0.6403820224719105 0.655385
0.6434157303370788 0.722955
0.5705393258426968 0.66755
0.5341011235955059 0.574305
0.42174157303370813 0.5445749999999999
0.294191011235955 0.513495
0.2547191011235957 0.44727999999999996
0.28204494382022444 0.3905200000000001
0.36707865168539344 0.35674000000000006
0.4794382022471912 0.32970999999999995
0.5917977528089889 0.322955
0.7193370786516856 0.322955
0.2243483146067414 0.332415
0.26989887640449456 0.27701
0.34277528089887643 0.22430500000000003
0.41566292134831495 0.18917
0.5219438202247189 0.14862999999999998
}
