version: 2
n_points: 55
{
0.9529108910891092 0.22003686635944697
0.8444653465346534 0.13445161290322574
0.6532574257425741 0.06106451612903215
0.45157425742574236 0.026926267281106073
0.2828910891089109 0.03375576036866354
0.13987128712871297 0.09519815668202772
0.09219801980198032 0.1685898617511521
0.07387128712871299 0.2539262672811059
0.0665346534653468 0.3324377880184332
0.05919801980198005 0.4160737327188941
0.05919801980198005 0.5014101382488478
0.1068712871287127 0.5884562211981567
0.14354455445544545 0.6550184331797235
0.1948811881188118 0.7164654377880185
0.24988118811881188 0.7966820276497696
0.31955445544554434 0.8649539170506912
0.4112376237623765 0.9263963133640554
0.546910891089109 0.9793087557603686
0.7045940594059404 0.9690691244239632
0.7999405940594058 0.8649539170506912
0.7962772277227721 0.4160737327188941
0.7522673267326732 0.32902764976958526
0.7045940594059404 0.233447004608295
0.6202574257425744 0.15323041474654367
0.5285841584158416 0.11397235023041487
0.3562277227722771 0.10543778801843316
0.22788118811881208 0.13274654377880177
0.17654455445544573 0.20101843317972343
0.172881188118812 0.26587557603686635
0.18020792079207942 0.3460921658986174
0.14354455445544545 0.41948387096774203
0.11420792079207946 0.4911705069124424
0.12887128712871307 0.5730967741935485
0.202217821782178 0.6345391705069124
0.2828910891089109 0.6840368663594469
0.7852673267326734 0.4348479262672812
0.6495940594059404 0.5133594470046083
0.6239207920792081 0.600405529953917
0.6899306930693069 0.6686728110599077
0.6935940594059405 0.704516129032258
0.6312574257425743 0.6840368663594469
0.535910891089109 0.6396589861751152
0.4185643564356433 0.6498986175115208
0.33789108910891097 0.6123502304147466
0.2608910891089111 0.5423732718894009
0.2608910891089111 0.47922119815668196
0.3819009900990099 0.4211935483870968
0.48091089108910895 0.3972995391705069
0.6312574257425743 0.3853502304147465
0.7449306930693069 0.35121658986175114
0.1655445544554458 0.3972995391705069
0.22421782178217836 0.33414746543778795
0.271891089108911 0.2607557603686636
0.27555445544554474 0.1822442396313365
0.3232277227722774 0.16005529953917064
}
