version: 2
n_points: 55
{
0.8115942028985508 0.0749063670411985
0.6231884057971014 0.04119850187265917
0.4492753623188406 0.018726591760299626
0.26811594202898553 0.033707865168539325
0.15217391304347827 0.08614232209737828
0.08695652173913043 0.14606741573033707
0.036231884057971016 0.21722846441947566
0.036231884057971016 0.3146067415730337
0.043478260869565216 0.40823970037453183
0.07971014492753623 0.48314606741573035
0.13043478260869565 0.5580524344569289
0.1956521739130435 0.6329588014981273
0.2713188405797102 0.7218576779026217
0.36584057971014483 0.8049026217228464
0.5265144927536232 0.8863258426966292
0.5989782608695652 0.9416891385767792
0.6682971014492756 0.9824007490636706
0.8132246376811596 0.9840299625468164
0.8919855072463768 0.96774531835206
0.9644492753623188 0.9091235955056179
0.7596594202898552 0.48085393258426956
0.7691159420289854 0.39129213483146075
0.7250072463768115 0.3147565543071162
0.6714420289855072 0.2284494382022471
0.5958333333333335 0.16005992509363293
0.47926086956521724 0.11446441947565547
0.34378260869565225 0.11608988764044936
0.20515942028985515 0.1551722846441947
0.14214492753623179 0.20891011235955054
0.11694202898550708 0.28218726591760296
0.12323913043478264 0.37663670411985023
0.164195652173913 0.44340074906367033
0.20200724637681167 0.5052771535580524
0.2587173913043476 0.5736704119850188
0.2933768115942028 0.638808988764045
0.8730869565217391 0.4873670411985019
0.8415797101449274 0.555760299625468
0.866782608695652 0.6013558052434458
0.9140434782608694 0.6339213483146068
0.9234927536231885 0.673003745318352
0.8321231884057972 0.6681198501872658
0.7659637681159418 0.6078689138576778
0.6178840579710143 0.5736704119850188
0.4918623188405798 0.5867003745318352
0.4351521739130434 0.5443595505617977
0.4540507246376811 0.5020224719101124
0.5107681159420289 0.45642696629213475
0.5737753623188404 0.43362921348314604
0.6367898550724639 0.4026891385767789
0.7187028985507246 0.3684943820224718
0.249268115942029 0.5248202247191012
0.22405797101449287 0.4173445692883895
0.23036231884057987 0.31964044943820225
0.2713188405797102 0.23985018726591767
0.3122753623188405 0.15680149812734076
}
