version: 2
n_points: 55
{
0.8764243902439026 0.2676470588235294
0.7788634146341464 0.17156764705882344
0.6552829268292681 0.08529411764705883
0.4764243902439026 0.024508823529411677
0.33983902439024405 0.016667647058823617
0.1902439024390244 0.05
0.06991707317073156 0.14607941176470596
0.027643902439024537 0.24411764705882352
0.027643902439024537 0.3598029411764705
0.06016097560975595 0.4715676470588234
0.108941463414634 0.55
0.18048780487804877 0.6441176470588236
0.2715463414634148 0.7225500000000001
0.3463414634146341 0.7696088235294118
0.44715609756097574 0.8401970588235295
0.5284536585365852 0.9166676470588236
0.6325219512195124 0.9715676470588235
0.7658536585365854 0.9872558823529413
0.8764243902439026 0.961764705882353
0.9772341463414632 0.9009794117647058
0.6585365853658537 0.4009794117647058
0.6487804878048781 0.31470588235294117
0.6162585365853657 0.21470588235294116
0.5252048780487807 0.14411764705882352
0.43414634146341463 0.10882352941176471
0.3203268292682928 0.12058823529411765
0.2097560975609756 0.16176470588235295
0.15121951219512195 0.25196176470588244
0.15772195121951205 0.3421558823529411
0.15447317073170747 0.4264705882352941
0.16747804878048766 0.4990205882352942
0.2065024390243901 0.553920588235294
0.2552829268292681 0.6029411764705882
0.284551219512195 0.6303911764705882
0.375609756097561 0.6617647058823529
0.8178878048780489 0.4578441176470589
0.8146341463414634 0.5578441176470589
0.8211365853658535 0.6205882352941177
0.8894292682926828 0.6598029411764705
0.8926829268292683 0.7029411764705882
0.8081317073170733 0.6970588235294117
0.6617902439024391 0.6029411764705882
0.5804878048780487 0.5892147058823528
0.4634146341463415 0.5852941176470589
0.38211219512195105 0.5617647058823529
0.33008292682926843 0.5068617647058823
0.33983902439024405 0.44803823529411757
0.4113804878048779 0.3950970588235293
0.4861804878048782 0.3519617647058824
0.6227658536585368 0.31274411764705873
0.1934975609756099 0.5068617647058823
0.18699024390243887 0.43039117647058817
0.2097560975609756 0.3225500000000001
0.24878048780487805 0.253920588235294
0.28780487804878047 0.17941176470588235
}
