version: 2
n_points: 55
{
0.8008819444444444 0.9362027027027027
0.8661180555555555 0.887067567567568
0.9292500000000001 0.7846891891891893
0.9608125 0.6864054054054052
0.9587083333333334 0.514418918918919
0.9187291666666666 0.3751891891891893
0.8619097222222223 0.26052702702702696
0.7987777777777778 0.19501351351351406
0.7377499999999999 0.15405405405405376
0.6640972222222221 0.11720270270270272
0.5799236111111112 0.09672972972972994
0.49574305555555553 0.08035135135135171
0.4178819444444445 0.09263513513513538
0.3294999999999999 0.12539189189189184
0.23270138888888903 0.1827297297297304
0.16746527777777787 0.26052702702702696
0.1022291666666667 0.3670000000000002
0.05803472222222239 0.48985135135135166
0.032784722222222284 0.6167972972972977
0.03488888888888886 0.7232702702702709
0.487326388888889 0.7765000000000002
0.5672916666666666 0.8215405405405403
0.6577847222222222 0.8543108108108115
0.7419583333333333 0.8379189189189186
0.8366527777777778 0.7601216216216219
0.8955763888888888 0.5963243243243249
0.8492847222222222 0.41204054054054035
0.779840277777778 0.3547162162162165
0.7040763888888889 0.31377027027027093
0.6409513888888891 0.2564324324324324
0.5904444444444444 0.2400540540540542
0.5231041666666667 0.21139189189189228
0.4599722222222221 0.20320270270270316
0.388423611111111 0.20729729729729773
0.3316041666666665 0.2400540540540542
0.45576388888888886 0.887067567567568
0.4073611111111113 0.8133513513513512
0.3442291666666668 0.8133513513513512
0.30004166666666676 0.8420270270270263
0.23901388888888897 0.7887837837837839
0.26847222222222245 0.6618378378378378
0.3673819444444446 0.6004189189189194
0.37159027777777787 0.48166216216216257
0.4305138888888891 0.38337837837837846
0.47470138888888913 0.32605405405405463
0.5252083333333333 0.3670000000000002
0.5694027777777779 0.4530000000000006
0.5925486111111111 0.5348918918918918
0.6009652777777776 0.6536486486486487
0.5925486111111111 0.7765000000000002
0.5967569444444444 0.30148648648648574
0.6514722222222222 0.39156756756756755
0.725125 0.48985135135135166
0.779840277777778 0.5881351351351358
0.8177152777777776 0.7027837837837834
}
