version: 2
n_points: 55
{
0.4042553191489362 0.08982035928143713
0.5531914893617021 0.04790419161676647
0.7127659574468085 0.029940119760479042
0.8297872340425532 0.0718562874251497
0.9148936170212766 0.1377245508982036
0.9468085106382979 0.2155688622754491
0.9468085106382979 0.31137724550898205
0.9124893617021277 0.38498203592814356
0.8719574468085106 0.45056287425149716
0.8111702127659575 0.53325748502994
0.7605106382978724 0.6159461077844312
0.7250531914893614 0.7043413173652695
0.6642553191489362 0.7727784431137723
0.5832021276595747 0.8355089820359279
0.4768191489361705 0.9067964071856287
0.3856382978723404 0.9552694610778442
0.26912765957446816 0.9723772455089821
0.14247872340425505 0.9695269461077844
0.06142553191489364 0.9096467065868263
0.046223404255319456 0.8497664670658682
0.3045851063829784 0.4334550898203593
0.34004255319148935 0.32510179640718545
0.4362978723404255 0.24811377245508984
0.5173510638297869 0.16256886227544912
0.5984042553191489 0.11694610778443097
0.7194255319148934 0.09856886227544918
0.7982234042553193 0.10743712574850303
0.8573297872340425 0.16510179640718564
0.8967234042553188 0.25159880239520954
0.8691489361702126 0.3469580838323354
0.8061063829787234 0.4334550898203593
0.7745851063829785 0.5022035928143712
0.7627659574468084 0.5776107784431138
0.7115425531914893 0.6641017964071855
0.5618191489361699 0.7528143712574852
0.24660638297872317 0.4312395209580838
0.2860106382978722 0.4955508982035928
0.27812765957446817 0.5643053892215567
0.21508510638297895 0.6042215568862274
0.18751063829787207 0.6485808383233532
0.23478723404255308 0.6862814371257484
0.36875531914893633 0.6374910179640719
0.5224148936170216 0.6441437125748504
0.6248617021276599 0.6064431137724552
0.644563829787234 0.5532155688622754
0.632744680851064 0.4778083832335328
0.5854574468085108 0.41792814371257475
0.4987765957446808 0.3957544910179641
0.4396702127659575 0.3735748502994012
0.3766276595744683 0.34252694610778445
0.7745851063829785 0.4600658682634732
0.7785212765957445 0.364700598802395
0.7548829787234043 0.2892994011976047
0.7272978723404253 0.20280239520958082
0.7194255319148934 0.12296407185628758
}
