version: 2
n_points: 55
{
0.8481742424242424 0.42573484848484855
0.9032689393939394 0.4842727272727271
0.9497575757575758 0.57725
0.9790265151515152 0.7287651515151515
0.9377045454545455 0.8492878787878788
0.8705568181818182 0.9112727272727273
0.7982424242424242 0.9594848484848484
0.713875 0.9594848484848484
0.624344696969697 0.9560378787878788
0.5313674242424242 0.9457045454545456
0.45044696969696973 0.9216060606060605
0.38329545454545455 0.8906136363636362
0.31442803030303035 0.8389545454545456
0.23178030303030306 0.7631969696969698
0.16807575757575766 0.6943333333333332
0.11298106060606061 0.6013560606060607
0.05960606060606055 0.4704999999999999
0.02000378787878787 0.322431818181818
0.01828409090909089 0.17435606060606046
0.06649242424242419 0.03661363636363657
0.5382575757575757 0.37063636363636343
0.6122916666666667 0.4119621212121214
0.6914924242424243 0.4842727272727271
0.7724166666666668 0.5497045454545453
0.8378409090909091 0.625462121212121
0.8653901515151515 0.7322121212121211
0.8567803030303031 0.8355151515151515
0.7844696969696969 0.8768333333333335
0.7069886363636364 0.8906136363636362
0.6346742424242424 0.8906136363636362
0.5503068181818183 0.8871666666666667
0.4831590909090909 0.8699469696969699
0.4022348484848485 0.8355151515151515
0.3247575757575757 0.7528712121212122
0.2679393939393939 0.6977727272727272
0.4917689393939394 0.3637499999999999
0.4366704545454546 0.3981893939393938
0.36952272727272717 0.40507575757575776
0.3247575757575757 0.33964393939393955
0.2644962121212121 0.3017651515151517
0.2610530303030303 0.45672727272727276
0.3540265151515153 0.5118257575757574
0.3970719696969697 0.6392348484848487
0.4160113636363636 0.7631969696969698
0.4779924242424243 0.8045227272727273
0.5451439393939395 0.7941893939393941
0.5967954545454546 0.7322121212121211
0.6312310606060607 0.6530075757575757
0.6501704545454545 0.5634772727272729
0.658780303030303 0.46706060606060595
0.5812992424242425 0.8492878787878788
0.6398409090909092 0.825181818181818
0.7104318181818181 0.7941893939393941
0.7689734848484848 0.7666439393939394
0.8309545454545455 0.7322121212121211
}
