version: 2
n_points: 55
{
0.8394368932038834 0.8958541666666662
0.8965533980582524 0.7242916666666671
0.9403300970873788 0.5486458333333329
0.942233009708738 0.41383333333333283
0.8965533980582524 0.2586041666666669
0.8184951456310681 0.15239583333333329
0.7575825242718447 0.11970833333333293
0.6890485436893204 0.11970833333333293
0.6129029126213592 0.12379166666666681
0.5500776699029125 0.10745833333333366
0.4758349514563106 0.13606250000000011
0.4015922330097088 0.13606250000000011
0.3368737864077671 0.15647916666666717
0.2626213592233011 0.19733333333333292
0.19980582524271862 0.23408333333333312
0.13888349514563114 0.28310416666666666
0.09700970873786396 0.3688958333333332
0.06083495145631057 0.48327083333333337
0.045611650485436916 0.6139999999999995
0.10271844660194185 0.7692291666666667
0.5957669902912621 0.7487916666666669
0.6985631067961164 0.7161250000000005
0.7975533980582524 0.6875208333333328
0.8394368932038834 0.5731458333333338
0.860378640776699 0.40158333333333357
0.8032718446601941 0.26677083333333346
0.717601941747573 0.23408333333333312
0.6433592233009708 0.22183333333333385
0.561504854368932 0.2136666666666661
0.4720291262135923 0.2136666666666661
0.4263398058252428 0.22183333333333385
0.37684466019417473 0.2626874999999996
0.3482912621359223 0.3280416666666663
0.33115533980582534 0.35664583333333394
0.31402912621359225 0.3688958333333332
0.5538834951456312 0.7610625000000001
0.494873786407767 0.6671041666666669
0.4187281553398058 0.6344166666666666
0.35399999999999987 0.7283749999999998
0.3083106796116505 0.7202083333333332
0.3368737864077671 0.605833333333333
0.3863689320388348 0.5527291666666668
0.4092038834951456 0.4791874999999995
0.45870873786407784 0.43833333333333374
0.5024854368932039 0.43833333333333374
0.5310485436893204 0.45468749999999974
0.5691165048543689 0.4996250000000006
0.5824466019417475 0.5690624999999999
0.5957669902912621 0.6466666666666671
0.6148058252427183 0.703875
0.40349514563106803 0.33620833333333283
0.5215242718446603 0.29537499999999994
0.5995728155339806 0.33212500000000017
0.6795339805825242 0.4179166666666667
0.7461553398058254 0.5077916666666672
}
