version: 2
n_points: 55
{
0.5148601398601399 0.06798157894736834
0.39539510489510477 0.039473684210526314
0.2701048951048951 0.013157894736842105
0.13898601398601398 0.046052631578947366
0.06614335664335674 0.11842105263157894
0.028262237762237657 0.18421052631578946
0.019520979020978917 0.26973684210526316
0.04574475524475514 0.375
0.08362587412587423 0.4758763157894736
0.13315734265734255 0.5614026315789473
0.21474475524475534 0.6513157894736842
0.2992412587412586 0.7324552631578947
0.3604300699300698 0.7982447368421052
0.4828076923076922 0.8442973684210525
0.5964440559440558 0.8991236842105264
0.6955139860139862 0.9605263157894737
0.800409090909091 0.978071052631579
0.9227867132867134 0.9890342105263157
0.9577517482517484 0.9188605263157895
0.9839755244755246 0.868421052631579
0.6314090909090908 0.396928947368421
0.576048951048951 0.31359736842105274
0.5119475524475525 0.21052631578947367
0.42453496503496513 0.1491236842105264
0.3312937062937063 0.10965000000000008
0.2263986013986014 0.10965000000000008
0.11859090909090919 0.13815789473684212
0.09527972027972027 0.23465000000000008
0.11276223776223776 0.3355263157894737
0.14481468531468542 0.45833421052631584
0.21765734265734266 0.5855263157894737
0.3138111888111888 0.6513157894736842
0.3895699300699302 0.6907894736842105
0.4682412587412588 0.728071052631579
0.5236013986013986 0.76535
0.7246503496503497 0.39473684210526316
0.7188216783216782 0.43859736842105274
0.7129965034965036 0.5372815789473685
0.8120629370629371 0.6140342105263157
0.847027972027972 0.6644736842105263
0.7858391608391608 0.7017552631578948
0.6896853146853147 0.6425447368421053
0.6081013986013987 0.6271921052631578
0.5356538461538461 0.6409500000000001
0.449832167832168 0.600278947368421
0.40532867132867123 0.5189394736842106
0.4021503496503496 0.4591315789473685
0.43075874125874125 0.40889210526315795
0.49751048951048954 0.3754000000000001
0.5547272727272728 0.34190526315789466
0.2209685314685315 0.5261157894736842
0.20825524475524487 0.4208526315789473
0.20825524475524487 0.3203736842105262
0.20189510489510476 0.22707368421052634
0.1923601398601398 0.14573421052631583
}
