version: 2
n_points: 55
{
0.3612565445026178 0.21739130434782608
0.5183246073298429 0.10276679841897234
0.6492146596858639 0.02766798418972332
0.8429319371727748 0.019762845849802372
0.93717277486911 0.08300395256916997
0.9738219895287958 0.17786561264822134
0.9581151832460733 0.2648221343873518
0.9005235602094241 0.3715415019762846
0.837696335078534 0.45454545454545453
0.7801047120418848 0.5652173913043478
0.7015706806282722 0.6482213438735178
0.6020942408376964 0.7233201581027668
0.5235602094240838 0.766798418972332
0.46073298429319376 0.8221343873517787
0.39790575916230364 0.8893280632411067
0.32984293193717273 0.9446640316205533
0.23036649214659688 0.9802371541501976
0.10994764397905754 0.9486166007905138
0.05759162303664922 0.8853754940711462
0.02617801047120416 0.8142292490118577
0.38743455497382195 0.3438735177865613
0.45549738219895286 0.2766798418972332
0.5392670157068062 0.20948616600790515
0.6596858638743455 0.15019762845849802
0.774869109947644 0.11857707509881422
0.8586387434554974 0.1383399209486166
0.8900523560209423 0.2015810276679842
0.8795811518324608 0.2727272727272727
0.837696335078534 0.33201581027667987
0.7643979057591623 0.40711462450592883
0.743455497382199 0.4782608695652174
0.7120418848167539 0.525691699604743
0.6806282722513088 0.5691699604743083
0.6439790575916231 0.5968379446640316
0.6282722513089005 0.6205533596837944
0.3612565445026178 0.38735177865612647
0.3717277486910995 0.45849802371541504
0.356020942408377 0.5138339920948617
0.2827225130890052 0.5375494071146245
0.23036649214659688 0.5968379446640316
0.2827225130890052 0.5889328063241107
0.32984293193717273 0.5573122529644269
0.38743455497382195 0.5691699604743083
0.4869109947643979 0.5533596837944664
0.5549738219895288 0.5217391304347826
0.5968586387434556 0.4743083003952569
0.6282722513089005 0.42292490118577075
0.5968586387434556 0.37549407114624506
0.5183246073298429 0.33992094861660077
0.4502617801047121 0.30039525691699603
0.7539267015706806 0.383399209486166
0.7539267015706806 0.3241106719367589
0.7696335078534031 0.2608695652173913
0.7801047120418848 0.2015810276679842
0.7853403141361257 0.1422924901185771
}
