version: 2
n_points: 55
{
0.7589314285714285 0.7762545454545452
0.8887999999999998 0.6274909090909091
0.9563314285714283 0.4043545454545453
0.9693199999999998 0.21013636363636373
0.9199714285714286 0.08617272727272714
0.8264628571428569 0.053109090909090766
0.7407485714285713 0.06949090909090914
0.6448285714285715 0.09870909090909094
0.5631999999999997 0.1441636363636364
0.48564571428571457 0.19287272727272733
0.416257142857143 0.2707909090909089
0.36115428571428565 0.31624545454545433
0.2938114285714287 0.40715454545454527
0.2101371428571429 0.46234545454545456
0.15095428571428593 0.5402727272727273
0.12034285714285686 0.6506636363636362
0.10197142857142871 0.741572727272727
0.07543999999999995 0.8292363636363637
0.06115428571428572 0.8681909090909089
0.02646285714285701 0.9558545454545455
0.6182971428571429 0.6604000000000001
0.6856457142857146 0.598709090909091
0.7489142857142854 0.5435181818181816
0.799931428571429 0.44287272727272736
0.8366685714285715 0.3552090909090907
0.8734000000000002 0.2675454545454546
0.8652400000000002 0.15715454545454524
0.8060571428571426 0.12793636363636346
0.716257142857143 0.12469090909090917
0.6366685714285716 0.1474181818181819
0.5570742857142861 0.20909999999999979
0.47136000000000033 0.27728181818181796
0.4121771428571427 0.32273636363636343
0.3468685714285714 0.38118181818181823
0.2856457142857146 0.49806363636363615
0.5693199999999998 0.7707909090909089
0.49789142857142843 0.741572727272727
0.4142171428571432 0.7513090909090909
0.3489142857142854 0.832481818181818
0.2938114285714287 0.8292363636363637
0.3142171428571432 0.7578
0.3468685714285714 0.6246909090909092
0.3856457142857146 0.5013090909090909
0.43258285714285716 0.4136454545454543
0.5142171428571432 0.40066363636363617
0.5631999999999997 0.4266363636363637
0.6060571428571426 0.47533636363636345
0.6285028571428575 0.5337818181818182
0.6305428571428573 0.5694909090909092
0.626462857142857 0.6344272727272725
0.516257142857143 0.2707909090909089
0.5836057142857141 0.2740363636363637
0.67544 0.2935181818181816
0.7611542857142857 0.306509090909091
0.8244228571428571 0.2967636363636364
}
