version: 2
n_points: 55
{
0.47058823529411764 0.05583756345177665
0.3333333333333333 0.025380710659898477
0.20915032679738563 0.03553299492385787
0.10457516339869281 0.07614213197969544
0.0457516339869281 0.16751269035532995
0.032679738562091505 0.29441624365482233
0.058823529411764705 0.41116751269035534
0.12418300653594772 0.5228426395939086
0.1895424836601307 0.6192893401015228
0.26143790849673204 0.6954314720812182
0.3464052287581699 0.7766497461928934
0.43790849673202614 0.8527918781725888
0.5490196078431373 0.9137055837563451
0.6339869281045751 0.9441624365482234
0.7254901960784313 0.9695431472081218
0.8104575163398693 0.9746192893401016
0.8758169934640523 0.9593908629441624
0.9281045751633987 0.9238578680203046
0.9477124183006536 0.8883248730964467
0.9673202614379085 0.8477157360406091
0.6013071895424836 0.37055837563451777
0.5424836601307189 0.27918781725888325
0.46405228758169936 0.17766497461928935
0.39869281045751637 0.1319796954314721
0.27450980392156865 0.13705583756345177
0.16993464052287582 0.16243654822335024
0.1111111111111111 0.19289340101522842
0.0915032679738562 0.26903553299492383
0.11764705882352941 0.37055837563451777
0.17647058823529413 0.467005076142132
0.24183006535947713 0.5634517766497462
0.30718954248366015 0.6446700507614214
0.3790849673202614 0.7208121827411168
0.43137254901960786 0.7360406091370558
0.5032679738562091 0.7360406091370558
0.6143790849673203 0.40609137055837563
0.5686274509803921 0.45685279187817257
0.6209150326797386 0.5482233502538071
0.7647058823529411 0.6345177664974619
0.7712418300653595 0.6903553299492385
0.6797385620915033 0.6294416243654822
0.5686274509803921 0.6192893401015228
0.5032679738562091 0.6548223350253807
0.40522875816993464 0.6446700507614214
0.35294117647058826 0.5482233502538071
0.3202614379084967 0.45685279187817257
0.3660130718954248 0.38578680203045684
0.42483660130718953 0.3604060913705584
0.49673202614379086 0.34517766497461927
0.5228758169934641 0.29949238578680204
0.24183006535947713 0.5025380710659898
0.24183006535947713 0.4365482233502538
0.23529411764705882 0.350253807106599
0.2222222222222222 0.29441624365482233
0.20915032679738563 0.20812182741116753
}
