version: 2
n_points: 55
{
0.1237258064516128 0.1710000000000001
0.2889516129032257 0.10186614173228356
0.4817096774193551 0.04425196850393704
0.6508709677419355 0.04425196850393704
0.8397096774193548 0.09610236220472451
0.8790483870967742 0.16907874015748042
0.9026451612903226 0.25358267716535443
0.9065806451612903 0.32848031496063
0.8475645161290324 0.4149055118110237
0.7531612903225806 0.5032440944881891
0.7098870967741937 0.5454960629921259
0.6705483870967741 0.6127165354330708
0.6390645161290325 0.6722519685039371
0.6036612903225805 0.7279448818897639
0.524983870967742 0.8182047244094489
0.4502419354838708 0.8892677165354331
0.3361612903225809 0.95648031496063
0.2260161290322581 0.9641653543307087
0.1237258064516128 0.937275590551181
0.06472580645161297 0.8950236220472442
0.23780645161290326 0.3841732283464566
0.2968225806451612 0.32079527559055127
0.3558387096774196 0.2382204724409448
0.45811290322580633 0.1710000000000001
0.5721935483870968 0.12107086614173232
0.6862741935483871 0.10570078740157486
0.7767580645161292 0.13451181102362203
0.8239677419354838 0.19981102362204728
0.8436290322580646 0.2881496062992126
0.8003548387096774 0.3688110236220472
0.705951612903226 0.42642519685039376
0.6862741935483871 0.5166929133858268
0.6744838709677419 0.587748031496063
0.627274193548387 0.6684094488188976
0.49745161290322604 0.7260236220472442
0.14340322580645148 0.3860944881889763
0.23388709677419361 0.4648346456692913
0.23780645161290326 0.576220472440945
0.17487096774193567 0.6511259842519685
0.17880645161290343 0.6895354330708662
0.23388709677419361 0.6914566929133859
0.2968225806451612 0.6511259842519685
0.43058064516129024 0.6626456692913386
0.5485967741935485 0.6280787401574802
0.5603870967741935 0.5397322834645669
0.5092580645161292 0.48980314960629934
0.43058064516129024 0.4590708661417322
0.3636935483870969 0.43795275590551186
0.32435483870967763 0.39185826771653537
0.2771451612903225 0.36496850393700786
0.6784193548387096 0.44947244094488187
0.6744838709677419 0.37841732283464563
0.6508709677419355 0.27855118110236227
0.6351451612903225 0.20748818897637794
0.6115322580645159 0.14987401574803144
}
