version: 2
n_points: 55
{
0.29456626506024114 0.7186880733944954
0.16404216867469876 0.6231192660550458
0.09375903614457844 0.4625688073394494
0.03603012048192768 0.2599724770642201
0.07869879518072302 0.12618348623853204
0.14898192771084334 0.06884403669724759
0.23683132530120496 0.04972477064220171
0.3271927710843375 0.04972477064220171
0.4326144578313254 0.05355045871559627
0.5305060240963857 0.08412844036697242
0.6334216867469881 0.13382568807339434
0.7062108433734939 0.1911651376146788
0.7790000000000001 0.2676146788990825
0.8317108433734941 0.3478899082568806
0.8794036144578313 0.4549266055045871
0.9245843373493976 0.5619633027522934
0.9647469879518074 0.6919266055045871
0.972277108433735 0.7913211009174311
0.972277108433735 0.8754128440366974
0.9697650602409639 0.9595137614678898
0.4559216867469879 0.595440366972477
0.3767530120481927 0.5639816513761466
0.2838072289156628 0.5115596330275228
0.22184337349397604 0.4696146788990825
0.16504819277108448 0.39622018348623844
0.1443915662650602 0.29923853211009166
0.16504819277108448 0.2074954128440366
0.2407771084337349 0.16555045871559626
0.31134337349397584 0.14982568807339436
0.387078313253012 0.12885321100917424
0.4628072289156628 0.1367247706422018
0.5264939759036146 0.16293577981651364
0.5867349397590363 0.18652293577981638
0.6486927710843373 0.23108256880733935
0.7054939759036146 0.35166055045871547
0.5230481927710845 0.6766972477064219
0.5884518072289157 0.6950458715596329
0.6641867469879518 0.7133944954128439
0.6607409638554217 0.778926605504587
0.719265060240964 0.805137614678899
0.7261506024096386 0.7107706422018347
0.6796746987951808 0.6216513761467889
0.6779578313253012 0.5089357798165136
0.6624638554216867 0.4224311926605504
0.6366445783132529 0.31233944954128434
0.5368192771084339 0.26777981651376137
0.44904216867469876 0.29661467889908244
0.3974036144578313 0.37787155963302743
0.37158433734939755 0.4565137614678898
0.36125903614457827 0.5063119266055045
0.4903493975903616 0.18389908256880716
0.4180602409638556 0.19700917431192655
0.3423253012048194 0.21798165137614667
0.2872469879518072 0.23108256880733935
0.2097951807228917 0.23108256880733935
}
