version: 2
n_points: 55
{
0.888386292834891 0.30656043956043943
0.9323676012461058 0.44876923076923103
0.9616884735202492 0.5618956043956043
0.9836791277258566 0.717032967032967
0.956190031152648 0.8495494505494509
0.901214953271028 0.9271153846153847
0.8260809968847352 0.9659010989010988
0.7417850467289722 0.9723681318681319
0.6611557632398753 0.946510989010989
0.5750280373831774 0.9012582417582418
0.505392523364486 0.836620879120879
0.419264797507788 0.713802197802198
0.3313052959501559 0.626532967032967
0.2708317757009343 0.5651263736263734
0.18103738317757023 0.47139560439560435
0.11873208722741446 0.4002912087912085
0.07108722741433005 0.30979120879120847
0.036271028037383246 0.22575824175824155
0.014280373831775939 0.0997087912087915
0.0509314641744546 0.022137362637362656
0.5768598130841123 0.2031373626373627
0.6758161993769471 0.2871703296703296
0.7582803738317757 0.3873626373626373
0.8077570093457943 0.503714285714286
0.8609003115264799 0.6459285714285712
0.8828909657320873 0.74289010989011
0.8609003115264799 0.859241758241758
0.8040903426791279 0.894796703296703
0.7344579439252336 0.891565934065934
0.6423489096573207 0.8240329670329674
0.5324953271028039 0.7401703296703297
0.4701900311526481 0.6678736263736264
0.4242803738317755 0.595576923076923
0.3455794392523366 0.52039010989011
0.3144267912772587 0.4451978021978019
0.5079003115264795 0.11263736263736268
0.47510903426791273 0.16758241758241754
0.4308380062305295 0.16758241758241754
0.35705607476635515 0.1068516483516484
0.312785046728972 0.10974725274725305
0.32590342679127726 0.15890659340659363
0.37509034267912766 0.18493406593406603
0.3832897196261681 0.2687967032967036
0.39148909657320874 0.36133516483516503
0.38657009345794413 0.43941758241758266
0.44559501557632386 0.5261703296703298
0.5226573208722742 0.5493076923076925
0.5816822429906543 0.5030384615384615
0.6128348909657322 0.4220659340659343
0.6439875389408101 0.315065934065934
0.47510903426791273 0.6216043956043953
0.5439719626168225 0.6447362637362637
0.6374299065420561 0.6476263736263739
0.7030155763239876 0.615818681318681
0.7538411214953269 0.5579835164835165
}
