version: 2
n_points: 55
{
0.1115982532751091 0.8078214285714288
0.058572052401746774 0.6394571428571428
0.02426200873362438 0.48129285714285697
0.030497816593886378 0.30272142857142836
0.09911790393013091 0.14455714285714327
0.2020524017467248 0.052721428571428364
0.3361746724890829 0.04251428571428573
0.4266288209606986 0.08333571428571451
0.5170873362445415 0.13945714285714284
0.6137816593886465 0.21088571428571434
0.691759825327511 0.24660000000000004
0.7634978165938865 0.3078214285714287
0.8290000000000001 0.3843571428571424
0.8913842794759823 0.5017000000000004
0.931934497816594 0.5935357142857145
0.9724803493449781 0.6955785714285713
0.978720524017467 0.812928571428571
0.9537685589519651 0.9047642857142859
0.8945021834061135 0.9659857142857147
0.8445982532751092 0.9608857142857143
0.44534497816593877 0.7159857142857147
0.3486506550218341 0.7159857142857147
0.25195633187772914 0.6751714285714285
0.15526637554585146 0.6394571428571428
0.09911790393013091 0.5170071428571427
0.07416593886462873 0.3639428571428571
0.1209519650655021 0.21088571428571434
0.223886462882096 0.10884285714285757
0.3361746724890829 0.11905000000000021
0.4235109170305676 0.17517142857142853
0.5108471615720523 0.2517000000000005
0.607541484716157 0.2925142857142857
0.685519650655022 0.3639428571428571
0.7447860262008735 0.4557857142857139
0.8009301310043668 0.5527214285714284
0.43910917030567675 0.8027214285714284
0.49837117903930134 0.7823142857142857
0.5701135371179038 0.8027214285714284
0.6044235807860262 0.8486428571428567
0.6512096069868993 0.8843571428571425
0.6699257641921398 0.7363928571428573
0.6262576419213974 0.6394571428571428
0.6449694323144104 0.5425142857142857
0.6168995633187773 0.4404785714285717
0.5732314410480348 0.40986428571428557
0.5108471615720523 0.4404785714285717
0.460943231441048 0.5017000000000004
0.4172751091703056 0.5374142857142861
0.3455327510917031 0.5884357142857141
0.32369868995633194 0.6751714285714285
0.48589519650655016 0.28231428571428574
0.38608296943231446 0.26700714285714267
0.28938864628820954 0.30272142857142836
0.2020524017467248 0.3843571428571424
0.1521441048034935 0.5119071428571431
}
