version: 2
n_points: 55
{
0.7563684210526317 0.8324888888888886
0.8401052631578949 0.7314888888888883
0.9058947368421054 0.6052222222222226
0.9328157894736843 0.4435999999999998
0.8879473684210527 0.31228888888888884
0.7982368421052631 0.2062222222222216
0.7055394736842107 0.14057777777777827
0.6008684210526316 0.12037777777777718
0.5171447368421052 0.13046666666666623
0.4393947368421053 0.17593333333333275
0.33771052631578946 0.22137777777777753
0.245013157894737 0.292088888888889
0.1881973684210526 0.36784444444444436
0.1373552631578946 0.4435999999999998
0.09548684210526326 0.5395555555555549
0.06857894736842096 0.6355333333333331
0.06259210526315795 0.7365333333333335
0.06259210526315795 0.8021999999999998
0.06857894736842096 0.8577555555555553
0.06557894736842118 0.8981555555555549
0.49167105263157884 0.7193555555555551
0.6070526315789473 0.7467111111111105
0.7123157894736842 0.7637999999999996
0.7912631578947368 0.6680666666666664
0.825671052631579 0.5757777777777784
0.8418684210526316 0.4321777777777773
0.8358026315789472 0.315933333333333
0.7649473684210526 0.2646666666666672
0.6819473684210526 0.2270444444444441
0.6009736842105264 0.2031111111111108
0.5321578947368419 0.19286666666666608
0.4532105263157893 0.21679999999999938
0.3924736842105263 0.26124444444444384
0.34996052631578956 0.3193555555555551
0.31352631578947376 0.37748888888888943
0.49773684210526314 0.8492666666666663
0.42486842105263145 0.8048222222222219
0.3519868421052632 0.808244444444444
0.3054342105263157 0.8321777777777773
0.24065789473684196 0.8287555555555551
0.2791184210526315 0.715933333333333
0.35806578947368417 0.6099555555555551
0.3783026315789474 0.5108222222222227
0.3924736842105263 0.4219333333333338
0.4329605263157895 0.333044444444445
0.4997631578947368 0.33644444444444416
0.5382236842105264 0.40482222222222186
0.5706184210526315 0.5108222222222227
0.594907894736842 0.5962888888888895
0.6070526315789473 0.6851777777777783
0.5038157894736841 0.24755555555555525
0.5868026315789474 0.281755555555555
0.6475394736842104 0.333044444444445
0.7325526315789475 0.4116666666666662
0.771013157894737 0.4663777777777783
}
