version: 2
n_points: 55
{
0.8328172043010753 0.5660714285714283
0.8973333333333333 0.5053571428571431
0.9489462365591399 0.3874999999999998
0.9683010752688171 0.2482142857142858
0.9317419354838709 0.1303571428571428
0.8521720430107528 0.0732142857142856
0.7618494623655915 0.048214285714285765
0.6779784946236558 0.0625
0.5898064516129033 0.11249999999999995
0.5231397849462365 0.17678571428571438
0.44141935483870964 0.2089285714285712
0.36184946236559123 0.25178571428571417
0.2908817204301074 0.3089285714285716
0.22851612903225815 0.37321428571428583
0.1575483870967741 0.46607142857142847
0.10163440860215056 0.5589285714285717
0.0521720430107524 0.6589285714285715
0.022064516129032485 0.7874999999999999
0.04572043010752702 0.8946428571428571
0.09948387096774203 0.9625000000000001
0.5618494623655915 0.6910714285714283
0.6242150537634408 0.6410714285714286
0.7166881720430106 0.5732142857142856
0.7876559139784947 0.480357142857143
0.850021505376344 0.36607142857142855
0.850021505376344 0.23035714285714295
0.8134623655913977 0.13392857142857142
0.7166881720430106 0.13750000000000004
0.6199139784946235 0.16964285714285715
0.5640000000000001 0.17678571428571438
0.494768817204301 0.19419642857142858
0.4290537634408601 0.23635714285714268
0.3932150537634407 0.27604464285714264
0.3723064516129033 0.3157232142857142
0.3260107526881719 0.38020535714285736
0.5395698924731184 0.7621517857142857
0.46340322580645155 0.7571964285714284
0.3976935483870968 0.739830357142857
0.3454247311827958 0.8067946428571428
0.28269892473118274 0.8241607142857141
0.30808602150537623 0.7299107142857143
0.38873118279569874 0.643107142857143
0.38425268817204306 0.5290178571428571
0.3932150537634407 0.42237499999999983
0.44249462365591385 0.3330892857142856
0.5156720430107529 0.30580357142857145
0.5769032258064515 0.30580357142857145
0.6261881720430107 0.3653303571428569
0.6530698924731183 0.4595714285714284
0.6799516129032258 0.5538214285714288
0.5888548387096774 0.1867589285714286
0.6456021505376344 0.20659821428571437
0.7128064516129031 0.2239553571428574
0.7740376344086022 0.24627678571428596
0.8248118279569894 0.25867857142857126
}
