version: 2
n_points: 55
{
0.21064516129032262 0.7250895522388062
0.13620161290322588 0.6332388059701496
0.0834758064516129 0.5184328358208957
0.04625000000000011 0.3289850746268652
0.08356451612903244 0.19947761194029867
0.15687903225806432 0.13616417910447742
0.2497419354838711 0.09546268656716439
0.3303870967741937 0.08640298507462663
0.41836290322580655 0.12259701492537312
0.4770161290322579 0.18138805970149285
0.5503306451612902 0.18138805970149285
0.6236451612903225 0.20400000000000007
0.6994032258064516 0.2356567164179102
0.7556129032258067 0.2763731343283582
0.8362580645161293 0.33968656716417933
0.8973467741935485 0.42562686567164176
0.9413387096774194 0.5477462686567166
0.9608870967741934 0.7060447761194031
0.9291209677419355 0.8326716417910446
0.8900161290322582 0.9367014925373136
0.3768225806451613 0.715089552238806
0.30839516129032246 0.6336716417910451
0.22286290322580637 0.5477462686567166
0.16909677419354854 0.4753731343283585
0.11289516129032277 0.38038805970149236
0.11533870967741952 0.25376119402985087
0.18865322580645139 0.18591044776119425
0.25218548387096784 0.15877611940298475
0.32794354838709694 0.15877611940298475
0.41103225806451626 0.18138805970149285
0.4672419354838709 0.2311343283582088
0.5258951612903227 0.2401791044776117
0.5869919354838707 0.25376119402985087
0.6627419354838711 0.3035074626865668
0.7165080645161289 0.39849253731343304
0.42325 0.7422238805970147
0.4843467741935486 0.6924776119402988
0.5478870967741934 0.6653283582089552
0.6334193548387096 0.7241343283582089
0.6945161290322581 0.7286567164179103
0.6945161290322581 0.6291492537313436
0.6505241935483873 0.5567910447761195
0.652967741935484 0.42562686567164176
0.599209677419355 0.35777611940298515
0.5185645161290324 0.34873134328358224
0.4501370967741936 0.34420895522388073
0.41103225806451626 0.41205970149253734
0.38415322580645156 0.47989552238806
0.3646048387096775 0.5567910447761195
0.3474999999999998 0.611059701492537
0.43303225806451634 0.2718507462686567
0.36216129032258076 0.2763731343283582
0.2912903225806452 0.294462686567164
0.21797580645161288 0.3170746268656721
0.15443548387096756 0.36229850746268655
}
