version: 2
n_points: 55
{
0.8857792207792208 0.41183589743589744
0.949051948051948 0.5341230769230769
0.9756926406926406 0.6564102564102564
0.9590389610389611 0.8142
0.8724588744588745 0.9049333333333333
0.7625714285714286 0.9443794871794872
0.6526796536796537 0.9719897435897437
0.5394588744588744 0.9562153846153846
0.4362294372294373 0.8852051282051283
0.33966233766233767 0.8063128205128205
0.2630692640692641 0.739251282051282
0.20645887445887445 0.6721897435897436
0.1531818181818182 0.6011846153846154
0.11322077922077922 0.5183435897435897
0.06326839826839836 0.4157794871794872
0.038614718614718435 0.3401846153846154
0.020064935064935008 0.24738974358974353
0.022125541125541104 0.15459487179487186
0.05304761904761912 0.0715641025641025
0.08603030303030323 0.025169230769230833
0.558095238095238 0.3743743589743589
0.6529220779220781 0.4085641025641027
0.7621774891774891 0.48182051282051275
0.8487575757575757 0.5526410256410256
0.8899870129870129 0.640553846153846
0.892047619047619 0.7650923076923077
0.8095930735930734 0.8578923076923076
0.6920909090909093 0.8896358974358975
0.5910779220779221 0.8725435897435897
0.4921298701298702 0.8407948717948719
0.4179177489177489 0.7650923076923077
0.34989177489177514 0.7064871794871794
0.29835497835497815 0.640553846153846
0.2591904761904764 0.5648512820512821
0.23445021645021646 0.46472820512820523
0.49625541125541117 0.26692820512820503
0.4323506493506496 0.2693692307692307
0.3808138528138526 0.24006153846153855
0.37462770562770553 0.191225641025641
0.30866233766233786 0.15947692307692318
0.290112554112554 0.2229692307692307
0.33546320346320335 0.3084410256410257
0.31690909090909103 0.39146666666666674
0.31072727272727285 0.46228717948717957
0.3230952380952381 0.5599641025641025
0.37462770562770553 0.6210153846153847
0.4509004329004329 0.6478769230769231
0.5374805194805196 0.6307846153846153
0.5993246753246751 0.5770615384615384
0.6405541125541123 0.4842615384615384
0.45708658008658 0.7304615384615385
0.5712164502164503 0.7910666666666667
0.6696017316017315 0.8097179487179488
0.7719220779220778 0.7770820512820513
0.8388268398268398 0.7211384615384616
}
