version: 2
n_points: 55
{
0.1641857142857142 0.6748245614035089
0.06510714285714292 0.5305087719298246
0.03975714285714287 0.33526315789473715
0.06740714285714294 0.18528947368421045
0.1572714285714286 0.0919122807017545
0.2517428571428573 0.052298245614034955
0.3623357142857141 0.06361403508771935
0.4498999999999999 0.12021052631578955
0.5443642857142859 0.18812280701754402
0.6526642857142857 0.2786666666666664
0.7402214285714284 0.3720526315789472
0.8139499999999998 0.4739122807017544
0.8577285714285714 0.5418245614035085
0.899207142857143 0.6097368421052631
0.9360714285714287 0.6691666666666669
0.9591142857142858 0.7568859649122809
0.9683285714285712 0.8389385964912282
0.9429857142857141 0.8955350877192984
0.9153357142857143 0.9408070175438592
0.8623357142857141 0.9634473684210524
0.4084214285714284 0.6635000000000001
0.33468571428571425 0.6493508771929826
0.23791428571428566 0.6125701754385967
0.18722142857142865 0.5078684210526315
0.15496428571428567 0.3861929824561404
0.1434428571428571 0.2730087719298244
0.15496428571428567 0.16265789473684222
0.24022142857142836 0.10606140350877202
0.33930000000000005 0.10889473684210516
0.3968999999999998 0.14001754385964904
0.47984999999999983 0.19943859649122797
0.5489714285714286 0.23622807017543868
0.6111857142857141 0.29847368421052645
0.6849214285714287 0.39185964912280724
0.7309999999999999 0.45128070175438617
0.40150714285714295 0.7880087719298243
0.4568071428571427 0.7710263157894741
0.5789285714285715 0.7936666666666663
0.6549642857142857 0.8615789473684213
0.6895285714285714 0.8078157894736843
0.6572714285714284 0.7116052631578946
0.6134928571428572 0.6408684210526318
0.6157928571428573 0.5672982456140353
0.5996642857142855 0.428640350877193
0.5489714285714286 0.3833684210526316
0.46832857142857126 0.42014912280701755
0.41994285714285695 0.47108771929824567
0.3784714285714285 0.5163596491228071
0.35312142857142864 0.575780701754386
0.32086428571428566 0.6267192982456142
0.5604928571428571 0.28999122807017574
0.47984999999999983 0.2758421052631581
0.40150714285714295 0.2843333333333332
0.2886071428571427 0.3296052631578946
0.20565714285714287 0.34941228070175456
}
