version: 2
n_points: 55
{
0.24242424242424243 0.660377358490566
0.15151515151515152 0.5094339622641509
0.07575757575757576 0.37735849056603776
0.09090909090909091 0.2075471698113207
0.15151515151515152 0.1132075471698113
0.25757575757575757 0.09433962264150941
0.3787878787878788 0.09433962264150941
0.48484848484848486 0.1132075471698113
0.5606060606060606 0.15094339622641506
0.6212121212121212 0.2075471698113207
0.696969696969697 0.26415094339622636
0.7727272727272727 0.3396226415094339
0.8181818181818182 0.41509433962264153
0.8484848484848485 0.49056603773584906
0.8787878787878788 0.5660377358490566
0.9090909090909091 0.6415094339622641
0.9242424242424242 0.7358490566037735
0.9242424242424242 0.8301886792452831
0.8939393939393939 0.8679245283018868
0.8484848484848485 0.9056603773584906
0.3939393939393939 0.6037735849056604
0.3181818181818182 0.5283018867924528
0.24242424242424243 0.4716981132075472
0.16666666666666666 0.37735849056603776
0.15151515151515152 0.26415094339622636
0.18181818181818182 0.18867924528301883
0.25757575757575757 0.15094339622641506
0.3484848484848485 0.15094339622641506
0.42424242424242425 0.15094339622641506
0.5 0.16981132075471694
0.5606060606060606 0.2075471698113207
0.6212121212121212 0.26415094339622636
0.6818181818181818 0.320754716981132
0.7272727272727273 0.39622641509433965
0.7575757575757576 0.41509433962264153
0.4696969696969697 0.6792452830188679
0.5454545454545454 0.6792452830188679
0.5909090909090909 0.7169811320754716
0.6212121212121212 0.7735849056603774
0.6666666666666666 0.7924528301886793
0.6818181818181818 0.6415094339622641
0.6212121212121212 0.5849056603773585
0.6212121212121212 0.4716981132075472
0.6363636363636364 0.41509433962264153
0.5757575757575758 0.3018867924528301
0.5151515151515151 0.3018867924528301
0.45454545454545453 0.3396226415094339
0.42424242424242425 0.39622641509433965
0.3787878787878788 0.4528301886792453
0.3484848484848485 0.5094339622641509
0.5 0.2264150943396226
0.4090909090909091 0.24528301886792447
0.3333333333333333 0.26415094339622636
0.2878787878787879 0.28301886792452824
0.19696969696969696 0.28301886792452824
}
