version: 2
n_points: 55
{
0.9248416886543536 0.36627651515151516
0.9846490765171504 0.5152651515151514
0.9828891820580474 0.6819318181818181
0.9547440633245381 0.8309242424242426
0.8773482849604222 0.9268825757575758
0.7700474934036938 0.9571856060606061
0.6697836411609497 0.9773863636363636
0.5642427440633244 0.9445606060606062
0.4798100263852242 0.8915303030303031
0.4059313984168864 0.8385000000000001
0.3267757255936674 0.7879924242424241
0.26697097625329824 0.719810606060606
0.2335488126649079 0.6566818181818184
0.1983693931398417 0.5885000000000001
0.1368021108179418 0.5127424242424243
0.06996042216358866 0.41425757575757594
0.02422691292875989 0.28546969696969704
0.011912928759894692 0.15668181818181826
0.03829815303430106 0.073348484848485
0.08403166226912917 0.01779166666666665
0.6579920844327174 0.3782916666666668
0.7651820580474935 0.43510984848484857
0.8426886543535621 0.48482575757575763
0.8905118733509235 0.5818901515151516
0.900406332453826 0.6671174242424244
0.8558812664907652 0.7925909090909092
0.7899182058047494 0.8612462121212122
0.7041662269129285 0.8967575757575759
0.6184142480211079 0.858878787878788
0.5409076517150393 0.8186325757575759
0.4666992084432715 0.7925909090909092
0.4172269129287597 0.7547121212121213
0.3759999999999998 0.7049962121212122
0.3446675461741422 0.6623825757575759
0.3083878627968335 0.5866250000000002
0.6167651715039575 0.2764924242424244
0.5425567282321897 0.2906969696969698
0.4666992084432715 0.3049015151515153
0.3908416886543533 0.25281818181818194
0.3446675461741422 0.24808333333333343
0.36775461741424775 0.3191060606060607
0.4172269129287597 0.3995984848484849
0.4155778364116093 0.49429545454545465
0.4205250659630604 0.5629507575757577
0.45185751978891797 0.6316060606060607
0.5013298153034298 0.6718522727272729
0.5508021108179417 0.6671174242424244
0.5870817941952504 0.5984621212121213
0.6134670184696567 0.49429545454545465
0.6711846965699206 0.41853787878787885
0.44691029023746676 0.7452424242424244
0.5293641160949866 0.7736515151515153
0.6233614775725591 0.761814393939394
0.7322005277044852 0.7547121212121213
0.8476358839050132 0.683689393939394
}
