version: 2
n_points: 55
{
0.8418604651162791 0.10516997167138808
0.9019379844961241 0.27514164305949007
0.9755813953488373 0.5053116147308783
0.9910852713178294 0.6894475920679887
0.960077519379845 0.8735835694050992
0.8903100775193798 0.9479461756373938
0.7992248062015503 0.9833569405099151
0.6984496124031008 0.9656515580736544
0.6073643410852714 0.8912889518413598
0.5124031007751938 0.8240084985835694
0.44263565891472867 0.7638101983002833
0.33992248062015507 0.696529745042493
0.26046511627906976 0.6009206798866855
0.19069767441860463 0.49468838526912184
0.13643410852713178 0.3990793201133145
0.086046511627907 0.31055240793201133
0.04534883720930227 0.2432719546742209
0.03178294573643414 0.16182719546742208
0.02596899224806204 0.09808781869688388
0.006589147286821695 0.013101983002832829
0.6693798449612403 0.24681303116147313
0.7488372093023256 0.30701133144475923
0.8263565891472868 0.38137393767705385
0.8748062015503876 0.4805240793201133
0.8941860465116279 0.5938385269121813
0.9077519379844962 0.756728045325779
0.8844961240310077 0.8346317280453258
0.8127906976744186 0.8735835694050992
0.7255813953488373 0.8629603399433428
0.65 0.8027620396600567
0.5763565891472868 0.7744334277620397
0.49883720930232556 0.7213172804532577
0.4387596899224806 0.6575779036827196
0.398062015503876 0.615084985835694
0.36124031007751933 0.5548866855524079
0.6073643410852714 0.14766288951841355
0.5647286821705426 0.21140226628895187
0.48139534883720925 0.2361898016997167
0.41162790697674423 0.18661473087818692
0.39031007751937985 0.16536827195467418
0.4096899224806202 0.24681303116147313
0.44069767441860463 0.31055240793201133
0.4484496124031008 0.4026203966005666
0.4736434108527132 0.4805240793201133
0.5124031007751938 0.5159348441926346
0.5899224806201551 0.5088526912181304
0.6286821705426356 0.4876062322946175
0.6655038759689922 0.4557365439093485
0.710077519379845 0.4026203966005666
0.7313953488372094 0.30701133144475923
0.52984496124031 0.7071529745042493
0.6093023255813954 0.7319405099150141
0.7023255813953488 0.7425637393767706
0.7604651162790698 0.7177762039660056
0.8573643410852714 0.7000708215297451
}
