version: 2
n_points: 55
{
0.84019 0.17829000000000006
0.9081899999999998 0.3182900000000001
0.95619 0.47029
0.9701900000000001 0.63029
0.94619 0.7822899999999998
0.88019 0.8662900000000002
0.7941900000000002 0.9342899999999997
0.7041900000000001 0.9422899999999998
0.6241900000000001 0.9462900000000002
0.53019 0.91829
0.4581899999999999 0.8942899999999997
0.3641900000000001 0.8462900000000002
0.29218999999999995 0.77829
0.2381899999999999 0.6982900000000001
0.16818999999999984 0.6062900000000002
0.09619000000000033 0.5382900000000002
0.04019000000000006 0.44228999999999985
0.02019000000000004 0.29829000000000006
0.03619000000000028 0.16228999999999982
0.06019000000000008 0.04228999999999983
0.52019 0.2542899999999997
0.58219 0.21428999999999976
0.64619 0.2262900000000002
0.7121899999999999 0.2702899999999999
0.78819 0.35029
0.8541900000000001 0.4942899999999998
0.8741900000000001 0.6542899999999998
0.86019 0.7702899999999999
0.7861899999999999 0.83029
0.6741900000000001 0.8542899999999998
0.58219 0.8382900000000001
0.5041900000000001 0.8342899999999998
0.44218999999999997 0.7862900000000002
0.3881899999999999 0.7022899999999999
0.36619 0.61829
0.4841900000000001 0.11829000000000012
0.43818999999999986 0.15028999999999992
0.3821899999999999 0.15028999999999992
0.34219 0.11029
0.28818999999999984 0.11029
0.3241900000000001 0.25029
0.40218999999999994 0.34228999999999987
0.41419000000000006 0.42629000000000017
0.41618999999999995 0.5382900000000002
0.4501900000000001 0.63829
0.5021899999999999 0.6862900000000002
0.57219 0.65829
0.61619 0.5742899999999997
0.64619 0.41829000000000005
0.66219 0.2742899999999997
0.6241900000000001 0.8062900000000002
0.6701900000000001 0.7662900000000001
0.7301900000000001 0.7302899999999999
0.7721899999999999 0.69029
0.82219 0.6742899999999997
}
