version: 2
n_points: 55
{
0.7992280701754383 0.16651612903225804
0.5912982456140352 0.07989516129032266
0.38336842105263114 0.047040322580645146
0.22742105263157933 0.08886290322580649
0.14708771929824588 0.14283870967741927
0.11589473684210516 0.2145241935483871
0.10029824561403482 0.2826209677419354
0.10419298245614073 0.352516129032258
0.13149122807017552 0.40986290322580626
0.16657894736842113 0.46183870967741913
0.19777192982456182 0.4976774193548386
0.20556140350877167 0.5586129032258063
0.2172631578947371 0.6213306451612904
0.2484561403508768 0.6966048387096776
0.30303508771929866 0.7647016129032257
0.37710526315789483 0.832806451612903
0.5018596491228069 0.8919435483870968
0.5759298245614031 0.9313709677419355
0.7201929824561402 0.9600403225806453
0.9151228070175434 0.9313709677419355
0.7552807017543858 0.4242016129032258
0.6695087719298242 0.3417661290322582
0.6149298245614033 0.25036290322580634
0.5837368421052636 0.1894354838709678
0.41608771929824534 0.15717741935483878
0.28354385964912243 0.15896774193548377
0.23675438596491236 0.1894354838709678
0.20166666666666674 0.2754596774193549
0.22896491228070154 0.3435564516129032
0.2484561403508768 0.4080725806451613
0.29914035087719276 0.48692741935483885
0.3108245614035085 0.5783225806451612
0.3420175438596492 0.669717741935484
0.400491228070175 0.7306532258064516
0.4940701754385961 0.7682903225806449
0.7942631578947372 0.40986290322580626
0.7630701754385966 0.47258870967741934
0.727982456140351 0.5675725806451615
0.7981578947368422 0.6141693548387095
0.8293508771929828 0.6661370967741935
0.777526315789474 0.6864596774193547
0.6577192982456141 0.6549919354838709
0.5635789473684215 0.6746612903225808
0.5079473684210521 0.6648225806451612
0.48854385964912245 0.6041935483870969
0.46947368421052615 0.5270564516129034
0.4732982456140352 0.4727096774193547
0.5381403508771926 0.4201129032258064
0.5953333333333338 0.39381451612903245
0.6678070175438596 0.39030645161290345
0.41228070175438597 0.6357500000000003
0.3665087719298249 0.5217903225806452
0.38938596491228056 0.41660483870967735
0.4198947368421057 0.3324516129032257
0.4618596491228074 0.22375806451612912
}
