version: 2
n_points: 55
{
0.3538552631578944 0.24025757575757575
0.45723684210526316 0.1293257575757578
0.5935131578947372 0.0698030303030303
0.7250921052631583 0.04275
0.8237763157894741 0.0914469696969699
0.8848684210526316 0.16449999999999998
0.9083684210526316 0.25649242424242447
0.9224605263157899 0.3457803030303028
0.8989605263157898 0.4296515151515151
0.8801710526315786 0.513530303030303
0.8472763157894734 0.5946969696969697
0.795578947368421 0.6704545454545454
0.7344868421052635 0.7489166666666669
0.6593026315789478 0.7949166666666665
0.5418289473684207 0.8571439393939392
0.44784210526315793 0.9166666666666666
0.35855263157894735 0.9545454545454546
0.2410657894736845 0.9626590909090911
0.1423815789473688 0.9410151515151515
0.05780263157894705 0.9166666666666666
0.3679473684210526 0.4269469696969699
0.44314473684210487 0.3430757575757576
0.47132894736842135 0.26461363636363616
0.5371184210526319 0.20508333333333353
0.6029078947368425 0.1536818181818182
0.6639999999999999 0.10768181818181817
0.7626842105263157 0.11309848484848464
0.8143815789473681 0.16991666666666647
0.8331710526315793 0.23484848484848486
0.8472763157894734 0.29707575757575755
0.8331710526315793 0.3701287878787881
0.8049868421052628 0.44588636363636386
0.7814868421052628 0.5162348484848482
0.7626842105263157 0.591992424242424
0.7015921052631582 0.6731590909090911
0.2974605263157898 0.4648257575757578
0.3679473684210526 0.5243484848484848
0.39144736842105265 0.5946969696969697
0.31156578947368385 0.6515151515151515
0.30685526315789513 0.7056287878787877
0.3867499999999996 0.6893939393939394
0.4290394736842109 0.6515151515151515
0.5371184210526319 0.6271666666666667
0.6170131578947364 0.6190454545454546
0.6358026315789478 0.5568181818181818
0.6452105263157895 0.5081136363636366
0.6029078947368425 0.4594166666666665
0.555921052631579 0.41883333333333334
0.4901315789473685 0.39447727272727295
0.43843421052631615 0.38365909090909067
0.7485921052631574 0.4783560606060604
0.7485921052631574 0.3917727272727273
0.7438947368421053 0.29707575757575755
0.7203947368421053 0.2159090909090909
0.682802631578947 0.17262121212121212
}
