version: 2
n_points: 55
{
0.15314932126696834 0.44873053892215564
0.07961990950226246 0.5273233532934132
0.02871493212669685 0.6545688622754491
0.025886877828054315 0.7780718562874251
0.082447963800905 0.875377245508982
0.17577375565610862 0.939
0.2690995475113122 0.968940119760479
0.3765656108597285 0.9502275449101796
0.47837556561085975 0.9090598802395209
0.5632171945701357 0.8529221556886226
0.628262443438914 0.7743293413173652
0.6989638009049773 0.6994790419161676
0.7668371040723982 0.6283712574850299
0.8205701357466063 0.5273233532934132
0.8827873303167421 0.4225329341317364
0.9308642533936652 0.33271257485029937
0.9619728506787331 0.22417964071856278
0.9704570135746606 0.1418443113772454
0.9761131221719457 0.08570658682634724
0.9789411764705882 0.02956886227544908
0.4331266968325792 0.343940119760479
0.3595972850678733 0.403820359281437
0.28041176470588236 0.4786706586826347
0.2153665158371041 0.5722335329341317
0.16446153846153846 0.7107065868263472
0.1729457013574661 0.8342095808383233
0.28041176470588236 0.8828622754491018
0.3482850678733032 0.875377245508982
0.4302986425339367 0.8379520958083831
0.5264524886877828 0.7668443113772454
0.6197782805429864 0.7032215568862275
0.6904796380090498 0.6395988023952095
0.7611809954751131 0.531065868263473
0.8092579185520362 0.4300179640718562
0.8743031674208145 0.30651497005988015
0.416158371040724 0.28031736526946105
0.46140723981900456 0.31399999999999995
0.5943257918552036 0.32148502994011974
0.6848235294117647 0.22792215568862273
0.7329004524886878 0.20172455089820351
0.7046199095022625 0.26534730538922147
0.622606334841629 0.32148502994011974
0.628262443438914 0.403820359281437
0.622606334841629 0.5160958083832334
0.5603891402714932 0.561005988023952
0.4896877828054299 0.561005988023952
0.4133303167420815 0.5535209580838323
0.3765656108597285 0.5497784431137724
0.3567692307692308 0.501125748502994
0.33131674208144796 0.4599580838323353
0.5745294117647058 0.6770239520958083
0.5123122171945702 0.7032215568862275
0.4133303167420815 0.7294191616766466
0.33131674208144796 0.7369041916167665
0.2181945701357466 0.7331616766467065
}
