version: 2
n_points: 55
{
0.2895945945945947 0.12072596153846149
0.43060810810810823 0.0810096153846155
0.5774864864864864 0.037115384615384744
0.6950000000000001 0.024572115384615338
0.8301351351351353 0.04338461538461539
0.9182702702702703 0.0893701923076923
0.9241351351351351 0.1729855769230769
0.9241351351351351 0.2649567307692307
0.9006351351351352 0.3569326923076924
0.8536351351351351 0.438451923076923
0.7831351351351351 0.5241538461538462
0.7537567567567568 0.6265817307692305
0.6773783783783784 0.7206442307692308
0.5951216216216216 0.7854423076923075
0.5246081081081081 0.8481490384615383
0.4599864864864863 0.9129519230769231
0.35422972972972966 0.9631201923076921
0.2249594594594594 0.9777499999999998
0.13683783783783787 0.9735673076923075
0.05458108108108095 0.9652067307692309
0.1544594594594596 0.4447211538461539
0.28371621621621623 0.3882836538461537
0.35422972972972966 0.30258173076923084
0.4834864864864864 0.24614423076923067
0.6421216216216216 0.1938894230769231
0.8007567567567567 0.14372115384615386
0.8360135135135134 0.1792548076923078
0.8242567567567568 0.25450480769230777
0.7889999999999999 0.32348557692307706
0.7655000000000001 0.4070961538461538
0.7478783783783785 0.4802596153846154
0.7537567567567568 0.5429663461538462
0.6950000000000001 0.6035865384615386
0.6068648648648649 0.6516634615384618
0.5128648648648648 0.7164615384615385
0.13095945945945953 0.47189903846153836
0.21321621621621611 0.5325144230769232
0.21909459459459446 0.6056778846153846
0.13683783783783787 0.6683846153846154
0.1544594594594596 0.6955576923076925
0.23083783783783773 0.6809278846153848
0.27197297297297307 0.6244903846153846
0.4012297297297298 0.6182163461538465
0.4834864864864864 0.5910432692307693
0.5363648648648649 0.5555096153846156
0.5892432432432433 0.496980769230769
0.5716216216216216 0.44681250000000006
0.4834864864864864 0.41545673076923084
0.39535135135135135 0.4029182692307693
0.28371621621621623 0.4050096153846155
0.7067567567567568 0.43218269230769235
0.7008783783783783 0.36737980769230777
0.6597432432432433 0.315125
0.6421216216216216 0.275408653846154
0.6186216216216217 0.22942307692307706
}
