version: 2
n_points: 55
{
0.7829843750000002 0.8009222222222225
0.876734375 0.6787000000000003
0.947046875 0.5231444444444447
0.970484375 0.3398111111111114
0.915796875 0.13425555555555585
0.8298593750000002 0.06758888888888918
0.7595468750000002 0.05647777777777808
0.6892343750000001 0.07175555555555585
0.6154531249999999 0.08564444444444475
0.53515625 0.13194444444444445
0.46571354166666656 0.19675555555555585
0.3984375 0.2662000000000003
0.33333333333333337 0.33564444444444475
0.2660572916666668 0.4236111111111111
0.21397395833333344 0.5115777777777775
0.1488697916666668 0.6226888888888886
0.10764062499999982 0.7013888888888888
0.0707447916666668 0.7800888888888892
0.05338541666666663 0.8449111111111108
0.025171875000000177 0.9375
0.5829010416666665 0.7708333333333334
0.6675364583333332 0.7060222222222219
0.7565104166666666 0.6226888888888886
0.8389739583333333 0.5069444444444444
0.8541666666666666 0.3541666666666667
0.8389739583333333 0.18286666666666695
0.7565104166666666 0.19675555555555585
0.6762135416666668 0.19213333333333305
0.6111093750000001 0.19675555555555585
0.5373281249999999 0.2152777777777778
0.4722239583333332 0.25231111111111143
0.40711979166666656 0.33564444444444475
0.3572031250000002 0.42824444444444415
0.3181406250000002 0.5254666666666664
0.2769114583333332 0.6458333333333334
0.5308177083333332 0.8865777777777775
0.44834895833333344 0.8402777777777778
0.3615468749999998 0.8541666666666666
0.3029531249999998 0.9282444444444441
0.2573802083333332 0.9467555555555559
0.31380208333333337 0.8495333333333336
0.3810781249999998 0.7430555555555556
0.38975520833333344 0.6041666666666666
0.40928645833333344 0.46064444444444475
0.47005208333333337 0.3402777777777778
0.5416666666666667 0.31713333333333305
0.5959218749999999 0.32175555555555585
0.6263020833333333 0.40508888888888916
0.6284739583333332 0.5300888888888892
0.6371510416666668 0.7060222222222219
0.5807291666666667 0.2337999999999997
0.6414947916666665 0.2384222222222225
0.7131093749999999 0.2708333333333333
0.7760416666666666 0.3125
0.8172760416666666 0.3912000000000003
}
