version: 2
n_points: 55
{
0.2865384615384615 0.1724413145539907
0.4687230769230767 0.10078403755868537
0.5982769230769227 0.05136619718309847
0.695446153846154 0.02665727699530515
0.8573923076923078 0.06619248826291074
0.9302615384615383 0.12796713615023478
0.9586000000000003 0.2119765258215963
0.9545538461538461 0.3034037558685446
0.8938230769230769 0.39730046948356806
0.8776307692307691 0.4936666666666667
0.8169 0.6023896713615025
0.7521230769230766 0.7012300469483569
0.6671076923076926 0.7852441314553991
0.5658923076923079 0.8544272300469483
0.4646769230769232 0.9087887323943662
0.34726923076923066 0.9359718309859153
0.2501000000000002 0.9680938967136148
0.1488846153846155 0.9804507042253522
0.0841076923076921 0.9755070422535213
0.03147692307692296 0.9755070422535213
0.3125923076923073 0.37849765258215967
0.34603846153846163 0.31114084507042267
0.4129230769230765 0.2682723004694835
0.5232923076923078 0.22540845070422535
0.6303153846153848 0.1784600938967136
0.7038923076923075 0.16416901408450713
0.8075769230769232 0.18050234741784038
0.834330769230769 0.24377934272300475
0.8577384615384613 0.3376760563380282
0.8075769230769232 0.4132018779342723
0.7741307692307688 0.5030140845070422
0.7339923076923076 0.572417840375587
0.6871692307692308 0.637737089201878
0.6303153846153848 0.6601877934272301
0.5701153846153847 0.7193849765258216
0.15874615384615343 0.4295305164319249
0.1855000000000001 0.49484976525821606
0.21560000000000012 0.5805821596244131
0.16209230769230776 0.6581502347417839
0.09854615384615417 0.7418403755868545
0.2222923076923079 0.7030563380281689
0.2891769230769228 0.6601877934272301
0.4129230769230765 0.6499859154929578
0.5333230769230769 0.5867042253521128
0.5567384615384614 0.5152629107981219
0.5400153846153846 0.44585915492957756
0.5032230769230768 0.4050375586854461
0.46978461538461536 0.3682957746478873
0.40957692307692306 0.35400469483568087
0.3493769230769229 0.3458403755868544
0.7975384615384611 0.38258215962441317
0.7875076923076921 0.31317840375586853
0.7507153846153843 0.2723568075117371
0.7139307692307695 0.23357276995305154
0.7005538461538462 0.19478873239436623
}
