version: 2
n_points: 55
{
0.15942028985507245 0.7953488372093023
0.08405797101449275 0.6697674418604651
0.03188405797101449 0.5255813953488372
0.014492753623188406 0.344186046511628
0.0463768115942029 0.19999999999999996
0.11014492753623188 0.08837209302325577
0.20869565217391303 0.023255813953488413
0.3391304347826087 0.027906976744186074
0.4579710144927536 0.08372093023255811
0.5594202898550724 0.13953488372093026
0.6550724637681159 0.20465116279069773
0.7130434782608696 0.26046511627906976
0.7739130434782608 0.32558139534883723
0.8318840579710145 0.4186046511627908
0.8927536231884058 0.49302325581395356
0.9420289855072463 0.5953488372093023
0.9768115942028985 0.7162790697674418
0.9855072463768116 0.8093023255813954
0.9826086956521739 0.8930232558139535
0.9826086956521739 0.9767441860465116
0.4144927536231884 0.627906976744186
0.3565217391304348 0.6697674418604651
0.26956521739130435 0.6511627906976745
0.19420289855072465 0.6325581395348837
0.14202898550724638 0.5767441860465117
0.11594202898550725 0.4790697674418605
0.1246376811594203 0.4
0.1681159420289855 0.26046511627906976
0.2 0.18604651162790697
0.2782608695652174 0.172093023255814
0.3710144927536232 0.18604651162790697
0.45217391304347826 0.21395348837209305
0.5507246376811594 0.241860465116279
0.6231884057971014 0.3069767441860465
0.6956521739130435 0.4790697674418605
0.46956521739130436 0.8697674418604651
0.518840579710145 0.8558139534883721
0.5739130434782609 0.8651162790697674
0.6202898550724638 0.9023255813953488
0.6811594202898551 0.9395348837209302
0.6753623188405797 0.8186046511627907
0.6260869565217392 0.7255813953488373
0.6231884057971014 0.6046511627906976
0.6173913043478261 0.5116279069767442
0.5826086956521739 0.44651162790697674
0.5130434782608696 0.4
0.4318840579710145 0.40930232558139534
0.36231884057971014 0.4511627906976744
0.3217391304347826 0.5441860465116279
0.30434782608695654 0.6511627906976745
0.6144927536231884 0.3534883720930233
0.5594202898550724 0.3162790697674418
0.47246376811594204 0.2790697674418605
0.4057971014492754 0.25116279069767444
0.3333333333333333 0.20465116279069773
}
