version: 2
n_points: 55
{
0.7998894736842105 0.9386578947368417
0.8862052631578947 0.7491842105263157
0.9556789473684211 0.5912894736842104
0.9704157894736842 0.4176052631578955
0.9346263157894736 0.24918421052631565
0.8672578947368421 0.1807631578947376
0.7619947368421053 0.15444736842105336
0.6630473684210527 0.12286842105263113
0.5641 0.07023684210526271
0.4567315789473684 0.08076315789473729
0.36831052631578953 0.12286842105263113
0.292521052631579 0.170236842105263
0.2083105263157895 0.27549999999999986
0.14725789473684214 0.35971052631578904
0.10515263157894739 0.45444736842105277
0.06725789473684207 0.5228684210526323
0.039889473684210586 0.6070789473684215
0.025152631578947315 0.7018157894736837
0.03778421052631564 0.8123421052631586
0.04831052631578936 0.8965526315789478
0.5556789473684212 0.791289473684211
0.6314684210526316 0.7965526315789475
0.7367315789473684 0.7807631578947364
0.8167315789473684 0.6228684210526311
0.8609421052631578 0.49128947368421005
0.8756789473684211 0.3702368421052636
0.8588368421052632 0.2439210526315791
0.7998894736842105 0.21760526315789488
0.7198894736842105 0.1965526315789472
0.6398894736842106 0.17549999999999955
0.5493631578947368 0.15444736842105336
0.46094210526315793 0.14918421052631534
0.3662052631578948 0.21234210526315833
0.3030473684210526 0.27549999999999986
0.23357368421052627 0.31234210526315864
0.5177842105263157 0.864973684210527
0.4841000000000001 0.7860263157894745
0.39778421052631585 0.7807631578947364
0.3283105263157894 0.8386578947368428
0.2651526315789473 0.8807631578947367
0.292521052631579 0.7860263157894745
0.3219947368421052 0.7070789473684218
0.3388368421052631 0.5807631578947373
0.36831052631578953 0.41234210526315745
0.4041 0.30181578947368404
0.47357368421052637 0.27549999999999986
0.5430473684210526 0.3702368421052636
0.5914684210526315 0.49128947368421005
0.6314684210526316 0.6176052631578945
0.6440999999999999 0.728131578947368
0.5788368421052632 0.20181578947368375
0.6419947368421053 0.2702368421052633
0.7030473684210528 0.32286842105263175
0.7514684210526316 0.35444736842105246
0.8019947368421053 0.3860263157894732
}
