version: 2
n_points: 55
{
0.8235502958579882 0.1328593750000001
0.9104585798816569 0.26632291666666674
0.9807248520710059 0.37048958333333337
0.9825739644970415 0.5950989583333335
0.9603846153846154 0.7448385416666667
0.9215532544378698 0.8587708333333334
0.8679289940828403 0.9368958333333334
0.7828698224852071 0.9694479166666667
0.705207100591716 0.9629375000000001
0.6404881656804734 0.9336406250000001
0.5813165680473373 0.8750468750000001
0.5055029585798817 0.8131979166666667
0.4056508875739645 0.7578593750000001
0.33168639053254445 0.7057760416666667
0.24477810650887577 0.6341614583333335
0.14492603550295857 0.5299947916666667
0.07096153846153852 0.39327604166666674
0.013639053254437927 0.24353645833333337
0.03952662721893496 0.09379687500000011
0.12643491124260364 0.022182291666666742
0.5813165680473373 0.2207500000000001
0.705207100591716 0.27608854166666674
0.8235502958579882 0.3379375000000001
0.8956656804733728 0.3965312500000001
0.9307988165680474 0.5495260416666667
0.9252514792899409 0.7025208333333335
0.8864201183431953 0.8099427083333334
0.8272485207100593 0.8913229166666667
0.7403402366863906 0.8880677083333334
0.6682248520710059 0.8717916666666667
0.5961094674556213 0.8066875000000001
0.5128994082840237 0.7155416666666667
0.4278402366863906 0.6960104166666667
0.3335355029585799 0.611375
0.2651183431952663 0.49093229166666674
0.6053550295857988 0.15890104166666674
0.5572781065088758 0.20772916666666674
0.4148964497041421 0.25655729166666674
0.363121301775148 0.18819791666666674
0.2725147928994083 0.09705208333333337
0.31874260355029593 0.15564583333333337
0.3427810650887574 0.26306770833333337
0.32983727810650887 0.35095833333333337
0.37051775147929 0.4453593750000001
0.4407840236686391 0.5267395833333335
0.4907100591715977 0.5267395833333335
0.5720710059171599 0.4453593750000001
0.6238461538461539 0.39002083333333337
0.6552810650887575 0.32166145833333337
0.6885650887573964 0.26306770833333337
0.5406360946745563 0.7025208333333335
0.5887130177514793 0.7057760416666667
0.649733727810651 0.7025208333333335
0.7255473372781065 0.7057760416666667
0.8253994082840237 0.6569479166666667
}
