version: 2
n_points: 55
{
0.9294137931034484 0.2488591549295776
0.7430172413793104 0.14607746478873235
0.5566206896551723 0.0680422535211268
0.3702413793103446 0.041394366197183
0.21179310344827595 0.09278169014084515
0.16520689655172402 0.16130281690140846
0.14656896551724147 0.24695070422535217
0.1232586206896552 0.32879577464788745
0.11394827586206888 0.4258661971830987
0.09996551724137934 0.5172253521126763
0.09531034482758631 0.6066760563380283
0.12791379310344822 0.7056478873239437
0.1885000000000001 0.7951056338028167
0.24906896551724134 0.8503028169014084
0.3282931034482758 0.897887323943662
0.4214827586206896 0.9264366197183097
0.5473103448275862 0.9473732394366197
0.6498275862068965 0.962598591549296
0.7430172413793104 0.9664014084507041
0.8595172413793104 0.9606971830985914
0.7709827586206899 0.5077042253521127
0.7290344827586206 0.42966901408450686
0.631189655172414 0.3059577464788734
0.5333275862068965 0.21459859154929586
0.3515862068965517 0.17082394366197187
0.22112068965517245 0.18033802816901412
0.1978275862068966 0.25076056338028174
0.18384482758620685 0.3402183098591548
0.1791724137931034 0.4068309859154928
0.1791724137931034 0.4791549295774649
0.1698620689655173 0.5438661971830985
0.17451724137931035 0.6047746478873238
0.20248275862068965 0.656161971830986
0.2537413793103448 0.7037464788732396
0.29101724137931045 0.7399084507042254
0.8129137931034482 0.5210281690140844
0.7337068965517243 0.5819366197183098
0.7523448275862068 0.6542605633802815
0.7942758620689657 0.699943661971831
0.8175689655172416 0.7399084507042254
0.7057413793103448 0.7303943661971831
0.6591379310344826 0.6923309859154928
0.5659482758620688 0.677098591549296
0.3981896551724138 0.6428450704225351
0.3236379310344828 0.6047746478873238
0.384206896551724 0.5286408450704226
0.4308103448275861 0.4943802816901408
0.48206896551724154 0.4563169014084509
0.5566206896551723 0.4429929577464787
0.668465517241379 0.42966901408450686
0.21179310344827595 0.46583098591549316
0.26772413793103456 0.39540845070422553
0.3329482758620691 0.33259859154929566
0.41682758620689636 0.28882394366197167
0.46343103448275846 0.239338028169014
}
