version: 2
n_points: 55
{
0.6436582278481011 0.16805128205128195
0.47043037974683527 0.10327179487179475
0.390493670886076 0.051989743589743474
0.2838987341772152 0.030399999999999986
0.1706329113924051 0.0654871794871794
0.12400000000000008 0.1302615384615385
0.1106708860759493 0.19773846153846167
0.07070886075949365 0.27331282051282046
0.08402531645569628 0.3650820512820511
0.1106708860759493 0.4325589743589743
0.08402531645569628 0.4973333333333334
0.08402531645569628 0.5648102564102563
0.07794936708860761 0.6403846153846153
0.09996202531645576 0.7184205128205128
0.17150632911392413 0.8031487179487181
0.2650632911392405 0.876728205128205
0.43017721518987334 0.9436153846153846
0.6283037974683544 0.9770615384615386
0.7879113924050634 0.9659128205128202
0.9420000000000001 0.9726051282051282
0.6833417721518988 0.40181025641025647
0.6613291139240507 0.31262564102564094
0.6503164556962026 0.2390461538461537
0.5237341772151899 0.19668205128205132
0.40816455696202536 0.15877948717948712
0.3421139240506329 0.1431692307692308
0.17701265822784804 0.15877948717948712
0.17701265822784804 0.2100615384615384
0.17150632911392413 0.26803076923076935
0.17150632911392413 0.33937948717948707
0.15500000000000005 0.41072820512820507
0.11096202531645577 0.47762051282051293
0.09996202531645576 0.5467384615384614
0.09445569620253169 0.6091692307692308
0.2375443037974684 0.6849794871794873
0.6943417721518989 0.44640512820512807
0.6338101265822784 0.4843076923076923
0.6172911392405063 0.5489692307692307
0.6448101265822784 0.6069384615384615
0.6393037974683544 0.6582205128205129
0.5732658227848103 0.6448461538461538
0.545746835443038 0.5779538461538463
0.3751392405063291 0.5779538461538463
0.2540632911392405 0.5980205128205127
0.28707594936708863 0.5489692307692307
0.358632911392405 0.48653846153846153
0.40816455696202536 0.4508615384615385
0.4962151898734176 0.419651282051282
0.5677594936708862 0.3995794871794872
0.6227974683544303 0.3416102564102563
0.19351898734177211 0.3772871794871796
0.22654430379746843 0.3304615384615385
0.2540632911392405 0.29255897435897427
0.2925822784810127 0.26357435897435894
0.3256075949367088 0.2100615384615384
}
