version: 2
n_points: 55
{
0.33222666666666634 0.07914093959731526
0.4744400000000003 0.04558389261744948
0.6122266666666663 0.034395973154362415
0.75444 0.06571812080536894
0.8611066666666667 0.1417785234899329
0.9144399999999999 0.22231543624161074
0.9277733333333333 0.30956375838926176
0.9233333333333333 0.39681208053691275
0.8877733333333333 0.4549798657718119
0.8566666666666667 0.526563758389262
0.8255600000000001 0.5981543624161074
0.8033333333333333 0.6607919463087251
0.78556 0.7189597315436241
0.74556 0.7950201342281881
0.6699999999999999 0.8643758389261743
0.5722266666666663 0.9091140939597318
0.4255599999999996 0.9516241610738253
0.2566666666666667 0.9672818791946308
0.1455599999999997 0.9449127516778522
0.061106666666666976 0.9068791946308725
0.27444000000000035 0.4057583892617451
0.32333333333333336 0.3296979865771812
0.39 0.2335033557046978
0.4744400000000003 0.16191275167785235
0.5677733333333337 0.11493288590604027
0.6877733333333333 0.11493288590604027
0.7722266666666667 0.17085906040268475
0.8211066666666667 0.22679194630872465
0.83444 0.28942953020134227
0.8433333333333333 0.35877852348993305
0.8166666666666667 0.4236577181208054
0.7766666666666666 0.5041946308724832
0.7366666666666667 0.5780201342281879
0.71 0.6451342281879194
0.638893333333333 0.7167248322147649
0.278893333333333 0.4281342281879193
0.34555999999999965 0.4974832214765101
0.33666666666666667 0.5556510067114092
0.22999999999999998 0.6138120805369129
0.24777333333333373 0.6585570469798657
0.31889333333333303 0.6563221476510065
0.3766666666666667 0.625
0.45666666666666667 0.6317114093959731
0.5811066666666671 0.6003892617449667
0.6255599999999997 0.5399865771812082
0.6166666666666667 0.486295302013423
0.5855599999999996 0.44826845637583873
0.5233333333333333 0.41471140939597295
0.41666666666666663 0.3856241610738257
0.34555999999999965 0.3677315436241609
0.7633333333333333 0.4616912751677851
0.70556 0.40128859060402666
0.6699999999999999 0.3028523489932886
0.63 0.23573825503355705
0.55 0.16191275167785235
}
