version: 2
n_points: 55
{
0.11090666666666664 0.6303333333333331
0.05535333333333332 0.476215053763441
0.037573333333333306 0.32567741935483885
0.0775733333333333 0.19664516129032272
0.14868666666666666 0.10345161290322558
0.24424000000000015 0.0783655913978496
0.3553533333333333 0.06403225806451596
0.4531333333333335 0.0998709677419356
0.5375733333333335 0.1679677419354837
0.6153533333333333 0.22890322580645173
0.6931333333333335 0.28266666666666684
0.7642400000000001 0.3328494623655912
0.8242400000000002 0.41169892473118286
0.8686866666666666 0.47979569892473095
0.9042400000000002 0.5514838709677421
0.9353533333333334 0.6518387096774192
0.9664666666666668 0.7450322580645162
0.9709066666666668 0.8023763440860213
0.9709066666666668 0.8776451612903223
0.9553533333333333 0.9493333333333335
0.39980000000000016 0.7414516129032263
0.3153533333333333 0.6840967741935482
0.2375733333333335 0.6303333333333331
0.18424000000000015 0.5729892473118281
0.14201999999999998 0.486967741935484
0.12423999999999998 0.36868817204301085
0.16423999999999997 0.21815053763440873
0.22646666666666684 0.18231182795698908
0.2953533333333333 0.1572150537634407
0.38424000000000014 0.1464623655913977
0.4753533333333333 0.2002258064516127
0.5153533333333333 0.2683333333333331
0.58202 0.2969999999999998
0.6442400000000001 0.33643010752688185
0.72202 0.46188172043010733
0.4353533333333333 0.7557849462365592
0.5064666666666668 0.7378602150537632
0.5709066666666668 0.7271075268817202
0.6153533333333333 0.7916236559139783
0.6864666666666669 0.8167204301075274
0.6686866666666667 0.7522043010752693
0.6309066666666668 0.6697634408602152
0.6442400000000001 0.5909139784946235
0.6286866666666666 0.49054838709677395
0.60202 0.43678494623655895
0.5398000000000002 0.40452688172042994
0.4753533333333333 0.42603225806451595
0.40424000000000015 0.501301075268817
0.37090666666666683 0.5837419354838711
0.3531333333333335 0.6625913978494622
0.48202 0.2683333333333331
0.3975733333333335 0.2862473118279567
0.33535333333333334 0.3113440860215052
0.24201999999999999 0.3507634408602148
0.18646666666666684 0.38302150537634394
}
