version: 2
n_points: 55
{
0.8002755102040817 0.17725517241379307
0.8844149659863945 0.3442206896551725
0.9596020408163265 0.5039310344827586
0.9828741496598639 0.681793103448276
0.9399081632653062 0.8451310344827587
0.8629319727891156 0.9249862068965516
0.7770034013605442 0.9612827586206896
0.6946530612244899 0.9649103448275862
0.6284149659863947 0.9540206896551724
0.5442789115646258 0.9358758620689656
0.472670068027211 0.9068344827586208
0.4010612244897961 0.8741655172413793
0.3133435374149661 0.8160896551724137
0.23636394557823126 0.7543862068965517
0.1737074829931975 0.6200827586206896
0.1235816326530611 0.5257103448275863
0.07703741496598637 0.4349655172413792
0.03407482993197286 0.31518620689655175
0.021540816326530488 0.188144827586207
0.016170068027210993 0.028434482758620594
0.5138435374149661 0.22081379310344829
0.6158843537414966 0.26073793103448273
0.7304557823129252 0.34059310344827587
0.7913231292517007 0.420448275862069
0.8468197278911563 0.5220827586206896
0.8951530612244898 0.616455172413793
0.877251700680272 0.7434965517241379
0.8324965986394559 0.8378689655172414
0.7590986394557824 0.8487586206896551
0.6588503401360544 0.8415034482758621
0.5675510204081633 0.8124620689655171
0.5048945578231292 0.8378689655172414
0.4440272108843537 0.8342413793103448
0.379578231292517 0.7797931034482758
0.32945578231292527 0.6600137931034482
0.5174251700680274 0.16636551724137927
0.4529761904761903 0.23169655172413794
0.4064319727891156 0.23169655172413794
0.3759999999999999 0.1845103448275861
0.3079727891156462 0.15910344827586198
0.3169217687074828 0.2680000000000001
0.39031972789115654 0.3551103448275863
0.397482993197279 0.4349655172413792
0.38674149659863943 0.554751724137931
0.42075510204081634 0.6563793103448277
0.4655102040816327 0.7217172413793104
0.5281666666666667 0.6672689655172412
0.585452380952381 0.5801586206896552
0.6248367346938776 0.4640068965517242
0.6481088435374149 0.31518620689655175
0.597982993197279 0.7979448275862069
0.6624285714285715 0.7580137931034483
0.7429897959183674 0.7072
0.8002755102040817 0.6491241379310344
0.8378673469387756 0.5837862068965518
}
