version: 2
n_points: 55
{
0.8613797468354427 0.17402352941176472
0.6945189873417724 0.09915882352941192
0.5391645569620253 0.03765882352941169
0.32053164556962027 0.029635294117647124
0.17668354430379782 0.08845882352941183
0.09037974683544286 0.1900647058823528
0.06736708860759497 0.30236470588235287
0.07887341772151892 0.40129411764705897
0.09612658227848093 0.4868588235294119
0.11339240506329148 0.551029411764706
0.13640506329113938 0.6152
0.16517721518987313 0.6686764705882353
0.18818987341772175 0.7301705882352942
0.22846835443037947 0.7943411764705883
0.25724050632911394 0.8478176470588237
0.32053164556962027 0.901294117647059
0.4413544303797471 0.9414
0.6091139240506329 0.9708117647058824
0.7594303797468355 0.952429411764706
0.854367088607595 0.8825764705882354
0.7633797468354433 0.44507647058823535
0.7792025316455699 0.34581176470588243
0.75546835443038 0.24103529411764704
0.6565822784810127 0.1766941176470589
0.5141772151898735 0.13257647058823535
0.39945569620253185 0.10132941176470588
0.23331645569620274 0.12890000000000007
0.1779367088607597 0.20427058823529412
0.1937594936708863 0.27044705882352943
0.18981012658227853 0.35868235294117645
0.20167088607594957 0.44875294117647063
0.2056329113924051 0.5278
0.22540506329113943 0.6050058823529412
0.25310126582278486 0.6693411764705883
0.2886962025316458 0.7465470588235295
0.9374303797468356 0.44507647058823535
0.8701898734177216 0.4726529411764706
0.7515189873417722 0.5829470588235294
0.7792025316455699 0.639929411764706
0.7871139240506331 0.7005941176470588
0.6684430379746837 0.6914
0.6012025316455697 0.6362529411764707
0.5023037974683546 0.6215470588235295
0.44297468354430386 0.5847823529411765
0.42715189873417725 0.5333117647058824
0.45088607594936714 0.4726529411764706
0.5220886075949368 0.43588823529411763
0.5814177215189875 0.40831176470588243
0.6605316455696204 0.3917705882352941
0.7594303797468355 0.3770647058823529
0.24913924050632932 0.42485882352941173
0.3084810126582279 0.353164705882353
0.3678101265822787 0.29250588235294117
0.3915443037974686 0.2244882352941177
0.3955063291139241 0.15463529411764712
}
