version: 2
n_points: 55
{
0.7147925311203319 0.12907033639143736
0.5951908713692945 0.053516819571865444
0.4145726141078837 0.017538226299694232
0.2534771784232366 0.02113761467889919
0.12167634854771789 0.07690214067278302
0.04600829875518681 0.17584097859327216
0.021601659751037415 0.2819755351681958
0.043568464730290454 0.39530581039755347
0.07285892116182584 0.490645259938838
0.10458921161825734 0.5769908256880736
0.17537344398340243 0.6723333333333332
0.2852074688796681 0.7604770642201836
0.37795850622406646 0.8162446483180429
0.47314937759336095 0.8630152905198777
0.590311203319502 0.904388379204893
0.6928257261410788 0.9709480122324159
0.834390041493776 0.9853394495412845
0.9295809128630705 0.9457645259938837
0.9832821576763485 0.8881987767584099
0.9735186721991703 0.8342324159021406
0.5939792531120331 0.4323516819571866
0.5874273858921162 0.3357798165137613
0.5503029045643153 0.24081957186544356
0.5131742738589212 0.17160856269113145
0.4039834024896266 0.13137003058103966
0.29697095435684645 0.13941896024464842
0.18341078838174274 0.1796574923547402
0.12226141078838164 0.21184709480122324
0.10042323651452281 0.3100275229357799
0.12007883817427395 0.366360856269113
0.13317842323651455 0.4065993883792048
0.14628215767634864 0.4484495412844038
0.1615726141078839 0.485467889908257
0.18122406639004154 0.5273149847094801
0.21835269709543564 0.5691620795107033
0.7031742738589211 0.42913455657492355
0.6900705394190872 0.4902966360856269
0.670414937759336 0.5643333333333335
0.7555850622406639 0.6110091743119265
0.810182572614108 0.6673425076452599
0.672597510373444 0.6689541284403672
0.5983485477178423 0.6126207951070336
0.4957053941908713 0.6206666666666666
0.40179668049792544 0.5804281345565748
0.36030290456431546 0.5498470948012231
0.32973029045643143 0.5047828746177369
0.3340954356846473 0.4516666666666668
0.3908796680497925 0.40821100917431197
0.4694979253112033 0.37118960244648325
0.5699585062240664 0.3325626911314986
0.17904149377593362 0.440400611620795
0.1921452282157677 0.37762996941896027
0.20743153526970948 0.3068103975535168
0.22708713692946061 0.23599082568807334
0.25329460580912855 0.18931498470947997
}
