version: 2
n_points: 55
{
0.7998894736842105 0.06134210526315831
0.8862052631578947 0.2508157894736843
0.9556789473684211 0.40871052631578964
0.9704157894736842 0.5823947368421045
0.9346263157894736 0.7508157894736843
0.8672578947368421 0.8192368421052624
0.7619947368421053 0.8455526315789467
0.6630473684210527 0.8771315789473688
0.5641 0.9297631578947373
0.4567315789473684 0.9192368421052627
0.36831052631578953 0.8771315789473688
0.292521052631579 0.829763157894737
0.2083105263157895 0.7245000000000001
0.14725789473684214 0.640289473684211
0.10515263157894739 0.5455526315789472
0.06725789473684207 0.4771315789473677
0.039889473684210586 0.3929210526315785
0.025152631578947315 0.2981842105263163
0.03778421052631564 0.18765789473684136
0.04831052631578936 0.10344736842105218
0.5556789473684212 0.208710526315789
0.6314684210526316 0.2034473684210525
0.7367315789473684 0.21923684210526362
0.8167315789473684 0.37713157894736893
0.8609421052631578 0.50871052631579
0.8756789473684211 0.6297631578947365
0.8588368421052632 0.7560789473684209
0.7998894736842105 0.7823947368421051
0.7198894736842105 0.8034473684210528
0.6398894736842106 0.8245000000000005
0.5493631578947368 0.8455526315789467
0.46094210526315793 0.8508157894736846
0.3662052631578948 0.7876578947368417
0.3030473684210526 0.7245000000000001
0.23357368421052627 0.6876578947368414
0.5177842105263157 0.135026315789473
0.4841000000000001 0.21397368421052554
0.39778421052631585 0.21923684210526362
0.3283105263157894 0.16134210526315718
0.2651526315789473 0.11923684210526331
0.292521052631579 0.21397368421052554
0.3219947368421052 0.2929210526315782
0.3388368421052631 0.4192368421052627
0.36831052631578953 0.5876578947368425
0.4041 0.698184210526316
0.47357368421052637 0.7245000000000001
0.5430473684210526 0.6297631578947365
0.5914684210526315 0.50871052631579
0.6314684210526316 0.38239473684210545
0.6440999999999999 0.271868421052632
0.5788368421052632 0.7981842105263163
0.6419947368421053 0.7297631578947368
0.7030473684210528 0.6771315789473682
0.7514684210526316 0.6455526315789475
0.8019947368421053 0.6139736842105268
}
