version: 2
n_points: 55
{
0.2001105263157895 0.06134210526315831
0.11379473684210524 0.2508157894736843
0.04432105263157898 0.40871052631578964
0.029584210526315765 0.5823947368421045
0.06537368421052635 0.7508157894736843
0.1327421052631579 0.8192368421052624
0.23800526315789475 0.8455526315789467
0.3369526315789473 0.8771315789473688
0.4359 0.9297631578947373
0.5432684210526316 0.9192368421052627
0.6316894736842105 0.8771315789473688
0.707478947368421 0.829763157894737
0.7916894736842105 0.7245000000000001
0.8527421052631579 0.640289473684211
0.8948473684210526 0.5455526315789472
0.9327421052631579 0.4771315789473677
0.9601105263157894 0.3929210526315785
0.9748473684210527 0.2981842105263163
0.9622157894736844 0.18765789473684136
0.9516894736842106 0.10344736842105218
0.4443210526315789 0.208710526315789
0.3685315789473684 0.2034473684210525
0.2632684210526316 0.21923684210526362
0.18326842105263158 0.37713157894736893
0.13905789473684213 0.50871052631579
0.12432105263157892 0.6297631578947365
0.14116315789473682 0.7560789473684209
0.2001105263157895 0.7823947368421051
0.2801105263157895 0.8034473684210528
0.36011052631578944 0.8245000000000005
0.4506368421052632 0.8455526315789467
0.5390578947368421 0.8508157894736846
0.6337947368421052 0.7876578947368417
0.6969526315789474 0.7245000000000001
0.7664263157894737 0.6876578947368414
0.48221578947368426 0.135026315789473
0.5158999999999999 0.21397368421052554
0.6022157894736841 0.21923684210526362
0.6716894736842106 0.16134210526315718
0.7348473684210527 0.11923684210526331
0.707478947368421 0.21397368421052554
0.6780052631578948 0.2929210526315782
0.6611631578947369 0.4192368421052627
0.6316894736842105 0.5876578947368425
0.5959 0.698184210526316
0.5264263157894736 0.7245000000000001
0.45695263157894733 0.6297631578947365
0.40853157894736847 0.50871052631579
0.3685315789473684 0.38239473684210545
0.35590000000000005 0.271868421052632
0.4211631578947368 0.7981842105263163
0.35800526315789466 0.7297631578947368
0.2969526315789473 0.6771315789473682
0.24853157894736844 0.6455526315789475
0.1980052631578947 0.6139736842105268
}
