version: 2
n_points: 55
{
0.8458231707317072 0.07295238095238099
0.9195 0.21846031746031802
0.9677743902439023 0.3375079365079371
0.9652317073170732 0.5160793650793656
0.8839329268292682 0.7012698412698414
0.8026341463414635 0.7144920634920631
0.7162499999999998 0.7607936507936509
0.6374878048780488 0.8004761904761906
0.5561890243902438 0.8930634920634917
0.487591463414634 0.9062857142857144
0.40882926829268296 0.9195238095238096
0.33260975609756094 0.9062857142857144
0.2513109756097559 0.853380952380952
0.175091463414634 0.7806349206349208
0.12935975609756079 0.7211111111111113
0.0887073170731707 0.6615873015873017
0.05314024390243888 0.5888253968253969
0.030274390243902327 0.502857142857142
0.030274390243902327 0.39041269841269843
0.04551829268292673 0.2978253968253973
0.5765121951219512 0.17215873015873018
0.6400304878048779 0.1655555555555548
0.7086280487804877 0.11925396825396883
0.761981707317073 0.1523174603174604
0.8305792682926828 0.3176666666666672
0.8585243902439025 0.4234920634920627
0.8585243902439025 0.5888253968253969
0.8026341463414635 0.6748095238095234
0.7264146341463416 0.6814285714285715
0.6374878048780488 0.7144920634920631
0.5739756097560975 0.7806349206349208
0.4926707317073171 0.8401587301587303
0.41391463414634144 0.8467619047619048
0.3275304878048779 0.7938571428571425
0.25385365853658537 0.7144920634920631
0.5307804878048781 0.1589365079365085
0.4723475609756096 0.19200000000000006
0.4062926829268293 0.2515238095238096
0.3503963414634145 0.20523809523809444
0.2817987804878047 0.1523174603174604
0.2817987804878047 0.2713650793650795
0.3402317073170732 0.3507301587301588
0.3427743902439023 0.5491428571428572
0.3910487804878049 0.6615873015873017
0.44440243902439025 0.7277142857142858
0.5053780487804878 0.6748095238095234
0.5536463414634146 0.5623809523809515
0.5815975609756098 0.46977777777777785
0.6044634146341463 0.35734920634920686
0.6197073170731708 0.21846031746031802
0.5968414634146342 0.707873015873016
0.6603536585365855 0.6483492063492065
0.7137073170731707 0.5557619047619053
0.7772256097560974 0.47639682539682593
0.8153353658536584 0.4168730158730164
}
