version: 2
n_points: 55
{
0.8014981273408239 0.7787610619469026
0.8951310861423221 0.6460176991150443
0.9700374531835206 0.4778761061946903
0.9812734082397003 0.30973451327433627
0.9400749063670412 0.20353982300884957
0.8651685393258427 0.12389380530973451
0.7865168539325843 0.07964601769911504
0.7265917602996255 0.07079646017699115
0.6666666666666667 0.05309734513274336
0.599250936329588 0.04424778761061947
0.5280898876404494 0.04424778761061947
0.47565543071161054 0.07964601769911504
0.43071161048689144 0.11504424778761062
0.37827715355805247 0.1504424778761062
0.30711610486891383 0.19469026548672566
0.2247191011235955 0.2743362831858407
0.14232209737827717 0.40707964601769914
0.05992509363295884 0.5486725663716814
0.01872659176029967 0.7610619469026548
0.05243445692883897 0.9557522123893806
0.7003745318352059 0.7787610619469026
0.8014981273408239 0.6991150442477876
0.8651685393258427 0.5929203539823009
0.9063670411985019 0.46017699115044247
0.9101123595505618 0.3008849557522124
0.8539325842696629 0.22123893805309736
0.797752808988764 0.168141592920354
0.7378277153558053 0.1592920353982301
0.6816479400749064 0.12389380530973451
0.6179775280898876 0.08849557522123894
0.5692883895131087 0.09734513274336283
0.5093632958801498 0.10619469026548672
0.45692883895131087 0.13274336283185842
0.4157303370786517 0.18584070796460178
0.348314606741573 0.2743362831858407
0.550561797752809 0.9026548672566371
0.50187265917603 0.8584070796460177
0.44569288389513106 0.7787610619469026
0.38576779026217234 0.8230088495575221
0.3258426966292135 0.831858407079646
0.3595505617977528 0.7256637168141593
0.40823970037453183 0.5929203539823009
0.40074906367041196 0.46017699115044247
0.44194756554307113 0.35398230088495575
0.4719101123595506 0.2831858407079646
0.5318352059925093 0.26548672566371684
0.5730337078651686 0.3274336283185841
0.6104868913857677 0.4247787610619469
0.6404494382022472 0.5221238938053098
0.6704119850187267 0.6194690265486725
0.7116104868913857 0.1592920353982301
0.7752808988764045 0.20353982300884957
0.8089887640449438 0.23008849557522124
0.8426966292134832 0.25663716814159293
0.8764044943820225 0.30973451327433627
}
