version: 2
n_points: 55
{
0.11710714285714273 0.42611428571428567
0.07001020408163255 0.5286857142857143
0.032729591836734795 0.6751999999999998
0.028801020408163173 0.7924190476190477
0.05823979591836745 0.8876571428571429
0.11514285714285706 0.9316095238095237
0.1877499999999999 0.9499238095238094
0.2780204081632654 0.9462666666666667
0.36436224489795926 0.9426000000000001
0.4251938775510205 0.9242857142857144
0.4958367346938777 0.9059714285714286
0.5861020408163264 0.8693428571428572
0.6645969387755101 0.8070666666666666
0.741127551020408 0.7118285714285713
0.8058826530612243 0.6422380952380953
0.8647551020408162 0.547
0.9334336734693877 0.4297809523809525
0.9785663265306122 0.2869238095238096
0.9707193877551019 0.16238095238095251
0.9432448979591835 0.04150476190476193
0.36239795918367335 0.40414285714285714
0.2780204081632654 0.47007619047619054
0.21130102040816337 0.5360095238095239
0.17205102040816317 0.6312476190476191
0.13869387755102053 0.7374761904761905
0.13280612244897946 0.7960761904761904
0.16812755102040802 0.8656761904761904
0.2544693877551019 0.8693428571428572
0.3408112244897958 0.8656761904761904
0.38987244897959195 0.8693428571428572
0.4428520408163264 0.8839904761904761
0.5115357142857144 0.8656761904761904
0.5704030612244897 0.8510285714285715
0.6194642857142856 0.7850952380952381
0.6783316326530611 0.6751999999999998
0.44677551020408157 0.33454285714285725
0.5174234693877552 0.352857142857143
0.5782551020408162 0.3821619047619048
0.6410459183673468 0.32721904761904763
0.7058061224489794 0.27226666666666666
0.6763673469387754 0.3675047619047619
0.607688775510204 0.4444285714285714
0.5900255102040816 0.5799619047619047
0.5762908163265305 0.6788666666666667
0.5233061224489796 0.7631142857142859
0.45659183673469395 0.7594476190476189
0.4094948979591838 0.7154952380952382
0.3761326530612244 0.645895238095238
0.3741734693877552 0.532342857142857
0.38398469387755113 0.4334476190476191
0.28329081632653047 0.8305333333333332
0.23864795918367335 0.8097047619047619
0.21951530612244885 0.7858952380952382
0.19241326530612257 0.7680380952380953
0.16530612244897946 0.7620857142857144
}
