version: 2
n_points: 55
{
0.8056823529411765 0.24735975609756103
0.7082 0.1532804878048779
0.5703882352941176 0.06617682926829274
0.4124117647058824 0.03132926829268279
0.2678705882352942 0.036560975609755984
0.18719999999999973 0.06965853658536572
0.13341176470588206 0.1393475609756098
0.09643529411764709 0.21774390243902428
0.07290588235294121 0.2978841463414635
0.06618823529411737 0.38150609756097564
0.1166117647058821 0.4755853658536584
0.17375294117647067 0.5592073170731706
0.23761176470588238 0.6515426829268294
0.30820000000000003 0.7438780487804877
0.38888235294117657 0.8013658536585364
0.47290588235294123 0.851890243902439
0.5703882352941176 0.907640243902439
0.6611411764705882 0.9389999999999998
0.7787882352941177 0.9738414634146341
0.9434941176470588 0.9546768292682928
0.7485411764705879 0.4024146341463413
0.6846705882352941 0.28742682926829255
0.6140823529411765 0.19160975609756084
0.5166117647058821 0.1236646341463415
0.4124117647058824 0.09579268292682915
0.29476470588235304 0.10798780487804865
0.2443411764705883 0.17941463414634132
0.2107294117647056 0.2421341463414633
0.18719999999999973 0.3292439024390243
0.2107294117647056 0.4180914634146342
0.25442352941176444 0.5069390243902437
0.30820000000000003 0.5801097560975609
0.3754352941176468 0.6585121951219511
0.46618823529411735 0.7212256097560976
0.6308941176470585 0.775231707317073
0.8124117647058824 0.386731707317073
0.7687058823529409 0.4564207317073171
0.7485411764705879 0.5592073170731706
0.8191294117647056 0.611469512195122
0.9098823529411761 0.7107743902439024
0.8056823529411765 0.6881280487804878
0.7283764705882351 0.6410853658536584
0.6477058823529412 0.6585121951219511
0.5603058823529409 0.6445731707317072
0.4964352941176471 0.5592073170731706
0.4998 0.512170731707317
0.519964705882353 0.4546768292682927
0.5804705882352938 0.4076402439024391
0.6241764705882353 0.362341463414634
0.6813176470588233 0.3292439024390243
0.30484705882352914 0.5069390243902437
0.30820000000000003 0.41286585365853645
0.3350941176470589 0.32401219512195106
0.3384588235294118 0.2351646341463415
0.3384588235294118 0.1532804878048779
}
