version: 2
n_points: 55
{
0.642012658227848 0.0963302752293578
0.48773417721518997 0.06192660550458716
0.3374177215189874 0.0533211009174313
0.18710126582278488 0.07052293577981662
0.11194936708860752 0.13073394495412843
0.06448101265822777 0.23680733944954138
0.07634177215189882 0.32281651376146797
0.09216455696202538 0.414559633027523
0.10798734177215197 0.5034403669724771
0.15545569620253172 0.5951834862385321
0.21874683544303805 0.698394495412844
0.32555696202531637 0.7757981651376148
0.4402658227848102 0.8474770642201835
0.5272911392405064 0.8962110091743121
0.6261898734177215 0.944954128440367
0.6894810126582278 0.9506880733944955
0.7527721518987341 0.9535504587155964
0.8081518987341771 0.9535504587155964
0.8753924050632912 0.9564220183486238
0.9465949367088609 0.9564220183486238
0.5668481012658229 0.4489633027522937
0.5905822784810127 0.3658256880733945
0.5984936708860761 0.25974311926605514
0.6024556962025316 0.19666972477064232
0.5549873417721518 0.15653211009174323
0.42444303797468363 0.11353211009174312
0.28203797468354436 0.10779816513761468
0.16336708860759502 0.14506422018348636
0.13172151898734186 0.24827522935779828
0.1356835443037974 0.3543577981651376
0.1712784810126583 0.43463302752293576
0.19106329113924042 0.5091743119266054
0.19897468354430373 0.555045871559633
0.2227088607594936 0.6209816513761469
0.2859999999999999 0.6525229357798165
0.7171645569620254 0.40309174311926615
0.6736582278481011 0.4805045871559633
0.6657468354430379 0.5722477064220184
0.732987341772152 0.6439174311926606
0.7250759493670886 0.6897889908256882
0.6301392405063292 0.6725871559633029
0.5628987341772151 0.6238532110091743
0.4560886075949368 0.6238532110091743
0.3809367088607594 0.6267155963302753
0.2899493670886077 0.5751100917431193
0.26226582278481003 0.4805045871559633
0.2899493670886077 0.4231651376146789
0.3888481012658227 0.40022935779816515
0.4640000000000001 0.37155963302752293
0.5510253164556963 0.34575229357798176
0.19106329113924042 0.3830275229357798
0.20292405063291147 0.3113486238532111
0.23456962025316463 0.24827522935779828
0.26226582278481003 0.20240366972477075
0.2939113924050632 0.16800000000000012
}
