version: 2
n_points: 55
{
0.13215748031496058 0.5793786407766989
0.07179527559055114 0.4564077669902912
0.04554330708661411 0.3075339805825241
0.07966929133858264 0.15543689320388343
0.1584094488188976 0.07452427184466004
0.26339370078740176 0.05187378640776685
0.36837795275590546 0.06805825242718433
0.43399999999999994 0.09718446601941744
0.5022362204724409 0.13925242718446595
0.5914803149606299 0.1877961165048545
0.6439685039370078 0.23310679611650476
0.696464566929134 0.2881165048543688
0.7489606299212598 0.3593203883495144
0.7962047244094488 0.44022330097087403
0.8434488188976378 0.5308349514563105
0.9116850393700787 0.6214563106796116
0.9589291338582676 0.7314854368932041
0.9641811023622049 0.8544660194174757
0.9221889763779527 0.9353689320388351
0.8618188976377954 0.958019417475728
0.40512598425196866 0.5696699029126212
0.31588976377952754 0.5437864077669902
0.21877165354330702 0.5211262135922329
0.15577952755905505 0.4790582524271847
0.1269133858267716 0.3949126213592231
0.13478740157480312 0.31400970873786427
0.1820314960629921 0.2233980582524271
0.22402362204724427 0.17485436893203876
0.32113385826771645 0.1716116504854368
0.38150393700787416 0.1942718446601941
0.47599212598425217 0.1942718446601941
0.5652283464566928 0.22015533980582513
0.664968503937008 0.31400970873786427
0.696464566929134 0.4208058252427187
0.7358346456692915 0.5405436893203882
0.39199999999999996 0.6991262135922329
0.45762204724409444 0.6829417475728157
0.5573543307086614 0.6829417475728157
0.5914803149606299 0.7509029126213594
0.6807165354330711 0.7865048543689319
0.6195905511811023 0.7272621359223302
0.5814881889763779 0.6740194174757279
0.6094251968503936 0.5925922330097085
0.6399055118110234 0.49550485436893177
0.6195905511811023 0.38275728155339783
0.5687874015748031 0.3107184466019419
0.5052834645669291 0.2981941747572816
0.4392440944881889 0.32951456310679617
0.39606299212598434 0.4266019417475728
0.345267716535433 0.5080291262135922
0.4443228346456691 0.20736893203883477
0.4011496062992128 0.21363106796116527
0.34780314960629916 0.21676699029126212
0.2944645669291338 0.20110679611650484
0.2538267716535432 0.1885825242718444
}
