version: 2
n_points: 55
{
0.04250961538461531 0.5362452830188681
0.03238942307692319 0.38729245283018865
0.024798076923077 0.24826415094339627
0.04503846153846151 0.13406603773584913
0.11588942307692317 0.049650943396226443
0.1993942307692307 0.049650943396226443
0.2930144230769231 0.08440566037735853
0.3841105769230768 0.10923584905660388
0.475201923076923 0.17378301886792447
0.5713557692307691 0.22840566037735854
0.6573894230769229 0.28301886792452824
0.7383605769230767 0.3624622641509434
0.814269230769231 0.4667358490566037
0.8421057692307693 0.5412075471698112
0.8572884615384617 0.5858962264150942
0.8851201923076923 0.660377358490566
0.9078942307692307 0.7298867924528302
0.9281394230769231 0.7894716981132075
0.9559711538461537 0.8589905660377358
0.9787451923076921 0.9533301886792452
0.4333365384615385 0.7019150943396225
0.3538221153846155 0.6075754716981131
0.2835576923076924 0.5059811320754716
0.21328846153846143 0.44792452830188667
0.1596682692307693 0.35358490566037726
0.11159134615384622 0.28464150943396227
0.09679807692307699 0.18666981132075477
0.18000480769230756 0.13587735849056592
0.24472596153846163 0.18666981132075477
0.3242355769230771 0.22658490566037737
0.3871057692307694 0.22658490566037737
0.4758653846153847 0.23747169811320745
0.5553750000000002 0.23747169811320745
0.6330384615384617 0.28464150943396227
0.7384375000000001 0.4624339622641509
0.4240913461538462 0.7599716981132074
0.46662019230769236 0.7200566037735848
0.5683221153846154 0.7164245283018869
0.6552259615384617 0.7853679245283018
0.7088509615384617 0.8107641509433959
0.6755673076923079 0.7454528301886792
0.6422836538461539 0.6474905660377357
0.6552259615384617 0.5350094339622643
0.6258750000000001 0.4550660377358491
0.5672788461538463 0.39315094339622647
0.5131923076923078 0.3872547169811321
0.46662019230769236 0.4255849056603773
0.421548076923077 0.4786509433962264
0.3854903846153847 0.5169716981132076
0.34792788461538476 0.5729905660377358
0.4080240384615386 0.2840754716981131
0.3389134615384617 0.2929150943396227
0.265298076923077 0.2693301886792454
0.18416826923076932 0.23984905660377365
0.1421009615384616 0.23100943396226414
}
