version: 2
n_points: 55
{
0.8315068493150684 0.6723536585365851
0.8972602739726028 0.5211341463414635
0.952054794520548 0.3747926829268293
0.9657534246575342 0.25771951219512174
0.9410958904109588 0.12601219512195155
0.858904109589041 0.08698780487804855
0.7712328767123289 0.06747560975609775
0.686301369863014 0.1162560975609758
0.587671232876712 0.1991829268292686
0.4726027397260274 0.23820731707317092
0.37671232876712324 0.286987804878049
0.28356164383561633 0.3260121951219513
0.20136986301369852 0.3894268292682926
0.13013698630136983 0.4821097560975612
0.07808219178082176 0.565036585365854
0.04246575342465786 0.638207317073171
0.03424657534246578 0.7504024390243904
0.03150684931506864 0.8089390243902442
0.03424657534246578 0.8674756097560974
0.05068493150684916 0.9455243902439027
0.5856849315068493 0.6484756097560977
0.6589041095890413 0.5643658536585369
0.7510136986301371 0.48026829268292687
0.8076986301369862 0.4340121951219512
0.8454863013698632 0.32887804878048804
0.850212328767123 0.2279512195121952
0.8124246575342469 0.15225609756097577
0.7321232876712328 0.1732804878048781
0.6423698630136983 0.2531829268292686
0.5573424657534244 0.2531829268292686
0.4770410958904111 0.26159756097561004
0.41800000000000015 0.3078536585365857
0.3613150684931503 0.3625121951219512
0.33060958904109594 0.4213902439024387
0.3069931506849317 0.4550365853658535
0.5597054794520546 0.6484756097560977
0.47940410958904145 0.6400609756097563
0.4227191780821917 0.6610853658536586
0.38039041095890436 0.7152317073170732
0.34530821917808197 0.7360487804878049
0.3536575342465754 0.6914268292682927
0.38540410958904114 0.6557439024390246
0.38540410958904114 0.5784024390243899
0.3987671232876714 0.5218902439024392
0.4538972602739726 0.49512195121951247
0.5040136986301371 0.46240243902438993
0.5407671232876712 0.4832195121951222
0.5942191780821916 0.5159390243902441
0.6309726027397258 0.5278414634146343
0.6376575342465751 0.5635365853658534
0.6677260273972607 0.26014634146341453
0.7145 0.26014634146341453
0.7646164383561644 0.25717073170731736
0.7996986301369862 0.25717073170731736
0.8197465753424658 0.25717073170731736
}
