version: 2
n_points: 55
{
0.2172457142857143 0.060153846153846224
0.13289142857142858 0.17005128205128217
0.059422857142857145 0.2738333333333335
0.03221142857142857 0.3959358974358975
0.05670285714285715 0.5607692307692309
0.11656571428571429 0.6584487179487181
0.16282857142857146 0.713397435897436
0.22813142857142857 0.7500256410256412
0.3070457142857143 0.8110769230769233
0.3696285714285714 0.8599102564102565
0.4512628571428572 0.9270641025641027
0.5519428571428572 0.9209615384615386
0.6471771428571429 0.8904358974358976
0.7342571428571428 0.8416025641025642
0.8349371428571429 0.7072820512820513
0.8948 0.6035000000000001
0.9410571428571429 0.481397435897436
0.9764285714285714 0.38371794871794884
0.9764285714285714 0.25551282051282065
0.9328914285714286 0.18835897435897442
0.47030857142857146 0.11510256410256425
0.3750685714285714 0.1334230769230771
0.27711428571428576 0.13952564102564113
0.2118057142857143 0.2005769230769232
0.14649714285714285 0.3043589743589745
0.09208000000000002 0.4203589743589745
0.14377714285714285 0.5607692307692309
0.2172457142857143 0.6096025641025642
0.29616000000000003 0.6706538461538463
0.37779428571428575 0.7622307692307693
0.4512628571428572 0.8354871794871795
0.5328914285714286 0.8477051282051283
0.6471771428571429 0.7683333333333334
0.7369771428571429 0.6889743589743591
0.8267714285714286 0.597397435897436
0.5220114285714286 0.1212051282051283
0.5818742857142857 0.18225641025641037
0.6553428571428571 0.17005128205128217
0.7016 0.11510256410256425
0.7614628571428571 0.1456282051282053
0.7260914285714286 0.33488461538461556
0.6526228571428572 0.43866666666666676
0.6308514285714286 0.627923076923077
0.5927600000000001 0.713397435897436
0.5111257142857143 0.6828717948717951
0.4485428571428572 0.621820512820513
0.40228 0.536346153846154
0.38595428571428575 0.4203589743589745
0.4077257142857143 0.2738333333333335
0.40228 0.1456282051282053
0.3669085714285715 0.6157179487179488
0.29616000000000003 0.5180384615384617
0.25534285714285715 0.45087179487179496
0.2145257142857143 0.4020384615384617
0.1873142857142857 0.37151282051282064
}
