version: 2
n_points: 55
{
0.09217045454545465 0.3339621212121212
0.04860984848484859 0.5082045454545454
0.020200757575757677 0.6521439393939394
0.03345833333333344 0.8225984848484849
0.08838257575757585 0.9172954545454546
0.1736098484848486 0.9551742424242424
0.24747348484848494 0.9551742424242424
0.31754924242424254 0.9172954545454546
0.3838371212121213 0.8680530303030303
0.4539128787878789 0.8036590909090909
0.5239886363636365 0.765780303030303
0.599746212121212 0.7279015151515151
0.6565643939393938 0.6900227272727273
0.7171704545454545 0.6369924242424243
0.7929280303030302 0.5650227272727273
0.8459583333333333 0.5195681818181819
0.9141401515151514 0.4665378787878788
0.9823219696969696 0.30365909090909093
0.9804280303030302 0.1332045454545454
0.9084583333333333 0.03471969696969701
0.4520189393939395 0.29608333333333337
0.3459583333333334 0.32638636363636364
0.2645189393939395 0.34532575757575756
0.19254924242424254 0.3832045454545454
0.14330681818181829 0.4665378787878788
0.08838257575757585 0.6369924242424243
0.09785227272727283 0.784719696969697
0.16224621212121224 0.8566893939393939
0.22853409090909102 0.9021439393939394
0.28156439393939403 0.8756287878787878
0.35921590909090917 0.8491136363636363
0.4198219696969698 0.8036590909090909
0.48610984848484856 0.7506287878787878
0.5713371212121211 0.7051742424242424
0.6679280303030302 0.6142651515151515
0.4955795454545456 0.2809318181818181
0.5656553030303031 0.2544166666666666
0.6262613636363635 0.20517424242424243
0.7077007575757575 0.11805303030303027
0.6872121212121212 0.19019696969696964
0.6906553030303029 0.2521818181818183
0.6407272727272729 0.32105303030303023
0.6045681818181818 0.4519090909090908
0.5770189393939393 0.5517651515151515
0.5167575757575756 0.5517651515151515
0.4409999999999999 0.5311060606060606
0.39795833333333325 0.4828939393939393
0.3738522727272727 0.4346893939393939
0.3635227272727274 0.4036969696969698
0.35835606060606057 0.3554848484848485
0.5029848484848485 0.717060606060606
0.3893484848484849 0.7411590909090908
0.30670454545454556 0.7377196969696969
0.20856439393939386 0.717060606060606
0.1310833333333333 0.6516287878787878
}
