version: 2
n_points: 55
{
0.2571572052401747 0.9493709677419353
0.15136244541484706 0.7708467741935482
0.06212663755458504 0.588516129032258
0.024152838427947625 0.4167016129032257
0.04124017467248916 0.28346774193548363
0.09060698689956342 0.17827419354838703
0.16085589519650662 0.10464516129032253
0.2576855895196506 0.06958064516129026
0.34881659388646297 0.04153225806451599
0.4665327510917031 0.055556451612903346
0.5557685589519651 0.12568548387096756
0.639305676855895 0.20983064516129035
0.720947598253275 0.26593548387096777
0.815877729257642 0.35709677419354824
0.8728340611353712 0.4272258064516129
0.9146026200873361 0.5499435483870967
0.9430829694323144 0.6551370967741937
0.9677641921397382 0.7533145161290322
0.9791572052401746 0.8690161290322579
0.9525764192139737 0.9636935483870966
0.367406113537118 0.7726693548387095
0.2800698689956333 0.7222661290322578
0.20365065502183416 0.6248225806451614
0.13996943231441047 0.5307338709677417
0.12177292576419224 0.40304838709677426
0.12177292576419224 0.2820806451612904
0.1854585152838429 0.2148709677419356
0.2964454148471617 0.18799193548387083
0.3983406113537119 0.16446774193548386
0.45838427947598265 0.16446774193548386
0.529344978165939 0.1846290322580646
0.5620960698689957 0.21151612903225814
0.6130393013100435 0.272
0.6366943231441048 0.32240322580645175
0.6803624454148471 0.37280645161290327
0.4165327510917032 0.789467741935484
0.4674803493449782 0.7525080645161288
0.5675545851528385 0.728983870967742
0.6403318777292575 0.8029112903225805
0.6858209606986899 0.8331532258064515
0.6749039301310044 0.728983870967742
0.6275982532751093 0.6046612903225808
0.5875676855895197 0.5139354838709678
0.5675545851528385 0.416483870967742
0.5056899563318777 0.392967741935484
0.44200873362445425 0.3896048387096773
0.394698689956332 0.43329032258064526
0.3655895196506551 0.4736129032258065
0.35467248908296956 0.5777741935483871
0.3510305676855896 0.6416209677419353
0.5384410480349345 0.2753548387096775
0.45656331877729256 0.24511290322580648
0.37104803493449795 0.24511290322580648
0.2749912663755459 0.3260483870967743
0.19819213973799138 0.3761048387096775
}
