version: 2
n_points: 55
{
0.244867132867133 0.9420000000000002
0.1677062937062937 0.8739342105263159
0.09053846153846155 0.7831973684210526
0.039902097902097824 0.5790263157894737
0.0495454545454546 0.4156842105263159
0.08330769230769239 0.28864473684210545
0.1532377622377623 0.18428947368421056
0.2328111888111888 0.10261842105263164
0.34614685314685334 0.07085526315789459
0.45706993006993 0.0663157894736841
0.5607622377622379 0.09807894736842115
0.6572167832167835 0.15252631578947384
0.7367902097902097 0.22965789473684217
0.7994895104895104 0.3430921052631577
0.8404825174825177 0.3657763157894738
0.900762237762238 0.42928947368421055
0.9514055944055944 0.5109605263157895
0.9706923076923079 0.656157894736842
0.9586363636363635 0.7378289473684209
0.9417552447552447 0.7968026315789473
0.4552377622377622 0.7130789473684209
0.3900769230769231 0.7609342105263156
0.30583916083916096 0.7818684210526315
0.2184265734265735 0.7908421052631581
0.16120979020979018 0.7669078947368421
0.10081818181818183 0.6801842105263156
0.07856643356643365 0.5635657894736841
0.11194405594405601 0.4080657894736843
0.16120979020979018 0.30040789473684204
0.25021678321678326 0.18976315789473674
0.3408041958041959 0.13892105263157883
0.444111888111888 0.11798684210526333
0.5410559440559439 0.165842105263158
0.6364195804195802 0.26452631578947394
0.6840979020979022 0.375171052631579
0.4758951048951049 0.8835394736842105
0.5235734265734264 0.7848552631578948
0.5903286713286712 0.7310263157894736
0.6554895104895105 0.7728947368421054
0.7111188811188811 0.7280394736842104
0.6682027972027972 0.6443026315789475
0.6157552447552448 0.5844999999999999
0.5982727272727273 0.4469342105263159
0.5617202797202798 0.4080657894736843
0.5045034965034966 0.4170263157894736
0.4584125874125874 0.44394736842105276
0.42186013986014004 0.50675
0.4011958041958041 0.5695394736842104
0.3789510489510489 0.6742105263157896
0.36782517482517474 0.7519605263157895
0.49179020979020993 0.1957368421052632
0.4266293706293705 0.1957368421052632
0.3392167832167831 0.23163157894736863
0.2613356643356642 0.29742105263157914
0.20253146853146844 0.3392763157894736
}
