version: 2
n_points: 55
{
0.8695652173913043 0.3291139240506329
0.9130434782608696 0.49367088607594933
0.9565217391304348 0.6075949367088608
0.9728260869565217 0.759493670886076
0.9456521739130435 0.8481012658227848
0.8804347826086957 0.9240506329113924
0.8097826086956521 0.9367088607594937
0.7282608695652174 0.9367088607594937
0.6304347826086957 0.9367088607594937
0.5326086956521738 0.9240506329113924
0.4347826086956522 0.8860759493670887
0.32608695652173914 0.8354430379746836
0.22282608695652173 0.7468354430379747
0.1467391304347826 0.6582278481012658
0.08152173913043481 0.5696202531645569
0.048913043478260865 0.45569620253164556
0.03260869565217395 0.31645569620253167
0.02717391304347827 0.22784810126582278
0.05434782608695654 0.1392405063291139
0.10869565217391308 0.06329113924050633
0.5760869565217391 0.30379746835443033
0.6413043478260869 0.379746835443038
0.7173913043478262 0.4683544303797469
0.7880434782608696 0.5569620253164558
0.8369565217391304 0.6582278481012658
0.8641304347826086 0.7341772151898734
0.8586956521739131 0.8481012658227848
0.8043478260869565 0.8860759493670887
0.7336956521739131 0.8734177215189873
0.6576086956521738 0.8607594936708861
0.5923913043478262 0.8607594936708861
0.5217391304347826 0.8607594936708861
0.4565217391304348 0.8481012658227848
0.38586956521739135 0.7974683544303798
0.3369565217391305 0.6962025316455696
0.5543478260869565 0.240506329113924
0.4836956521739131 0.30379746835443033
0.3967391304347826 0.31645569620253167
0.3369565217391305 0.240506329113924
0.2880434782608695 0.22784810126582278
0.3152173913043478 0.3417721518987342
0.34782608695652173 0.4177215189873418
0.3532608695652174 0.5443037974683544
0.38586956521739135 0.6708860759493671
0.45108695652173914 0.759493670886076
0.5163043478260869 0.7721518987341772
0.5869565217391304 0.7215189873417722
0.625 0.6582278481012658
0.6413043478260869 0.5443037974683544
0.6358695652173914 0.430379746835443
0.6304347826086957 0.8227848101265822
0.6847826086956521 0.7974683544303798
0.7391304347826086 0.7721518987341772
0.7934782608695652 0.7468354430379747
0.8369565217391304 0.7341772151898734
}
