version: 2
n_points: 55
{
0.3220243902439025 0.3150967741935484
0.3927317073170733 0.22393548387096776
0.5093658536585363 0.1327741935483871
0.661365853658537 0.08369354838709667
0.7532682926829265 0.10238709677419353
0.8310487804878051 0.16316129032258064
0.8628536585365856 0.2543225806451613
0.8487073170731707 0.35951612903225816
0.8345853658536583 0.446
0.7886341463414634 0.5371774193548389
0.7108536585365857 0.6213225806451611
0.6472439024390245 0.6914516129032259
0.580073170731707 0.7428709677419354
0.5235121951219512 0.7709193548387097
0.452829268292683 0.8153387096774192
0.3927317073170733 0.852741935483871
0.3503170731707317 0.8901451612903225
0.290219512195122 0.9205322580645162
0.1841707317073168 0.9158548387096772
0.10641463414634145 0.899483870967742
0.35385365853658557 0.4927580645161291
0.3609024390243901 0.41795161290322574
0.4033414634146343 0.3431612903225806
0.4563658536585369 0.28237096774193554
0.5659268292682927 0.23329032258064514
0.6507804878048777 0.1935483870967742
0.7744878048780486 0.18887096774193537
0.820439024390244 0.2706935483870968
0.8062926829268291 0.3548387096774194
0.7850975609756096 0.42964516129032265
0.7532682926829265 0.49509677419354836
0.7249999999999999 0.5465161290322579
0.6790487804878051 0.5932741935483868
0.6154146341463415 0.654048387096774
0.5305853658536583 0.7148225806451611
0.24780487804878037 0.5348387096774193
0.2831463414634149 0.600290322580645
0.265463414634146 0.6634032258064516
0.22304878048780508 0.6891129032258063
0.2548780487804875 0.707806451612903
0.3361707317073167 0.6774193548387096
0.4033414634146343 0.6283387096774192
0.4917073170731706 0.6353548387096773
0.580073170731707 0.6166451612903225
0.6224878048780486 0.5628870967741936
0.6224878048780486 0.4927580645161291
0.6118780487804876 0.43432258064516127
0.5518048780487803 0.40393548387096767
0.5129024390243901 0.38288709677419364
0.4492926829268291 0.35717741935483865
0.6719756097560973 0.5792419354838712
0.6896585365853661 0.5021129032258065
0.7037804878048778 0.42730645161290315
0.6790487804878051 0.3525000000000001
0.6790487804878051 0.2706935483870968
}
