version: 2
n_points: 55
{
0.3197379032258063 0.12714925373134336
0.4154395161290323 0.07158208955223898
0.5450483870967743 0.03071393034825866
0.6775362903225806 0.014723880597014882
0.8013870967741936 0.05026119402985057
0.879149193548387 0.10711940298507437
0.9425161290322581 0.18174626865671617
0.9741975806451613 0.272363184079602
0.9770766129032258 0.36298258706467684
0.9597943548387097 0.45359950248756215
0.9281129032258065 0.544218905472637
0.8561088709677421 0.6526044776119403
0.7524233870967743 0.7414477611940296
0.634334677419355 0.8054129353233832
0.46440322580645177 0.8729328358208958
0.38663709677419345 0.9084701492537312
0.2829516129032259 0.9333457711442784
0.18790725806451614 0.9635497512437811
0.10437903225806433 0.9777661691542286
0.017975806451612786 0.9884253731343283
0.4067983870967741 0.46426119402985083
0.38375806451612915 0.38963432835820905
0.412560483870968 0.2705870646766171
0.4500040322580645 0.20129104477611964
0.5536895161290325 0.137325870646766
0.7178588709677419 0.1391019900497515
0.8273064516129034 0.20306716417910456
0.8474677419354839 0.29546268656716435
0.8705080645161289 0.41806467661691515
0.8359475806451615 0.5246741293532341
0.781225806451613 0.6152910447761194
0.6832983870967742 0.6739278606965177
0.6055322580645162 0.7023557213930348
0.504725806451613 0.7361169154228858
0.40104032258064504 0.7485547263681595
0.2397499999999999 0.4447164179104479
0.25414919354838705 0.48380597014925375
0.2627903225806453 0.5868631840796023
0.11878225806451603 0.6899179104477612
0.11302016129032255 0.7236791044776122
0.25127016129032276 0.6988034825870649
0.3347943548387097 0.6312835820895524
0.4730443548387099 0.627728855721393
0.5565685483870968 0.6028532338308458
0.6199354838709679 0.5513258706467663
0.6256935483870969 0.4962437810945274
0.5997741935483872 0.4305024875621888
0.5565685483870968 0.3754203980099505
0.49032661290322577 0.34343781094527337
0.40104032258064504 0.32922139303482584
0.8330685483870968 0.45537810945273605
0.810024193548387 0.3718656716417911
0.755302419354839 0.2794701492537313
0.7236209677419354 0.21905970149253706
0.6746572580645164 0.16930845771144254
}
