version: 2
n_points: 55
{
0.2326172839506171 0.2968064516129032
0.2819999999999998 0.20218709677419355
0.3848888888888894 0.12906451612903222
0.5248024691358026 0.06454838709677417
0.7017530864197529 0.03444516129032257
0.8457901234567903 0.07745161290322577
0.9322098765432101 0.15487096774193546
0.9322098765432101 0.24519354838709675
0.9157530864197536 0.333367741935484
0.8745925925925924 0.43444516129032257
0.8005185185185183 0.5226129032258064
0.73879012345679 0.5914322580645163
0.6564938271604943 0.6709999999999999
0.5741851851851854 0.7419677419354839
0.45896296296296346 0.8107870967741937
0.38346913580246955 0.8543354838709679
0.30630864197530905 0.8966774193548388
0.22143209876543257 0.9329677419354839
0.14041975308642007 0.9490967741935484
0.0516790123456794 0.9692580645161292
0.24072839506172872 0.44506451612903236
0.3217407407407412 0.37248387096774205
0.3757530864197536 0.2757096774193549
0.46062962962963006 0.22127096774193564
0.5493703703703707 0.16078709677419353
0.6573950617283953 0.14869032258064513
0.8117160493827164 0.15474193548387105
0.8348641975308645 0.215225806451613
0.8194320987654324 0.30191612903225823
0.8194320987654324 0.37248387096774205
0.7962839506172843 0.4551419354838711
0.7229753086419757 0.5418387096774194
0.6843950617283955 0.5962709677419357
0.6188148148148152 0.6305483870967743
0.5416543209876545 0.6688516129032259
0.1751358024691363 0.515625806451613
0.18671604938271635 0.6164322580645163
0.1712839506172843 0.6809483870967744
0.11340740740740785 0.6990967741935484
0.10183950617283977 0.7454645161290324
0.1712839506172843 0.7132064516129034
0.2484444444444447 0.6426451612903227
0.3564691358024694 0.6124000000000002
0.49535802469135837 0.6144193548387098
0.6226666666666671 0.562
0.6805432098765435 0.49949677419354854
0.6959753086419755 0.4128064516129033
0.603382716049383 0.37852903225806467
0.5030740740740743 0.36845161290322587
0.38346913580246955 0.3563548387096775
0.757703703703704 0.4793354838709679
0.7808518518518521 0.4067548387096776
0.75383950617284 0.32006451612903236
0.7152592592592597 0.24949677419354854
0.6651111111111114 0.1910322580645162
}
