version: 2
n_points: 55
{
0.8495049504950495 0.12896825396825395
0.9247524752475248 0.2678571428571429
0.9782178217821782 0.4107142857142857
0.9900990099009901 0.5694444444444444
0.9643564356435643 0.7162698412698413
0.9148514851485149 0.8194444444444444
0.8455445544554455 0.8948412698412699
0.7722772277227723 0.9543650793650794
0.6772277227722772 0.9781746031746031
0.5881188118811882 0.9623015873015873
0.48514851485148514 0.9424603174603174
0.37425742574257426 0.9027777777777778
0.2613861386138614 0.8273809523809523
0.1841584158415842 0.7123015873015873
0.1188118811881188 0.6170634920634921
0.05940594059405946 0.498015873015873
0.017821782178217838 0.375
0.00990099009900991 0.23611111111111116
0.035643564356435675 0.11706349206349209
0.0752475247524752 0.017857142857142905
0.5247524752475248 0.20833333333333337
0.5900990099009902 0.1686507936507936
0.6792079207920791 0.18452380952380953
0.7683168316831683 0.24801587301587302
0.8415841584158416 0.3234126984126984
0.8752475247524752 0.4305555555555556
0.904950495049505 0.5615079365079365
0.8910891089108911 0.6964285714285714
0.8396039603960396 0.7638888888888888
0.7762376237623763 0.8115079365079365
0.6732673267326732 0.8472222222222222
0.5920792079207922 0.8472222222222222
0.499009900990099 0.8432539682539683
0.40792079207920795 0.7996031746031746
0.33069306930693065 0.6884920634920635
0.48118811881188117 0.125
0.41980198019801984 0.13690476190476186
0.36633663366336633 0.1527777777777778
0.31089108910891095 0.08531746031746035
0.25544554455445545 0.06944444444444442
0.27722772277227725 0.22023809523809523
0.38613861386138615 0.36309523809523814
0.4 0.4742063492063492
0.42970297029702975 0.5773809523809523
0.48514851485148514 0.5972222222222222
0.5425742574257426 0.5456349206349207
0.598019801980198 0.4742063492063492
0.6336633663366337 0.40674603174603174
0.6455445544554456 0.29166666666666663
0.6534653465346535 0.20833333333333337
0.5920792079207922 0.8075396825396826
0.6376237623762376 0.7638888888888888
0.7207920792079208 0.7440476190476191
0.7762376237623763 0.7321428571428572
0.8356435643564356 0.7123015873015873
}
