version: 2
n_points: 55
{
0.7250895522388062 0.21064516129032262
0.6332388059701496 0.13620161290322588
0.5184328358208957 0.0834758064516129
0.32898507462686527 0.04625000000000011
0.19947761194029864 0.08356451612903244
0.13616417910447748 0.15687903225806432
0.0954626865671644 0.2497419354838711
0.08640298507462668 0.3303870967741937
0.12259701492537312 0.41836290322580655
0.18138805970149283 0.4770161290322579
0.18138805970149283 0.5503306451612902
0.2040000000000001 0.6236451612903225
0.23565671641791025 0.6994032258064516
0.27637313432835814 0.7556129032258067
0.33968656716417933 0.8362580645161293
0.4256268656716417 0.8973467741935485
0.5477462686567166 0.9413387096774194
0.7060447761194031 0.9608870967741934
0.8326716417910446 0.9291209677419355
0.9367014925373136 0.8900161290322582
0.715089552238806 0.3768225806451613
0.6336716417910451 0.30839516129032246
0.5477462686567166 0.22286290322580637
0.47537313432835854 0.16909677419354854
0.38038805970149236 0.11289516129032277
0.25376119402985087 0.11533870967741952
0.18591044776119428 0.18865322580645139
0.15877611940298472 0.25218548387096784
0.15877611940298472 0.32794354838709694
0.18138805970149283 0.41103225806451626
0.2311343283582088 0.4672419354838709
0.2401791044776117 0.5258951612903227
0.25376119402985087 0.5869919354838707
0.30350746268656686 0.6627419354838711
0.39849253731343304 0.7165080645161289
0.7422238805970147 0.42325
0.6924776119402988 0.4843467741935486
0.6653283582089552 0.5478870967741934
0.7241343283582089 0.6334193548387096
0.7286567164179103 0.6945161290322581
0.6291492537313436 0.6945161290322581
0.5567910447761195 0.6505241935483873
0.4256268656716417 0.652967741935484
0.35777611940298515 0.599209677419355
0.34873134328358224 0.5185645161290324
0.3442089552238808 0.4501370967741936
0.4120597014925374 0.41103225806451626
0.47989552238806 0.38415322580645156
0.5567910447761195 0.3646048387096775
0.611059701492537 0.3474999999999998
0.2718507462686567 0.43303225806451634
0.27637313432835814 0.36216129032258076
0.29446268656716396 0.2912903225806452
0.31707462686567206 0.21797580645161288
0.3622985074626866 0.15443548387096756
}
