version: 2
n_points: 55
{
0.9105960264900662 0.36057692307692313
0.9437086092715232 0.47596153846153844
0.9701986754966887 0.6009615384615384
0.9834437086092715 0.75
0.9337748344370861 0.8557692307692308
0.8443708609271523 0.9423076923076923
0.7483443708609272 0.9759615384615384
0.6423841059602649 0.9711538461538461
0.5364238410596027 0.9278846153846154
0.4470198675496688 0.8701923076923077
0.3708609271523179 0.8076923076923077
0.2880794701986755 0.7259615384615384
0.20198675496688745 0.6298076923076923
0.13907284768211925 0.5336538461538461
0.08940397350993379 0.4423076923076923
0.052980132450331174 0.34615384615384615
0.023178807947019875 0.23557692307692313
0.01655629139072845 0.14903846153846156
0.023178807947019875 0.08653846153846156
0.0298013245033113 0.024038461538461564
0.609271523178808 0.3028846153846154
0.6754966887417219 0.3221153846153846
0.7682119205298014 0.3653846153846154
0.8245033112582781 0.45192307692307687
0.8741721854304636 0.5480769230769231
0.8841059602649006 0.6634615384615384
0.8576158940397351 0.7788461538461539
0.8013245033112583 0.8701923076923077
0.7251655629139073 0.8798076923076923
0.6324503311258278 0.875
0.5397350993377483 0.8317307692307692
0.4701986754966887 0.7740384615384616
0.3774834437086093 0.7115384615384616
0.3079470198675497 0.625
0.26821192052980136 0.5
0.6258278145695364 0.20673076923076927
0.5529801324503312 0.24038461538461542
0.4437086092715232 0.2451923076923077
0.4105960264900662 0.17788461538461542
0.3410596026490066 0.13942307692307687
0.3344370860927153 0.22115384615384615
0.3741721854304636 0.2932692307692307
0.36092715231788075 0.40865384615384615
0.3741721854304636 0.4951923076923077
0.45695364238410596 0.5240384615384616
0.5264900662251656 0.5096153846153846
0.5662251655629139 0.47596153846153844
0.609271523178808 0.45192307692307687
0.6423841059602649 0.4375
0.6721854304635762 0.3653846153846154
0.39072847682119205 0.6778846153846154
0.4933774834437086 0.75
0.5629139072847682 0.75
0.695364238410596 0.7451923076923077
0.814569536423841 0.6826923076923077
}
