version: 2
n_points: 55
{
0.3401239669421485 0.10488202247191002
0.47609090909090934 0.05594943820224689
0.646710743801653 0.03238764044943813
0.8146694214876032 0.07044943820224699
0.8973140495867767 0.13025280898876374
0.9532975206611569 0.21724157303370778
0.958628099173554 0.2987921348314604
0.9293057851239672 0.3875898876404494
0.8839834710743801 0.4600786516853933
0.8333305785123969 0.5343820224719101
0.7693471074380166 0.6195617977528092
0.7026942148760331 0.6811741573033709
0.6387107438016528 0.7446067415730335
0.561404958677686 0.7971573033707865
0.5027520661157028 0.8370280898876403
0.4627603305785126 0.8913988764044943
0.3721157024793389 0.9584494382022474
0.249487603305785 0.9747584269662919
0.10819008264462815 0.9385168539325845
0.03354545454545477 0.8497134831460675
0.40677685950413245 0.3622191011235956
0.39344628099173573 0.2716067415730337
0.4387685950413224 0.1809943820224718
0.561404958677686 0.12662921348314587
0.7000330578512397 0.12843820224719082
0.8200000000000003 0.15743258426966306
0.8839834710743801 0.2226741573033706
0.8866446280991735 0.29516853932584247
0.8466611570247936 0.39121348314606724
0.8013388429752065 0.4564550561797754
0.7746776859504132 0.49088764044943844
0.734685950413223 0.5343820224719101
0.7106942148760333 0.5688146067415731
0.686702479338843 0.5978146067415727
0.6520413223140495 0.6159325842696627
0.2521487603305784 0.4057134831460673
0.25481818181818205 0.4419606741573033
0.2388181818181817 0.5307584269662923
0.17750413223140504 0.5814999999999997
0.1535123966942148 0.64311797752809
0.2361570247933883 0.6195617977528092
0.33479338842975204 0.6123089887640448
0.43076859504132226 0.5615674157303367
0.5347438016528927 0.5579438202247189
0.6040578512396695 0.5307584269662923
0.6413801652892565 0.46914044943820193
0.6253884297520663 0.4093370786516852
0.569396694214876 0.3604044943820227
0.5107520661157023 0.3223483146067418
0.42543801652892566 0.29516853932584247
0.7853388429752067 0.44558426966292114
0.7853388429752067 0.39121348314606724
0.7933388429752068 0.33503370786516834
0.8013388429752065 0.264359550561798
0.8573223140495867 0.24623595505618
}
