version: 2
n_points: 55
{
0.9476097560975604 0.2821078431372549
0.9508292682926824 0.18149019607843137
0.9187317073170733 0.11441176470588237
0.8641707317073166 0.07054901960784314
0.761475609756098 0.05764705882352942
0.6587804878048779 0.06797058823529412
0.5560853658536591 0.09635294117647059
0.4565975609756101 0.14795098039215687
0.3860000000000005 0.2072941176470588
0.3057682926829266 0.2769509803921569
0.2319512195121949 0.351764705882353
0.15814634146341416 0.43691176470588233
0.10999999999999978 0.5143039215686275
0.07791463414634159 0.5968627450980392
0.06828048780487861 0.6923235294117648
0.08432926829268249 0.7723039215686275
0.10999999999999978 0.8239019607843137
0.1420975609756103 0.8987254901960785
0.2062804878048776 0.9322647058823529
0.2736707317073174 0.9554803921568628
0.6138536585365855 0.4807647058823529
0.7165487804878042 0.4136862745098039
0.8096219512195123 0.33887254901960784
0.8770121951219507 0.25631372549019604
0.8834268292682931 0.16858823529411765
0.7967804878048782 0.12989215686274508
0.7229634146341465 0.11699019607843138
0.6170609756097567 0.13504901960784313
0.5175731707317077 0.17116666666666666
0.44376829268292695 0.2279313725490196
0.3827926829268294 0.287264705882353
0.3218170731707318 0.3362843137254902
0.26084146341463427 0.3878921568627451
0.21912195121951172 0.46270588235294113
0.2126951219512199 0.5297843137254902
0.6427317073170725 0.5194705882352941
0.5560853658536591 0.5581666666666667
0.4951097560975615 0.607186274509804
0.46302439024390196 0.6974901960784314
0.4052560975609755 0.6949019607843137
0.3699512195121953 0.6587843137254902
0.3731585365853664 0.5942843137254903
0.31539024390243864 0.5426862745098039
0.29292682926829244 0.48334313725490197
0.33143902439024386 0.42658823529411766
0.3892073170731703 0.39820588235294113
0.472646341463414 0.3878921568627451
0.5496707317073168 0.3878921568627451
0.6138536585365855 0.4007843137254902
0.6587804878048779 0.4136862745098039
0.45018292682926786 0.287264705882353
0.5272073170731707 0.25372549019607843
0.6331097560975605 0.21760784313725492
0.7197560975609754 0.19697058823529412
0.8031951219512191 0.20470588235294115
}
